1 0.08306183460882209 0.043756602542354354 0.033624224823881096 0.051164025649724915
1 0.5175468150963806 0.4035078665309578 0.06393450908046551 0.10554498206781071
1 0.35039421806632703 0.7792697934970961 0.08728723517983525 0.1096931333559515
1 0.11828151778082045 0.864026438429351 0.013410904397479441 0.013798943593223308
1 0.6067129261568102 0.5436983306100339 0.05719027134965264 0.0919788436045324
0 0.5 0.5 1 1
1 0.5594570025509775 0.07377770241795462 0.0638957235483923 0.09887831540114403
1 0.4981781912050412 0.018576688401078442 0.07031028425658424 0.037153376802156884
1 0.3860364017704798 0.0948306357965242 0.08383754525028281 0.08957673079097897
1 0.03759640822394566 0.31199470383614963 0.07519281644789132 0.12267725899436736
1 0.9513466860270641 0.028849144110066678 0.05374058142010047 0.057698288220133356
1 0.7243794314868314 0.08134910878514956 0.08054299744902248 0.09612699489267314
1 0.9832427322487475 0.840486639485656 0.02381815248424649 0.0841481512881406
1 0.48007423742672456 0.829730093463169 0.023682403121990773 0.060814817954807456
1 0.4431942503336561 0.867677188344533 0.07711270028550643 0.07934392566103421