0 0.49833333333333335 0.49666666666666665 0.91 0.9933333333333333
1 0.905 0.7216666666666667 0.10333333333333333 0.17333333333333334
1 0.57 0.29833333333333334 0.035 0.058333333333333334
1 0.62 0.205 0.06666666666666667 0.055
1 0.565 0.08666666666666667 0.03166666666666667 0.041666666666666664
1 0.49 0.41 0.04666666666666667 0.065
1 0.7016666666666667 0.55 0.03666666666666667 0.07333333333333333
1 0.775 0.575 0.05333333333333334 0.06333333333333334
1 0.7366666666666667 0.4533333333333333 0.04 0.07
1 0.695 0.38166666666666665 0.05 0.05333333333333334
1 0.6766666666666666 0.27166666666666667 0.05333333333333334 0.06833333333333333
1 0.44 0.7266666666666667 0.05 0.03833333333333333
1 0.565 0.765 0.04666666666666667 0.065
1 0.5366666666666666 0.8816666666666667 0.051666666666666666 0.043333333333333335
1 0.6716666666666666 0.945 0.02666666666666667 0.07833333333333334
1 0.6966666666666667 0.7766666666666666 0.03666666666666667 0.056666666666666664
1 0.7633333333333333 0.8066666666666666 0.03166666666666667 0.043333333333333335
1 0.5683333333333334 0.5766666666666667 0.028333333333333332 0.051666666666666666
1 0.58 0.4816666666666667 0.02 0.03666666666666667
1 0.4 0.9083333333333333 0.09666666666666666 0.15
1 0.18 0.3883333333333333 0.11333333333333333 0.14333333333333334
1 0.275 0.275 0.05 0.06666666666666667
1 0.61 0.056666666666666664 0.03833333333333333 0.04833333333333333
1 0.5266666666666666 0.20333333333333334 0.06333333333333334 0.10666666666666667
1 0.6783333333333333 0.07 0.07333333333333333 0.09666666666666666
1 0.44 0.525 0.06333333333333334 0.18
1 0.41833333333333333 0.36833333333333335 0.07166666666666667 0.11833333333333333
1 0.135 0.53 0.05333333333333334 0.10333333333333333
0 0.14166666666666666 0.22833333333333333 0.19333333333333333 0.27
1 0.195 0.13666666666666666 0.018333333333333333 0.03166666666666667
1 0.21666666666666667 0.17666666666666667 0.02 0.043333333333333335
1 0.115 0.31 0.013333333333333334 0.02666666666666667
1 0.09166666666666666 0.19333333333333333 0.025 0.043333333333333335
1 0.10666666666666667 0.21 0.03166666666666667 0.043333333333333335
1 0.7933333333333333 0.45666666666666667 0.03 0.058333333333333334
1 0.715 0.325 0.04 0.043333333333333335
1 0.7416666666666667 0.38166666666666665 0.015 0.041666666666666664
1 0.755 0.325 0.023333333333333334 0.055
1 0.7683333333333333 0.345 0.025 0.065