1 0.24166666666666667 0.13833333333333334 0.08333333333333333 0.21666666666666667
1 0.45 0.155 0.15333333333333332 0.135
1 0.69 0.6016666666666667 0.06 0.09666666666666666
1 0.15 0.49333333333333335 0.06 0.11
1 0.06 0.35 0.04833333333333333 0.085
1 0.6266666666666667 0.12 0.051666666666666666 0.095
1 0.5783333333333334 0.5833333333333334 0.2833333333333333 0.295
1 0.105 0.74 0.06666666666666667 0.095
1 0.8 0.13666666666666666 0.085 0.10666666666666667
1 0.64 0.5183333333333333 0.06666666666666667 0.09666666666666666
1 0.09333333333333334 0.155 0.155 0.27
1 0.9366666666666666 0.17666666666666667 0.06666666666666667 0.09
1 0.19 0.40166666666666667 0.043333333333333335 0.07333333333333333
1 0.065 0.49 0.08666666666666667 0.135
1 0.17666666666666667 0.86 0.06833333333333333 0.11
1 0.23666666666666666 0.7333333333333333 0.051666666666666666 0.07333333333333333
1 0.175 0.7433333333333333 0.07666666666666666 0.11666666666666667
1 0.023333333333333334 0.46 0.04666666666666667 0.12666666666666668
1 0.04 0.25666666666666665 0.04833333333333333 0.07666666666666666
1 0.14166666666666666 0.4716666666666667 0.2833333333333333 0.9066666666666666
1 0.025 0.6783333333333333 0.05 0.16333333333333333
1 0.49333333333333335 0.15666666666666668 0.065 0.125
1 0.47333333333333333 0.49166666666666664 0.07166666666666667 0.10666666666666667
0 0.49666666666666665 0.49666666666666665 0.9933333333333333 0.9933333333333333