1 0.10795099532791017 0.6400360050662961 0.09944757424968813 0.11883902411318521
1 0.6329345189228087 0.9457619067903699 0.04560433710226505 0.04434192786207405
1 0.12600581335972685 0.962554704357185 0.0701605186188694 0.06821835055703711
1 0.7129391237755301 0.1814975631228142 0.05016051861886941 0.06775284538992593
1 0.4146011855894754 0.950843671531333 0.08068459641169985 0.0784511031405926
1 0.026566387457445332 0.706936817832 0.053132774914890664 0.07465226464014828
1 0.6161544604262162 0.4401038346524439 0.04998582602125926 0.0644195120565926
1 0.8900921308618147 0.39044738946585106 0.05401792974503299 0.0778304295844445
1 0.6567162755922592 0.20611103566570316 0.0426203889641522 0.050931010334222246
1 0.5951227812456569 0.1426239274588143 0.03630310749270582 0.057442508611851885
1 0.8157389899003019 0.5386657400228881 0.049287055630818866 0.05108617872325946
1 0.23401332489231172 0.6803823469106665 0.031921618573711515 0.03736492441733333
1 0.5235930698033878 0.3640204429601476 0.05717657048075637 0.07457468044562972
0 0.5 0.5 1 1