1 0.23666666666666666 0.3383333333333333 0.05333333333333334 0.09333333333333334
1 0.7333333333333333 0.6966666666666667 0.056666666666666664 0.09
1 0.8433333333333334 0.9066666666666666 0.058333333333333334 0.085
1 0.5016666666666667 0.36 0.02666666666666667 0.095
1 0.6433333333333333 0.88 0.05333333333333334 0.135
1 0.8033333333333333 0.25333333333333335 0.041666666666666664 0.03333333333333333
1 0.69 0.42333333333333334 0.051666666666666666 0.05333333333333334
1 0.6466666666666666 0.43833333333333335 0.051666666666666666 0.056666666666666664
1 0.67 0.43333333333333335 0.09666666666666666 0.07
1 0.6433333333333333 0.8466666666666667 0.051666666666666666 0.06666666666666667
0 0.47333333333333333 0.49666666666666665 0.9466666666666667 0.9933333333333333