0 0.5 0.5 1 1
1 0.5480595908437244 0.5666666666666667 0.036127878246198106 0.06
1 0.5434980234868836 0.755 0.014885858284924893 0.03333333333333333
1 0.175570955608589 0.44166666666666665 0.032018282437069084 0.043333333333333335
1 0.43212807587276925 0.5466666666666666 0.03612787824619829 0.06
0 0.2348176696957365 0.7833333333333333 0.41529696608576616 0.4
1 0.3637400928547997 0.9033333333333333 0.04341555489350166 0.07333333333333333
1 0.5434158019267155 0.6816666666666666 0.014575353294606732 0.02666666666666667
1 0.5585848403596405 0.9 0.021707777446750925 0.03666666666666667
1 0.5015254471424874 0.82 0.04279454491286477 0.06
1 0.4005163059239527 0.7983333333333333 0.04946121157953163 0.06
1 0.7565938827648896 0.6783333333333333 0.03597262575103912 0.056666666666666664
1 0.6267902460401329 0.7183333333333334 0.038995454094054104 0.05
1 0.1251966103084571 0.6483333333333333 0.06434706986445651 0.09333333333333334
1 0.41306878146890164 0.71 0.03597262575103912 0.056666666666666664
1 0.6270277200954602 0.795 0.05946121157953144 0.06
1 0.6519682280650215 0.4716666666666667 0.047369898207471506 0.08666666666666667
1 0.7070093388451056 0.5083333333333333 0.03977171656984998 0.06666666666666667
1 0.7012695918368053 0.45666666666666667 0.05643838323651664 0.06666666666666667
1 0.6558176202890937 0.6616666666666666 0.0289954540940541 0.05
1 0.6318221661950396 0.6116666666666667 0.04992696906500896 0.07
1 0.6435253483292017 0.5766666666666667 0.055817373255879946 0.05333333333333334
1 0.7705755509211777 0.5133333333333333 0.11210050399723741 0.11666666666666667
1 0.8678267121009856 0.5616666666666666 0.07752515070263068 0.09
1 0.3762192904315438 0.27666666666666667 0.044502322359615695 0.09666666666666666
1 0.20473979641494314 0.17333333333333334 0.07419181736929739 0.09
1 0.5507854531009732 0.16 0.13558908982572992 0.12
1 0.5560229271563005 0.23666666666666666 0.10357080738866065 0.07666666666666666
1 0.5488220673817542 0.36833333333333335 0.06054797904564566 0.08333333333333333
1 0.5287490364467632 0.43833333333333335 0.0289954540940541 0.05
1 0.4256074710760845 0.4066666666666667 0.06403656487413817 0.08666666666666667
1 0.4353015613983549 0.4716666666666667 0.06519636327524343 0.04
1 0.35678565072754415 0.6466666666666666 0.10969868563485893 0.13666666666666666
1 0.3843016108049976 0.5933333333333334 0.07830141317842655 0.10666666666666667
1 0.33888615472478156 0.7633333333333333 0.02868494910373575 0.043333333333333335
1 0.33585873106917785 0.6983333333333334 0.0873698982074715 0.08666666666666667
1 0.26083600153944836 0.9483333333333334 0.05217353493222826 0.04666666666666667
1 0.2340094870650339 0.8733333333333333 0.05930595908437245 0.056666666666666664
1 0.7375802944536946 0.95 0.05326030239834229 0.07
1 0.7807902954467756 0.84 0.033570807388660646 0.07666666666666666
1 0.7177674671037605 0.8466666666666667 0.06543383733057075 0.11666666666666667
1 0.8531875184965653 0.7483333333333333 0.0857443423208891 0.12333333333333334
1 0.8117126197925533 0.7166666666666667 0.046904140721993975 0.07666666666666666
1 0.8960870144993278 0.6316666666666667 0.07892242315906288 0.12
1 0.9028997430359764 0.49166666666666664 0.08527858483541156 0.11333333333333333
1 0.7214202490193757 0.3883333333333333 0.07690414072199397 0.07666666666666666
1 0.8062284810567212 0.42 0.18218272555740556 0.19
1 0.6859041901286368 0.19833333333333333 0.07396353393914733 0.15666666666666668
1 0.11145216917428258 0.2816666666666667 0.10341555489350157 0.07333333333333333
0 0.8741095958091292 0.27666666666666667 0.2517808083817416 0.4866666666666667