1 0.18325070822775585 0.38777205433074824 0.037190318614513176 0.03021332042640173
1 0.19740326147680298 0.7228884109269673 0.040698202597128745 0.04023271319243804
1 0.519618021647133 0.3113876939840849 0.05069820259712856 0.040290891490547744
1 0.3462471610404332 0.21703624043383438 0.04379880173141913 0.0269187726251414
1 0.2954456770613327 0.7401271641917112 0.07426427012950493 0.05375997418613679
1 0.2721283497853301 0.261609599581031 0.030407284848325087 0.023507868227662054
1 0.9616919731621245 0.29062390215059014 0.06753941991307784 0.050387855320730354
1 0.2752711264120505 0.7500108075954921 0.03707395151499175 0.02354665375973506
1 0.4456240129900372 0.4443040828476331 0.09748123636331683 0.04722905688172564
1 0.02961802164713291 0.3085369573767168 0.030407284848325073 0.023507868227662054
1 0.4681474268457841 0.8728119510752951 0.08461337142806921 0.07381815248424611
1 0.4422080545511265 0.8309901422803363 0.04408971948022289 0.04358543929180807
1 0.3925731619070215 0.33231743554136384 0.043856985281179844 0.030252105958474735
1 0.3150177359366132 0.8602532171709487 0.05052365194784651 0.03029089149054774
1 0.03326292900566424 0.4568799870930684 0.06652585801132847 0.13375997418613678
1 0.0984627861504044 0.4706205685131686 0.057306685714034654 0.03699634368928741
1 0.8347015116923516 0.5949160661902573 0.07087275324641079 0.05040724808676676
1 0.32559957143422047 0.8269780621357249 0.03707395151499175 0.02354665375973506
1 0.8502045073638038 0.6616796966871065 0.05069820259712856 0.040290891490547744
0 0.49950543982703377 0.521242248238811 0.9990108796540675 0.9291511631442887
1 0.4052420346371701 0.752433792137583 0.08426427012950494 0.0538181524842463
1 0.25303484502568496 0.5915320285168849 0.08098912034593231 0.057132093051543126
1 0.8016919731621247 0.28969304938083734 0.08157095584353972 0.09046542638487647
1 0.6156362337679456 0.25360705448279236 0.07162913939330035 0.0937405814201002
1 0.3774399238105281 0.14887744199482972 0.0809309367961716 0.05379875971820979
1 0.5523366424285562 0.6332773774601715 0.08110548744545364 0.0637987597182098
1 0.6736457722981726 0.5589755170374862 0.07806307186092416 0.08044603361883995
1 0.6448094432933871 0.49213431547649084 0.13443882077878697 0.06410904397479404
1 0.5296311073646826 0.7881610208639523 0.06087275324641079 0.05034906978865744
1 0.9245147402651611 0.7971257303059465 0.06139640519425749 0.08034906978865744
1 0.8943148831204208 0.521922106262563 0.0809891203459324 0.057132093051543126
1 0.931496766236448 0.39712573030594644 0.12513702337591592 0.10405086567668453