1 0.6598394844016431 0.47619698236243846 0.08899442892574787 0.08454200753786362
1 0.9068556367025352 0.1310789856797912 0.057733557702079 0.03963644082603897
1 0.3033667979232332 0.5015557569733897 0.0851761451217726 0.06770064827358661
1 0.7907224155535748 0.15552655992947934 0.0914548514119258 0.054716700135473674
1 0.900827220409411 0.44019843570237016 0.05812151807859247 0.052969774159372304
1 0.518828903175003 0.7356374696227561 0.09517614512177261 0.06822472606641705
1 0.37389242867923145 0.22911714759621826 0.0580245279844641 0.04963644082603897
1 0.698019517832076 0.1820846193292298 0.06449721446287413 0.043319159354592594
1 0.7724660317048174 0.8475355248019959 0.08537012531002953 0.07436731494025328
1 0.19682497672195523 0.10986782933861203 0.04410925408636047 0.028937670435598476
1 0.4399749492380595 0.8365841049308712 0.033818283803975266 0.018413592642768133
1 0.560332249633993 0.7852078251181013 0.04410925408636047 0.028937670435598573
1 0.8582134980203328 0.18036604131060993 0.06106689103541233 0.039811133423649114
1 0.6937319130808746 0.7231327749148907 0.06841248836097767 0.06349385195220274
1 0.5151482897505123 0.4370420973930076 0.01362430361571853 0.010698770390440586
1 0.6262586656806007 0.6415392805682884 0.10585507578067146 0.09208213719258083
1 0.9577107124832067 0.2152126096811109 0.05096990094128387 0.03595372229748534
1 0.6240507387345201 0.3361898953730681 0.08440022436874567 0.04103398160692014
1 0.5811488506723763 0.5253896047050817 0.07792753789033573 0.047351263078366325
1 0.7739894187733599 0.2114873692163351 0.04135786131779734 0.04876297783798833
1 0.6262686859853769 0.2976818694421246 0.03753957751382207 0.031921618573711515
1 0.2333004678096849 0.5603116478220077 0.10164883160018254 0.06190744459497068
1 0.6290150686015519 0.44943588240759635 0.033818283803975266 0.018413592642768133
1 0.5515111612206979 0.30994578622168606 0.07135786131779734 0.050335211216479554
1 0.6235172932168139 0.3178565620397347 0.09556410549828608 0.08155805939975048
1 0.4482112924772645 0.8328140401035126 0.06077592075302713 0.029811133423649303
1 0.6350334645898998 0.4841738435111811 0.0271516171373086 0.018064207447547838
1 0.6690842033244199 0.8512843286612435 0.06420624418048874 0.03331915935459259
1 0.27325698291500883 0.38461996442093754 0.10469119465113076 0.052082137192580924
1 0.9005362501270259 0.43019843570237015 0.04744258741969361 0.02911236303320853
1 0.6147959995069671 0.30495996020042676 0.06449721446287393 0.043319159354592594
1 0.6457737152099589 0.6238244583159608 0.16025530014941713 0.13154388542100984
1 0.6987319130808746 0.7228707360184755 0.05096990094128387 0.03595372229748553
0 0.5 0.5 1 1