1 0.2916666666666667 0.49666666666666665 0.02666666666666667 0.056666666666666664
1 0.46166666666666667 0.6416666666666667 0.02666666666666667 0.05333333333333334
1 0.5033333333333333 0.29333333333333333 0.04833333333333333 0.10666666666666667
1 0.26 0.525 0.023333333333333334 0.03
1 0.5583333333333333 0.6316666666666667 0.04 0.06333333333333334
1 0.6833333333333333 0.7066666666666667 0.05333333333333334 0.08
1 0.63 0.6683333333333333 0.028333333333333332 0.056666666666666664
1 0.7716666666666666 0.33166666666666667 0.175 0.30833333333333335
1 0.7483333333333333 0.4083333333333333 0.05 0.06666666666666667
1 0.6616666666666666 0.635 0.023333333333333334 0.03
1 0.7566666666666667 0.49333333333333335 0.055 0.055
1 0.5266666666666666 0.7733333333333333 0.023333333333333334 0.056666666666666664
1 0.5066666666666667 0.31333333333333335 0.035 0.056666666666666664
1 0.5133333333333333 0.6116666666666667 0.025 0.056666666666666664
0 0.5 0.49833333333333335 0.7983333333333333 0.9933333333333333