0 0.5 0.5 1 1
1 0.8114576560212456 0.5176033892637041 0.12889743883161942 0.07814056677275062
1 0.3887419333856508 0.41938291347335516 0.07821850817272075 0.05422543076596317
1 0.1041962238757126 0.3744193649904479 0.08164883160018256 0.05759755094419347
1 0.21171796632305065 0.46230781727136844 0.10566109559241464 0.08120239219180538
1 0.714803814268675 0.6314397839167957 0.12604905596892801 0.09476844659452051
1 0.29626868598537687 0.3333356686611376 0.10841248836097767 0.06124117903670234
1 0.6325195369042699 0.7237840527052568 0.09870345864336287 0.07112481850201145
1 0.8191733786568404 0.610994902864383 0.09527313521590107 0.06775269832378134
1 0.06383391332739106 0.5905430158285573 0.061260871223669015 0.044031496541478345
1 0.7101048048558363 0.29816463085080774 0.07821850817272093 0.05422543076596317
1 0.4474888769236897 0.6633174429025913 0.16329766320036507 0.11519510188838694
1 0.7339894187733599 0.26012219885420157 0.1420367919766962 0.07162904748567181
1 0.3628946723666873 0.6190144384468342 0.10850947845510595 0.06457451237003568
1 0.1921265663753681 0.8769393422448476 0.0786064685492344 0.06755876409929669
1 0.4572898865830448 0.8283756231699367 0.19663099653369842 0.11558297033735641
1 0.8157737152099588 0.6659367225970374 0.05831549826684939 0.0573260430299149
1 0.187764217682659 0.09715266989178066 0.061454851411925804 0.050698163208145054
1 0.8858707053040871 0.6700845796732067 0.06498216493351568 0.057403616719708644
1 0.37320347771555656 0.5724835257373068 0.05792753789033573 0.04399270969658157
1 0.9487190881667785 0.6541548630595821 0.0700613199611602 0.11744240356460561
1 0.917021761519532 0.5954724481221763 0.06126087122366926 0.044031496541478345
1 0.4704342498805094 0.6502556174835366 0.11203679197669619 0.07127996588159931
1 0.4543495237786131 0.6700616832590519 0.09546711540415781 0.074419364990448
1 0.4312586656806008 0.6781235086781064 0.12880044873749114 0.07480723343941728
1 0.39968898910806244 0.6810883669849188 0.07126087122366907 0.04414785707616924
1 0.9663860162221835 0.4544845512412061 0.06722796755563308 0.12418664392106621