1 0.6966666666666667 0.3333333333333333 0.051666666666666666 0.075
1 0.47333333333333333 0.5983333333333334 0.04 0.056666666666666664
1 0.43666666666666665 0.5066666666666667 0.043333333333333335 0.055
1 0.7 0.14166666666666666 0.04833333333333333 0.08666666666666667
1 0.46 0.7766666666666666 0.04833333333333333 0.075
1 0.5 0.375 0.03166666666666667 0.055
1 0.2916666666666667 0.615 0.07 0.16
1 0.85 0.6616666666666666 0.041666666666666664 0.06333333333333334
1 0.5266666666666666 0.66 0.043333333333333335 0.07
1 0.42833333333333334 0.265 0.05333333333333334 0.07
1 0.5033333333333333 0.5216666666666666 0.04 0.056666666666666664
1 0.21166666666666667 0.43333333333333335 0.04666666666666667 0.06333333333333334
1 0.3566666666666667 0.22833333333333333 0.043333333333333335 0.06333333333333334
1 0.575 0.8266666666666667 0.10333333333333333 0.24333333333333335
1 0.6 0.7233333333333334 0.041666666666666664 0.06333333333333334
1 0.57 0.31833333333333336 0.035 0.056666666666666664
1 0.585 0.14666666666666667 0.03333333333333333 0.056666666666666664
1 0.3516666666666667 0.4216666666666667 0.05 0.056666666666666664
1 0.30333333333333334 0.6366666666666667 0.04833333333333333 0.115
1 0.835 0.29833333333333334 0.05 0.05333333333333334
1 0.15333333333333332 0.18333333333333332 0.051666666666666666 0.08
1 0.31 0.3566666666666667 0.035 0.05333333333333334
0 0.51 0.49666666666666665 0.8533333333333334 0.9933333333333333
1 0.36333333333333334 0.725 0.055 0.07333333333333333
1 0.3516666666666667 0.8183333333333334 0.06666666666666667 0.10666666666666667
1 0.4 0.9116666666666666 0.04833333333333333 0.075
1 0.295 0.8533333333333334 0.021666666666666667 0.06333333333333334
1 0.14166666666666666 0.515 0.045 0.075
1 0.88 0.45166666666666666 0.06333333333333334 0.08166666666666667
1 0.9016666666666666 0.3933333333333333 0.041666666666666664 0.08333333333333333
1 0.9133333333333333 0.525 0.043333333333333335 0.075
1 0.8983333333333333 0.6983333333333334 0.03166666666666667 0.06333333333333334
1 0.655 0.03 0.07166666666666667 0.06
1 0.3016666666666667 0.12666666666666668 0.08 0.09833333333333333
1 0.21333333333333335 0.095 0.06333333333333334 0.08166666666666667
1 0.22 0.021666666666666667 0.06333333333333334 0.043333333333333335
1 0.385 0.02 0.03666666666666667 0.04
1 0.425 0.165 0.03 0.07333333333333333
1 0.5683333333333334 0.5716666666666667 0.055 0.10833333333333334
1 0.5816666666666667 0.515 0.03333333333333333 0.05
1 0.615 0.495 0.043333333333333335 0.08666666666666667
1 0.6566666666666666 0.665 0.05333333333333334 0.07
1 0.6133333333333333 0.6283333333333333 0.023333333333333334 0.06666666666666667
1 0.6516666666666666 0.6183333333333333 0.03833333333333333 0.041666666666666664
1 0.7033333333333334 0.79 0.03833333333333333 0.1