0 0.5006112031634661 0.4129089149054777 0.9987775936730677 0.7658178298109554
1 0.5216496516699473 0.24797678958660546 0.10217316680343515 0.053915116314428815
1 0.5291482708846216 0.023073753416788075 0.08496320843590979 0.04048481915091295
1 0.378896401601563 0.22048593036338682 0.08870401054488715 0.05050421191694947
1 0.26305034415175765 0.15815990965147855 0.08897565639531659 0.057170878583616136
1 0.2000876880299782 0.20778175071376645 0.09496320843590975 0.040542997449022525
1 0.09477357894988539 0.3221417894345614 0.14142046904918124 0.11746177007416388
1 0.0578777296624527 0.19362422482388109 0.10325975020515285 0.08058178298109553
1 0.09403789619235081 0.1405139082999677 0.04856818761967249 0.046938165391177906
1 0.30908879265823874 0.38837323007788027 0.07312392727993815 0.07707391475343352
1 0.47830497500546765 0.41101923142939106 0.07537067721155381 0.050426640852803455
1 0.5135143810588628 0.33457558157214434 0.16577814598719803 0.06095024553578943
1 0.6834210213633115 0.21059370178906153 0.12951894809617537 0.07073692510938766
1 0.6343293186101511 0.35527372114945893 0.13271645850429403 0.06742298454209086
1 0.7844085734039047 0.19451851448650867 0.08951894809617537 0.07050421191694947
1 0.8855630682682296 0.22343363080093753 0.09312392727993825 0.07719027134965263
1 0.7248103705139757 0.28581671859848146 0.1732597502051529 0.08098903106786243
1 0.6110214335097616 0.4784422159714819 0.09979059394660492 0.07722905688172564
1 0.7008544906860299 0.43397551703748616 0.09992641687181958 0.08056239021505898
1 0.4580276574894651 0.48588348206713544 0.18713637523934495 0.09439993546534178
1 0.05907177766151933 0.6318605943270319 0.052308989728649946 0.05695755815721441
1 0.0727871315375528 0.5186339212068993 0.0885681876196725 0.047170878583616134
1 0.2656026214029713 0.6297296124879626 0.06870401054488715 0.050387855320730444
1 0.19023194419141742 0.5793029716351593 0.08788907299359897 0.030504211916949468
1 0.30129307936019106 0.48330535539675246 0.11897565639531658 0.057345413477944855
1 0.12081769912193963 0.47059147936411383 0.07509903136112446 0.04375997418613679
1 0.30601576184418855 0.5583150517797707 0.09897565639531658 0.057229056881725644
1 0.42318892864762375 0.612317435541364 0.06591396891241269 0.06370179588802709
1 0.4262449444649546 0.6873174355413639 0.06203734387822048 0.05034906978865744
1 0.3118561476284207 0.701648385113104 0.05523485428633914 0.04697695092325091
1 0.2335228142950874 0.7011926551112458 0.0784323646944578 0.043779366952173104
1 0.6564118872886864 0.7336458400148654 0.09271645850429404 0.06719027134965264
1 0.6651951526273272 0.6220567444123447 0.09645726061327158 0.07720966411568914
1 0.7813496474916521 0.651059128173938 0.11911147932053116 0.06067874681127819
1 0.733774683578146 0.5058167185984814 0.07911147932053117 0.06044603361883977
1 0.850712996095242 0.5131621320764262 0.0689756563953165 0.05705452198739711
1 0.9396943241561317 0.48868573675941224 0.08441991673505073 0.027151485817579632
1 0.8756507562982078 0.4299936372544033 0.08618561476284223 0.07048481915091297
1 0.9691156959386437 0.5189087535688323 0.061768608122712676 0.05046542638487646
1 0.9663977823868887 0.44885057527072264 0.05455573966026577 0.030310284256584243
1 0.9111318082020324 0.3602166540638233 0.12564232306198317 0.05738419901001786
1 0.7525268290182697 0.35262883101042203 0.10911147932053117 0.060620568513168584