1 0.27650174366925884 0.5016223005074812 0.1324826942245927 0.10969245025288898
1 0.7934801406294811 0.4046355424543697 0.07798559797348162 0.058451103140592695
1 0.5923883878442957 0.7424687590697772 0.16930452928029638 0.11721254305925943
1 0.4735895493438512 0.7652229979751848 0.08860627152962972 0.08535052239081495
1 0.21723321945525864 0.7578636476197776 0.04077584194518522 0.03426434366755567
1 0.593754472341259 0.2543681783199995 0.03387642269496306 0.024109175278518555
1 0.6176295015207405 0.30211963019444393 0.03046550516711117 0.020698257750666662
1 0.48274587781251826 0.300261790072444 0.03069825775066666 0.03069825775066666
1 0.49573565633244443 0.028439955016740324 0.03046550516711117 0.020698257750666683
1 0.1674257864260734 0.8223219517736294 0.04085342613970373 0.03759767700088901
1 0.1537862968611106 0.6210819981768148 0.04736492441733337 0.031086178723259462
1 0.6240246235065923 0.31363112847207353 0.027054587639259275 0.01728734022281477
0 0.5 0.49666666666666665 1 0.9933333333333333