1 0.585 0.6438369233751802 0.21666666666666667 0.18882849013895567
1 0.3466666666666667 0.35745891755566234 0.20333333333333334 0.14495186510476354
1 0.20666666666666667 0.7000876880299782 0.06333333333333334 0.04591396891241269
1 0.5716666666666667 0.4566269650076547 0.05 0.038704010544887146
1 0.5633333333333334 0.5029540743612846 0.03 0.027889072993598916
1 0.43833333333333335 0.22119404799906667 0.11333333333333333 0.08461797945729983
1 0.4766666666666667 0.8727560116390358 0.03 0.02122240632693244
1 0.11833333333333333 0.5514883805117886 0.02666666666666667 0.01775325006838424
1 0.12166666666666667 0.8732908701036699 0.17 0.15692696918594987
1 0.3983333333333333 0.1195641728964902 0.056666666666666664 0.048975656395316584
1 0.4483333333333333 0.23493485010804405 0.16333333333333333 0.15998865666885376
1 0.47333333333333333 0.29595352204715436 0.03666666666666667 0.02482738551069512
1 0.6283333333333333 0.16060262140297132 0.03 0.021222406326932345
1 0.49 0.2682993033398945 0.05 0.03203734387822048
1 0.4116666666666667 0.17677413126401564 0.04666666666666667 0.03856818761967247
1 0.66 0.751892939192511 0.03666666666666667 0.02482738551069512
0 0.5 0.5 1 1