1 0.7266666666666667 0.36666666666666664 0.04833333333333333 0.03666666666666667
1 0.3933333333333333 0.32166666666666666 0.018333333333333333 0.03666666666666667
1 0.535 0.37 0.016666666666666666 0.03
1 0.65 0.6466666666666666 0.03833333333333333 0.06333333333333334
1 0.425 0.5566666666666666 0.02666666666666667 0.035
1 0.27 0.39 0.025 0.025
1 0.5133333333333333 0.6966666666666667 0.03833333333333333 0.05
1 0.3566666666666667 0.14666666666666667 0.025 0.035
1 0.5033333333333333 0.375 0.013333333333333334 0.03
1 0.3983333333333333 0.3566666666666667 0.013333333333333334 0.02666666666666667
1 0.18333333333333332 0.51 0.025 0.03
1 0.20166666666666666 0.61 0.013333333333333334 0.035
1 0.5916666666666667 0.18666666666666668 0.06666666666666667 0.11833333333333333
1 0.5733333333333334 0.18166666666666667 0.013333333333333334 0.023333333333333334
1 0.35333333333333333 0.30333333333333334 0.015 0.025
1 0.31 0.6666666666666666 0.015 0.03
1 0.195 0.47333333333333333 0.03 0.03666666666666667
1 0.36833333333333335 0.35333333333333333 0.016666666666666666 0.035
1 0.66 0.44666666666666666 0.07 0.08333333333333333
1 0.6533333333333333 0.37333333333333335 0.045 0.05
1 0.5066666666666667 0.69 0.02 0.035
1 0.2 0.5666666666666667 0.02 0.03333333333333333
1 0.7583333333333333 0.5233333333333333 0.02666666666666667 0.043333333333333335
0 0.48 0.49833333333333335 0.815 0.9933333333333333
1 0.6566666666666666 0.5433333333333333 0.07333333333333333 0.11833333333333333
1 0.6983333333333334 0.6616666666666666 0.11 0.18333333333333332
1 0.8066666666666666 0.6866666666666666 0.07833333333333334 0.13166666666666665
1 0.755 0.815 0.09666666666666666 0.10666666666666667
1 0.5816666666666667 0.9066666666666666 0.15833333333333333 0.18