1 0.24259308271327445 0.14430558268229365 0.09261873254146641 0.09157095584353958
1 0.7845022246152621 0.1454270761850782 0.03850947845510594 0.06397335238070131
1 0.40032884595842166 0.7406935523780651 0.031454851411925805 0.05052365194784651
1 0.6214698818690901 0.4760839662294182 0.03449721446287394 0.04058183549760732
1 0.2907246210966431 0.4386280363615593 0.0343032342746172 0.03391516883094065
1 0.7410284162931242 0.3214246320294965 0.03821850817272093 0.05397335238070127
1 0.3590323046017844 0.6699371662311756 0.0380245279844641 0.0473066857140346
1 0.5278684234722438 0.7129045272689727 0.03126087122366888 0.043856985281179844
1 0.22427477983710542 0.6592473991325329 0.0686064685492344 0.0678303376618813
1 0.394190614657073 0.5504899099539025 0.08300669291798006 0.10472973852759082
1 0.3159721064843522 0.6024850216427391 0.027539577513822168 0.030465468398085706
1 0.6978277431868876 0.4307264294323678 0.027442587419693798 0.027132135064752372
1 0.46894032466004415 0.8469444986979205 0.03478818474525913 0.05058183549760732
0 0.48 0.5 0.96 1