0 0.5 0.5 1 1
1 0.5671356117971365 0.45365716913936693 0.36298658705706505 0.2671415968325323
1 0.5013257587099091 0.9590757894964606 0.047287256185017744 0.054691194651130676
1 0.6431417344366528 0.25137790192734977 0.02375998862719977 0.03734559732556533
1 0.27320458535960684 0.8406711158971908 0.09116360534690851 0.1026187325414664
1 0.30151852527049167 0.8381800334304329 0.027093321960533105 0.0374425874196938
1 0.6874435712285079 0.19006853565661658 0.03038786844896947 0.034206244180488836
1 0.15283377500528153 0.525732435858351 0.030465442138763402 0.04087291084715541
1 0.8097366657330363 0.9567708724562514 0.043798775472096735 0.041260871223669254
1 0.3671585082112913 0.8912887265949293 0.037209682495224 0.047733557702078995
1 0.05368591792911227 0.45859364363513844 0.098683582601308 0.17614604606305648
1 0.45354782864416865 0.14852450891227031 0.030620589518351077 0.05420624418048883
1 0.34498761256096433 0.8485858288734304 0.037248469340120875 0.05106689103541233
1 0.7558944327604341 0.3414620671073822 0.016976961425842395 0.0271516171373086
1 0.31004579282830974 0.8546042248617786 0.17496238081900514 0.14504348489467625
1 0.4617865301930639 0.4267123571044111 0.15224963700402308 0.19769788756911075
1 0.29926538527476226 0.21470121495590694 0.05453572552513871 0.1048851748393875
1 0.3552397270527945 0.8699615252577121 0.07438057814555103 0.09213378207082466
1 0.3804142678548308 0.884234099551749 0.3424435712285078 0.2198929896010956
1 0.6494205326543501 0.21785058840575972 0.11817935361764777 0.13339465329449354
1 0.6606217571822534 0.17751112307631037 0.013604841247611906 0.0237212937098469
1 0.2713633778909039 0.825719610944255 0.01693817458094524 0.023818283803975267
1 0.28684821345211575 0.8669498221873441 0.013604841247612 0.023721293709847182
1 0.2547354980691342 0.8295378947482303 0.03050422898366037 0.04420624418048874
1 0.8132057530235091 0.9683405490287896 0.023527267557817973 0.017345597325565145
1 0.34002639940586127 0.8520646473479564 0.023721201782302803 0.034012263992232006
1 0.5668993877360484 0.011998317234408123 0.03379877547209673 0.023996634468816246
1 0.3208991034160426 0.9276465879127268 0.023915136006787633 0.05067893065889848
1 0.28498761256096433 0.8503316505677415 0.06089209743262984 0.07841248836097767
1 0.2717318529174249 0.8573862776109218 0.02713210880543007 0.04077592075302694
1 0.24812701166981288 0.834731874936487 0.01693817458094524 0.023818283803975267