1 0.3669913264094143 0.3698498909065346 0.037481236363316836 0.0473066857140346
1 0.636339086584138 0.6029542753202474 0.11606796017208731 0.1586449073585313
1 0.4618796095289564 0.75995782250757 0.28137953419728545 0.27482923463014025
1 0.419739038965718 0.6908681030273472 0.04426427012950493 0.05408971948022289
1 0.5021743125571825 0.4572354164467242 0.0577721541121205 0.06432245367926574
1 0.4824108320356478 0.15679903982351887 0.14494560172966164 0.2857770424232838
1 0.5336702138539894 0.18103421817814344 0.04426427012950493 0.054089719480222745
1 0.6284543506519185 0.38608396622941815 0.1514377177470461 0.2758934095228053
1 0.6373986112577393 0.35122942510382 0.06467155497783002 0.0777721541121205
1 0.5804663333377271 0.6519942467491954 0.08215279134114685 0.12472973852759082
1 0.664177859744505 0.6317821688265468 0.05128003809473588 0.07420608657974412
1 0.5852496051960149 0.18693606319943468 0.04783033766188112 0.0674812363633168
1 0.454801007794901 0.40139175497519375 0.05461337142806921 0.07426427012950493
1 0.5659102805197773 0.05322453679265663 0.11484610562711206 0.08864490735853132
1 0.5614423679661097 0.1181663532428959 0.05104730389569302 0.060872753246410886
1 0.4988991627736098 0.4538438995636303 0.08162913939330034 0.09472973852759083
0 0.5179391342025579 0.5004654683980858 0.9641217315948842 0.9990690632038284
1 0.27951009004609745 0.4150037852794224 0.12893582510733495 0.13221097489090766
1 0.38176237748979375 0.0966911082224834 0.12916855930637788 0.1455443082242409
1 0.65372839740375 0.1797954926361962 0.13360738008516496 0.20893582510733494
1 0.5673488632064647 0.4483699956670585 0.0723273419904289 0.13455518787830859