1 0.19166666666666668 0.26666666666666666 0.06333333333333334 0.07333333333333333
1 0.68 0.445 0.04666666666666667 0.04
1 0.45666666666666667 0.6133333333333333 0.06833333333333333 0.08666666666666667
1 0.4 0.4266666666666667 0.025 0.025
1 0.38666666666666666 0.7133333333333334 0.018333333333333333 0.025
1 0.66 0.71 0.023333333333333334 0.04
1 0.52 0.795 0.025 0.05
1 0.315 0.5616666666666666 0.023333333333333334 0.03333333333333333
1 0.3566666666666667 0.08666666666666667 0.015 0.03
1 0.76 0.37166666666666665 0.023333333333333334 0.023333333333333334
1 0.63 0.8666666666666667 0.02666666666666667 0.05
1 0.315 0.83 0.11333333333333333 0.105
1 0.7666666666666667 0.23666666666666666 0.04 0.055
1 0.5033333333333333 0.6683333333333333 0.011666666666666667 0.03666666666666667
1 0.4533333333333333 0.7466666666666667 0.028333333333333332 0.045
1 0.4483333333333333 0.89 0.013333333333333334 0.02
1 0.7916666666666666 0.30666666666666664 0.023333333333333334 0.03666666666666667
1 0.6066666666666667 0.7433333333333333 0.025 0.035
1 0.9 0.2633333333333333 0.035 0.02666666666666667
0 0.555 0.49666666666666665 0.8766666666666667 0.9933333333333333
1 0.6483333333333333 0.965 0.03 0.051666666666666666