1 0.451337820708245 0.7383368363250397 0.16044928033767367 0.13182298171015647
1 0.5997731542880949 0.571787697856966 0.10899442892574787 0.08124117903670235
1 0.31066390020173446 0.5417659691067133 0.23446154432990576 0.15600962563122286
1 0.6391912137233244 0.5522531399957294 0.19455853442403434 0.1588775168257928
1 0.23070959063947882 0.08432356554210767 0.0271516171373086 0.016976961425842253
1 0.23676646137011484 0.46426538527476224 0.4582084878679447 0.4018641038828578
1 0.7130044873749116 0.7413816036494503 0.04096990094128387 0.033798775472096546
1 0.1193595440833893 0.322946632548266 0.1465340064395701 0.11166783433056877
1 0.17611819069179624 0.4985478286441687 0.1259520658747998 0.09143511326118717
1 0.46830828257139284 0.8634919837046275 0.023818283803975267 0.01693817458094524
1 0.12536010500525324 0.4146520860598296 0.13672798662782687 0.11821814046254454
0 0.5001454851411926 0.505 0.9997090297176148 0.99