0 0.5 0.5 1 1
1 0.7354533876094149 0.8908780678407722 0.12892349645685763 0.11313029277824171
1 0.40958452947408575 0.12508256173579543 0.13243152238780112 0.11663831870918519
1 0.4237087640596744 0.5252501673440352 0.09331915935459259 0.0680500334688071
1 0.11371585104904469 0.5407577687317642 0.10401792974503318 0.08190744459497068
1 0.8050779568830739 0.39148240494303727 0.1287488038592475 0.10979695944490837
1 0.6391384085643294 0.49643049359108393 0.03771482225232754 0.021921618573711613
1 0.41634562942892783 0.15551929322982075 0.08595372229748534 0.05436731494025347
1 0.36431788572494905 0.8931538561727136 0.0175401296547174 0.0175401296547174
1 0.29418801748992185 0.7006279004967368 0.07139754078088108 0.030335211216479554
1 0.7519382746891011 0.8633308511966845 0.07893767043559838 0.047351263078366325
1 0.11950196773829032 0.5260198076281793 0.07928705563081873 0.05401792974503318
1 0.10792973435979908 0.555495729835349 0.07227100376893181 0.04700187788314622
1 0.8679462107649004 0.27611884576907625 0.06209631117132176 0.04314446675698245