1 0.5116666666666667 0.5266666666666666 0.06333333333333334 0.10333333333333333
1 0.3 0.14 0.03333333333333333 0.075
1 0.47833333333333333 0.9183333333333333 0.02666666666666667 0.043333333333333335
1 0.56 0.15 0.06333333333333334 0.13
1 0.30333333333333334 0.4633333333333333 0.041666666666666664 0.055
1 0.5366666666666666 0.56 0.575 0.845
0 0.49666666666666665 0.49666666666666665 0.9933333333333333 0.9933333333333333
1 0.3983333333333333 0.5633333333333334 0.10333333333333333 0.195
1 0.5 0.6683333333333333 0.09833333333333333 0.195
1 0.87 0.275 0.03666666666666667 0.055
1 0.8916666666666667 0.6183333333333333 0.08166666666666667 0.13833333333333334
1 0.8766666666666667 0.7866666666666666 0.04666666666666667 0.14833333333333334
1 0.8566666666666667 0.91 0.05 0.07166666666666667
1 0.3416666666666667 0.005 0.06833333333333333 0.01
1 0.20166666666666666 0.03666666666666667 0.14166666666666666 0.07333333333333333
1 0.11833333333333333 0.175 0.085 0.06833333333333333
1 0.11833333333333333 0.275 0.04833333333333333 0.06333333333333334
1 0.056666666666666664 0.325 0.06333333333333334 0.043333333333333335
1 0.42833333333333334 0.29 0.051666666666666666 0.11166666666666666
1 0.315 0.36833333333333335 0.125 0.07833333333333334
1 0.23833333333333334 0.5 0.04666666666666667 0.09
1 0.6733333333333333 0.7266666666666667 0.06333333333333334 0.22
1 0.67 0.32166666666666666 0.12 0.2
1 0.7866666666666666 0.6133333333333333 0.06333333333333334 0.14833333333333334
1 0.795 0.46 0.095 0.1
1 0.8783333333333333 0.4266666666666667 0.08 0.21666666666666667
1 0.5916666666666667 0.5183333333333333 0.035 0.058333333333333334
1 0.5783333333333334 0.40166666666666667 0.075 0.105
1 0.5783333333333334 0.8466666666666667 0.09666666666666666 0.09166666666666666
1 0.47333333333333333 0.825 0.115 0.11833333333333333
1 0.33 0.6933333333333334 0.065 0.11833333333333333
1 0.29333333333333333 0.575 0.051666666666666666 0.13166666666666665
1 0.7966666666666666 0.815 0.058333333333333334 0.15666666666666668
1 0.7783333333333333 0.9583333333333334 0.08333333333333333 0.08166666666666667