1 0.34413403222096234 0.687950490040825 0.25682462208666684 0.15442194978181514
1 0.6045191661625919 0.8192136571385888 0.16659186950311133 0.1428509939382756
1 0.3823967489371849 0.33347414198867154 0.5093101033422225 0.40872753246410887
1 0.25069407720422204 0.18945104155669548 0.15597119594696304 0.1160097766223267
1 0.035459931105184965 0.6040606277053424 0.07091986221036993 0.14145458874401812
1 0.7891298516745178 0.9024850216427391 0.2914768867268151 0.19502995671452178
1 0.8822734050679993 0.7056804666605154 0.08511776980725927 0.07812125541068478
1 0.9094415819680733 0.8278707852750287 0.06139651550133332 0.061047303895693024
1 0.2698392575490368 0.29816256796347357 0.16597119594696305 0.11618432727160893
1 0.5204945426559995 0.48928027618683567 0.13883902411318522 0.09571885887352304
1 0.9312260184419995 0.7515532199069264 0.05155168389037044 0.06753941991307745
1 0.2878552865268883 0.6702947030282259 0.14271544680814827 0.11911037575661719
1 0.8018854840954067 0.7209507281329247 0.0678304295844445 0.051163670995214454
1 0.9130520340441478 0.5294792683919347 0.06798559797348162 0.05783033766188131
1 0.9293307797382216 0.546436852807405 0.11899419250222233 0.10203642424162543
1 0.8913396077028142 0.8892465341928918 0.07472984883466703 0.061280038094735874
1 0.4543737523819256 0.3213917549751938 0.19519814103274105 0.22664979566969473
1 0.39332636575592567 0.3653444510795007 0.12271544680814828 0.1187612744580528
0 0.5 0.5 1 1