0 0.5 0.5 1 1
1 0.6271590619016375 0.2073911546173253 0.10890207326713608 0.1408771773483224
1 0.5088116236665066 0.4984041548908624 0.11597620870944696 0.15114882319875184
1 0.25775616016330605 0.49365878574457234 0.10448215653208516 0.11407468775644096
1 0.31481619070381905 0.7675410824443376 0.18896431306417033 0.22733443796159386
1 0.6417515931259934 0.21677995145385912 0.04618561476284204 0.07176569802779113
1 0.2940634929495651 0.7051585095875071 0.10046970857267827 0.09727219816455962
1 0.6048444005074145 0.1833419150938282 0.028704010544887144 0.05108658340171762
1 0.3094709617252092 0.6945473064240412 0.06271645850429404 0.06911147932053116
1 0.31464924788008725 0.8124731709817303 0.14863042741670673 0.13584038578423208
1 0.9497396974807168 0.13101882046338056 0.024012447959407077 0.017617427143169568
1 0.6062083014251346 0.2315394255019468 0.05285228142950871 0.07203734387822047
1 0.2369412226120178 0.5144737232958606 0.048839833470101915 0.05523485428633914
1 0.6360045670373126 0.23531701917501452 0.02482738551069512 0.03761742714316957