1 0.8866666666666667 0.38333333333333336 0.07666666666666666 0.06666666666666667
1 0.7033333333333334 0.605 0.12666666666666668 0.105
1 0.77 0.8583333333333333 0.03666666666666667 0.056666666666666664
1 0.4866666666666667 0.44666666666666666 0.06833333333333333 0.075
1 0.6566666666666666 0.27166666666666667 0.041666666666666664 0.04666666666666667
1 0.5066666666666667 0.19833333333333333 0.095 0.11333333333333333
1 0.75 0.20666666666666667 0.085 0.13
1 0.24333333333333335 0.6716666666666666 0.09166666666666666 0.16333333333333333
1 0.31333333333333335 0.5666666666666667 0.056666666666666664 0.07666666666666666
1 0.5066666666666667 0.49666666666666665 0.11166666666666666 0.17333333333333334
1 0.7433333333333333 0.5966666666666667 0.05 0.06666666666666667
1 0.5266666666666666 0.5166666666666667 0.07333333333333333 0.13
0 0.51 0.5 0.955 1
1 0.31666666666666665 0.84 0.12 0.13833333333333334
1 0.42833333333333334 0.8833333333333333 0.11833333333333333 0.20333333333333334
1 0.3566666666666667 0.9466666666666667 0.06666666666666667 0.10166666666666667
1 0.33166666666666667 0.445 0.085 0.14333333333333334
1 0.41333333333333333 0.22 0.09 0.18833333333333332
1 0.5883333333333334 0.13333333333333333 0.11333333333333333 0.155
1 0.8666666666666667 0.23833333333333334 0.11666666666666667 0.10666666666666667
1 0.865 0.855 0.03333333333333333 0.041666666666666664
1 0.9516666666666667 0.4633333333333333 0.05333333333333334 0.051666666666666666
1 0.925 0.6966666666666667 0.041666666666666664 0.035
1 0.35833333333333334 0.685 0.09666666666666666 0.16166666666666665
1 0.16833333333333333 0.7766666666666666 0.14166666666666666 0.11333333333333333
1 0.18833333333333332 0.6666666666666666 0.06166666666666667 0.08
1 0.20833333333333334 0.545 0.058333333333333334 0.095
1 0.3416666666666667 0.335 0.08833333333333333 0.08