1 0.3460952823746044 0.596998690176095 0.14608589295887336 0.2448848071292112
1 0.2730004245432145 0.3146532537237317 0.13786116689245623 0.15151268695098102
1 0.6922236972697 0.6543270685338142 0.38480634886063947 0.4775223125822038
1 0.80411696788593 0.8188627940589529 0.11084511503056925 0.14453572552513871
1 0.3572472606641718 0.936921116486301 0.1359395483187446 0.11484602028431444
1 0.22146362611157508 0.12583508482918654 0.2029272522231502 0.24887751682579273
1 0.43910527604383826 0.08339501659238517 0.07752595567597666 0.08085331058773287
1 0.3278895148499376 0.02713444413323432 0.06244569636654186 0.04736482987481175
1 0.7032505918872497 0.7693852488011594 0.10803585949006636 0.15449693868024175
1 0.5715603618261113 0.4813610425630996 0.09032103723773882 0.1343030044557571
1 0.4061355018844659 0.026379268321645954 0.06560433710226514 0.044070283386375364
1 0.3523983898673101 0.6537041436876586 0.10997165204251852 0.12786905885847205
1 0.40619450022578957 0.1546350279651854 0.04647780009031578 0.06050422898366037
1 0.6133120723652222 0.10207859919369316 0.05665249268792593 0.06395392285168451
1 0.6000731723200643 0.07194284523655385 0.09646362611157504 0.12438057814555097
1 0.2648182204130195 0.031397494080192295 0.05630310749270564 0.05728725618501785
1 0.7189045379151073 0.5913428168045534 0.21592537434000386 0.1790714510502774
1 0.6646835676149827 0.6373501071079718 0.1159395483187446 0.11461329921493264
0 0.5 0.5 1 1