1 0.7016666666666667 0.6166666666666667 0.08333333333333333 0.17333333333333334
1 0.8 0.9033333333333333 0.11166666666666666 0.135
1 0.64 0.37333333333333335 0.14833333333333334 0.2
1 0.34 0.41333333333333333 0.12666666666666668 0.165
1 0.6016666666666667 0.3516666666666667 0.07 0.13333333333333333
1 0.47333333333333333 0.6266666666666667 0.11333333333333333 0.14666666666666667
1 0.31 0.6333333333333333 0.085 0.1
1 0.61 0.9516666666666667 0.06833333333333333 0.08666666666666667
1 0.9566666666666667 0.9183333333333333 0.08166666666666667 0.14666666666666667
1 0.4033333333333333 0.77 0.10166666666666667 0.145
0 0.5733333333333334 0.5366666666666666 0.8516666666666667 0.915