1 0.29866934891434804 0.49160469783748356 0.06893582510733495 0.13116367099521445
1 0.24408128398173679 0.13411502597568076 0.05449700432854778 0.06759760346283826
1 0.2896538190412168 0.9302289489196206 0.05455518787830859 0.0709309367961714
1 0.3936402571394677 0.48827980000263627 0.030756386146889365 0.04385698528118003
1 0.38971286753061873 0.2632798000026363 0.037423052813556124 0.04397335238070127
1 0.3703941991307755 0.49368708485096136 0.017132135064752467 0.026957584415470137
1 0.5680453359243108 0.9287039558479334 0.05525339047543715 0.11093093679617141
1 0.3519782406918647 0.10722406060845718 0.030523651947846512 0.030523651947846512
1 0.2528792207735146 0.8291732095254415 0.034497004328547784 0.06724850216427379
1 0.4312838233741583 0.35258159740550754 0.030523651947846512 0.030523651947846512
1 0.5073640043241542 0.6996930761938656 0.023973352380701272 0.03707395151499175
1 0.46613371428069283 0.7254203705658746 0.04397335238070127 0.03742305281355622
1 0.5305518787830857 0.6909524580122072 0.020465468398085704 0.027015767965231134
1 0.36611770822336215 0.2486870848509613 0.017132135064752467 0.026957584415470328
1 0.517276728999513 0.6945185255445835 0.04742305281355622 0.044147903029983504
1 0.7908718883067697 0.7047474744642039 0.06496247272663368 0.09443882077878697
1 0.7436111653645874 0.4805038606110934 0.020465468398085704 0.027015767965230943
1 0.3457104233750371 0.2257028528161923 0.02374061818165842 0.02374061818165842
1 0.8415991826787788 0.7455413878844598 0.023798801731419038 0.027073951514991753
1 0.7973349125492738 0.6929644406980159 0.04777215411212031 0.06414790302998351
1 0.7511008372263901 0.43202506840335825 0.017015767965231136 0.02029091774880366
1 0.7905105662302969 0.49302262424777654 0.01719031861451318 0.03029091774880366
1 0.7619942467491954 0.578546276195623 0.2003153593046204 0.4033746458861221
1 0.7747288735879495 0.7350383922130076 0.023915168830940654 0.03374061818165842
1 0.492509463198556 0.7082882355011222 0.10122185454497526 0.07174550649282177
1 0.2509507281329247 0.8142023013003219 0.027306685714034606 0.037132135064752374
1 0.7668196960999132 0.5684590008709821 0.062210974890907475 0.1277139705623597
1 0.8115409991290179 0.742731706498973 0.04403153593046189 0.040756386146889555
1 0.3693928580069347 0.24529556796786725 0.07817943896044559 0.08800488831116335
1 0.3543055826822937 0.24055739394179051 0.044206086579744217 0.05075638614688946
1 0.343582073589707 0.4858192199157138 0.16256007618947194 0.14945947705518145
1 0.5651483792141829 0.953762139397694 0.030989120345932406 0.05719031861451337
1 0.7183615601685724 0.6576650874507262 0.04104730389569303 0.060698202597128555
1 0.7613833194767078 0.5435462761956231 0.05128003809473588 0.07420608657974412
1 0.6887688450168975 0.681522072731906 0.027364869263795413 0.04046546839808571
1 0.44265957229202135 0.33571128831467834 0.0677721541121205 0.06449700432854778
1 0.2715532199069263 0.9438822917766378 0.09847035670924915 0.1050206562763943
1 0.7520439948004701 0.677083251953119 0.040989120345932405 0.05736486926379522
1 0.7474306233724007 0.6038081021695464 0.044206086579744126 0.05075638614688956
1 0.7841263818139479 0.6048347497888451 0.027481236363316838 0.04713213506475237
1 0.8031288259695295 0.6428480735984944 0.023915168830940654 0.03374061818165842
1 0.7254899099539025 0.3974614450265637 0.013566067532376186 0.013566067532376186
1 0.7126342657965633 0.6160856961087007 0.01713213506475237 0.026957584415470328
1 0.454525231163787 0.7289573463233705 0.017015767965231136 0.02029091774880347
1 0.38700268224768136 0.49006283376882437 0.06420608657974412 0.05110548744545383
1 0.3455649645006353 0.21736951948285896 0.0340897194802227 0.043915168830940654
1 0.734317803460202 0.4256493194854952 0.017015767965231136 0.02029091774880366
0 0.5 0.5 1 1