1 0.35234665822564504 0.7024900374541795 0.21873462988050696 0.17522351095519298
1 0.4114023253438907 0.4042557354819705 0.4046883521779923 0.23269377184200152
1 0.36008504387244433 0.39548381347447603 0.1436685445498129 0.07570456285901751
1 0.5585859828140175 0.3684973660621434 0.08419262234264333 0.08325975020515292
1 0.4634042032270369 0.33622516789758367 0.10963644082603898 0.061013000273537156
1 0.5396034880158361 0.6032257202117141 0.06893767043559838 0.04604979183762737
1 0.5365747155151401 0.7884973660621434 0.04946174822842901 0.05523485428633914
1 0.6877975636984112 0.7712760643634717 0.05192161857371161 0.038704010544887146
1 0.5359278564766529 0.6414911420824401 0.03823890004515799 0.031494052177361787
1 0.403767762400998 0.39058284483560046 0.04490556671182456 0.03176569802779113
1 0.15206105593475802 0.981932640851523 0.055604337102265144 0.03613471829695413
1 0.5962914156506138 0.7007384443281861 0.32624641157774287 0.32263153204496725
1 0.13160766832534304 0.3673033180630768 0.2632153366506861 0.22127330279282026
1 0.17131497904508566 0.39614315153317864 0.05174692597610137 0.03537067721155381
1 0.5152668234594249 0.43020082429290035 0.07227100376893171 0.04618561476284204
1 0.5121719656280349 0.7123428711978185 0.06630310749270564 0.059247302245745835
1 0.7464117147596219 0.06715891337736722 0.22717657048075637 0.08243346932271836
0 0.5 0.5 1 1
0 0.1858640735723196 0.8340803594220142 0.3717281471446392 0.33183928115597155
0 0.13903919071314425 0.12070456285901746 0.2780783814262885 0.16807579238470158
1 0.1515463675576587 0.6458715056827492 0.17136919282339966 0.15998865666885384