0 0.5 0.5 1 1
1 0.6032255619076586 0.305 0.1507563178754242 0.13
1 0.37962072984981404 0.3516666666666667 0.1508144961735337 0.14
1 0.5741952002094844 0.13833333333333334 0.08699634368928741 0.056666666666666664
1 0.637933559204637 0.6416666666666667 0.12387633078235581 0.09333333333333334
1 0.3240281392732264 0.74 0.16370179588802708 0.06333333333333334
1 0.43790447005558214 0.6466666666666666 0.1305817829810955 0.1
1 0.2794860917000323 0.08833333333333333 0.06364361758991757 0.05333333333333334
1 0.6200570670856358 0.27666666666666667 0.026821808794958695 0.02666666666666667
1 0.36314799084351257 0.31833333333333336 0.10372118865406368 0.06666666666666667
1 0.8396777969354496 0.6283333333333333 0.10401208014461152 0.11666666666666667
1 0.11199301005186589 0.8033333333333333 0.13040724808676685 0.07
1 0.3927795282888187 0.38166666666666665 0.11713209305154303 0.08
1 0.3450171703410888 0.57 0.20750055560623687 0.14333333333333334