0 0.465 0.5 0.93 1
0 0.8223232431547179 0.6630173122890076 0.330362095451059 0.6721594318990164
1 0.2886871440724381 0.6958807256088634 0.053395573130367587 0.08478818474525913
1 0.5160979267328639 0.15184561639775915 0.09114882319875184 0.11252174244733804
1 0.6972242117935934 0.7027620121395907 0.06325975020515291 0.081745821694311
1 0.6833221385264574 0.8391862035709364 0.07645726061327139 0.07880044873749113
1 0.023641770747852984 0.11739409237262957 0.04728354149570597 0.1014548514119258
1 0.9261008368277854 0.6960725002540519 0.09101300027353697 0.10918840911400479
1 0.5350424632296634 0.13737906191546526 0.04298810435472338 0.07449721446287398
1 0.5694680516302875 0.1934459529508775 0.028704010544887144 0.05077592075302709
1 0.9635824410457405 0.6771393912894642 0.025297094083373394 0.1305819405647704
1 0.9587663988661916 0.8772363813835924 0.021618531771430298 0.20372129370984682
1 0.8606735914847706 0.9094236686538693 0.05727219816455962 0.09821850817272093
1 0.5827221301698671 0.03197326647246762 0.06122240632693244 0.03174582169431095