1 0.5202963167062484 0.13967990861355511 0.15330161287009864 0.19341370455881493
1 0.3975715476668634 0.8764657386029626 0.13101590262151774 0.2228706151971854
1 0.9087514335482056 0.8028511059804437 0.038994717966116546 0.06752009280637025
1 0.8105397424238278 0.42649616960733266 0.03209524616950489 0.06069825775066666
1 0.7799842104182169 0.6023495957470364 0.031978843604532396 0.057364924417333325
1 0.5977302206328706 0.446461558056518 0.03151323334464242 0.044031591083999996
1 0.9242011835764784 0.9109128946329622 0.03531217693786554 0.057442508611851885
1 0.885412789921055 0.6599444857169622 0.03209524616950451 0.06069825775066685
1 0.6825767873108464 0.4878552865268883 0.02449735898305827 0.03387642269496306
1 0.8635609694691296 0.8939760768009622 0.024264553853113283 0.027209756028296398
1 0.6969047820904288 0.1339012796374068 0.028412705141254074 0.050620673556148195
1 0.8252963873560827 0.6580076678849623 0.024264553853113283 0.027209756028296398
1 0.7065926758023974 0.6023897813597773 0.0318624410395599 0.05403159108399999
1 0.7063651809662695 0.7391728243182217 0.027597887186446617 0.027287340222814767
1 0.8170741462939046 0.5180852520794808 0.024264553853113283 0.027209756028296398
1 0.936386351491704 0.7821916403270363 0.017597887186446618 0.027054587639259275
1 0.3044286077627719 0.26313379878511084 0.03151323334464242 0.044031591083999996
1 0.8158360591300761 0.5781628362739993 0.017597887186446618 0.027054587639259275
1 0.8724603847458737 0.4800996541059993 0.01414815128814098 0.023643670111407573
1 0.6440106488475681 0.4820808380971847 0.014031748723168296 0.02031033677807405
1 0.8527566308022881 0.106921489161703 0.04624339745764549 0.08434192786207415
1 0.79718523856506 0.3784343809548142 0.024264553853113283 0.0272097560282963
1 0.809333446373068 0.8218452984826661 0.024264553853113283 0.027209756028296398
1 0.8876825692881846 0.19951777264711038 0.03128042821469762 0.03736492441733338
1 0.7908466090678762 0.3402174239132586 0.02449735898305827 0.03387642269496306
1 0.39216406803962545 0.3394887351582219 0.031396830779669926 0.04069825775066666
1 0.5171164166949392 0.09638536737748105 0.12612699489267318 0.08287061519718529
1 0.5534762167175574 0.1822761920989625 0.06554498206781072 0.06480743302918522
1 0.8989101065142129 0.3777347296886659 0.03116402564972494 0.034031591083999994
1 0.6788096348306919 0.8098710820688884 0.017597887186446618 0.027054587639259275
1 0.7269789142543666 0.5652188174287401 0.014031748723168296 0.02031033677807424
1 0.8881852103051263 0.16614564721651778 0.03128042821469762 0.03736492441733333
1 0.8264815128814078 0.21428641357903633 0.03174603847458741 0.05069825775066666
1 0.17011116292098954 0.38135354285762946 0.031047623084752445 0.03069825775066666
1 0.7640317487231683 0.003771778116666352 0.027015874361584147 0.007543556233332704
1 0.5437302630227712 0.7629744498496291 0.1799682795367653 0.19403437811496305
1 0.5127249809888876 0.8304169584614811 0.020931220519779952 0.02713217183377784
1 0.6959894924521005 0.5375837418460735 0.013798943593223308 0.013643670111407383
0 0.5 0.5 1 1