1 0.6433333333333333 0.895 0.04833333333333333 0.09
1 0.5516666666666666 0.6416666666666667 0.07333333333333333 0.15333333333333332
1 0.33666666666666667 0.515 0.045 0.05
1 0.5216666666666666 0.3233333333333333 0.06666666666666667 0.125
1 0.19666666666666666 0.10166666666666667 0.075 0.12666666666666668
1 0.44 0.21333333333333335 0.07666666666666666 0.15333333333333332
1 0.16333333333333333 0.19666666666666666 0.06666666666666667 0.155
1 0.5316666666666666 0.7633333333333333 0.03 0.06666666666666667
1 0.49166666666666664 0.05333333333333334 0.08666666666666667 0.10666666666666667
1 0.8466666666666667 0.8866666666666667 0.03333333333333333 0.095
1 0.4683333333333333 0.145 0.13333333333333333 0.29
1 0.5366666666666666 0.30333333333333334 0.03833333333333333 0.08
1 0.18333333333333332 0.15666666666666668 0.10833333333333334 0.23666666666666666
0 0.5416666666666666 0.49666666666666665 0.91 0.9933333333333333