1 0.36841580192671536 0.7012752670482278 0.11434706986445652 0.09974010375503137
1 0.49607782387415056 0.5159018606024588 0.04837444411341759 0.039384690481932695
1 0.14941575252007264 0.5671833486546314 0.11054797904564576 0.08954595919679832
1 0.5109590868464869 0.47853925006029185 0.05170777744675074 0.039578835040165926
1 0.33269878444814455 0.39834666075304476 0.11372605988381991 0.08640677042169823
1 0.5051463089031957 0.4964842942771586 0.0702374740553273 0.08054955783133229
1 0.4312103468395803 0.7647698690964267 0.13830141317842656 0.1144324489959979
1 0.2812057515269917 0.6845608418674959 0.07217353493222826 0.05074370238956552
1 0.37473544813556825 0.729899817218911 0.2783836347385947 0.19572570921689553
1 0.3247765589156524 0.7635572432329618 0.08232878742738743 0.05465946939759874
1 0.35646135979945986 0.44460860038156114 0.06186302994190991 0.04349460204819896
1 0.31847504692394035 0.41413967690766174 0.18256626148271485 0.13695632825303042
1 0.0965892874523009 0.6106466301104488 0.10566212076072076 0.056018481305231564
1 0.27891807487968834 0.6711304362550459 0.5006393912309913 0.32834510550205853
1 0.43853453895437916 0.7435885638253432 0.062328787427387435 0.05349460204819896
1 0.3318951971300306 0.5595279660241282 0.055351615770402415 0.046439646265065825
1 0.40524231640112984 0.7782167126305605 0.08279454491286496 0.06465946939759874
1 0.15197282337761014 0.550710826546198 0.0789954540940541 0.054465324839365316
0 0.5016301511991712 0.535 0.9967396976016575 0.93