1 0.5023032943084502 0.7765532748367409 0.19751994837227338 0.15697352992566474
1 0.5507552066629503 0.18557829157114442 0.14732602071190817 0.1210198076281794
1 0.33238197658507007 0.4675566060598188 0.16403147291064793 0.1285599372828968
1 0.5071589597756501 0.5150613007676843 0.5519392766036518 0.362157611939006
1 0.2214403162198251 0.9016524926879259 0.20118295872822756 0.19669501462414815
1 0.33851534218573254 0.5595726579217057 0.16719027134965264 0.09873462988050695
1 0.5220232104133945 0.5391807507902633 0.18420600780497656 0.15960809286855768
1 0.11566571679083827 0.7512889335139649 0.1407369251093877 0.13400375576629245
1 0.3982535398442395 0.6077171246786882 0.1438957235483923 0.1041784483639026
1 0.36170322977379193 0.5857955061049767 0.21424479333704974 0.16784699291371546
1 0.16301113026878308 0.6370679632138402 0.13717087858361612 0.0938290631686823
1 0.9406485464497496 0.2243506588248638 0.027229056881725833 0.09806420744754775
1 0.498718966229116 0.5329579026069923 0.13054299744902248 0.10014634464012867
0 0.5 0.5 1 1
1 0.851859483114558 0.2980546383215285 0.2376750905005656 0.18573650776365308
0 0.7632535398442395 0.6268459641169982 0.4705840054060432 0.6977902969987525
1 0.7924692440322345 0.4766641845300178 0.19492354014832775 0.28346550399472126
1 0.9270910850945224 0.5487392347332283 0.0469187726251414 0.0457790296998752