1 0.3433333333333333 0.3566666666666667 0.125 0.175
1 0.61 0.45 0.14 0.3433333333333333
1 0.6233333333333333 0.4033333333333333 0.043333333333333335 0.12333333333333334
1 0.62 0.59 0.06166666666666667 0.065
1 0.6633333333333333 0.5066666666666667 0.03333333333333333 0.09333333333333334
1 0.4066666666666667 0.5433333333333333 0.03166666666666667 0.055
1 0.23666666666666666 0.515 0.041666666666666664 0.035
1 0.23333333333333334 0.6566666666666666 0.025 0.043333333333333335
1 0.37333333333333335 0.535 0.021666666666666667 0.03
1 0.6233333333333333 0.445 0.021666666666666667 0.035
1 0.10666666666666667 0.13666666666666666 0.035 0.045
1 0.31 0.5833333333333334 0.245 0.245
1 0.685 0.17333333333333334 0.14666666666666667 0.265
1 0.65 0.23 0.021666666666666667 0.045
1 0.57 0.5433333333333333 0.028333333333333332 0.06
1 0.31 0.5033333333333333 0.043333333333333335 0.05333333333333334
1 0.9266666666666666 0.8083333333333333 0.14666666666666667 0.19333333333333333
1 0.9266666666666666 0.8583333333333333 0.045 0.06333333333333334
0 0.49833333333333335 0.49833333333333335 0.9966666666666667 0.9966666666666667
0 0.185 0.15666666666666668 0.37 0.31333333333333335
0 0.9366666666666666 0.18 0.12333333333333334 0.36
1 0.42333333333333334 0.18166666666666667 0.12 0.13166666666666665