1 0.49 0.6666666666666666 0.051666666666666666 0.07666666666666666
1 0.36833333333333335 0.7116666666666667 0.07333333333333333 0.08666666666666667
1 0.30333333333333334 0.3433333333333333 0.06833333333333333 0.08666666666666667
1 0.21333333333333335 0.5016666666666667 0.05 0.09333333333333334
1 0.61 0.265 0.055 0.09
1 0.7616666666666667 0.23333333333333334 0.05 0.06333333333333334
1 0.62 0.6333333333333333 0.075 0.1
1 0.81 0.3016666666666667 0.06333333333333334 0.08666666666666667
1 0.6183333333333333 0.72 0.07666666666666666 0.275
1 0.6 0.8166666666666667 0.03166666666666667 0.07
1 0.5033333333333333 0.49333333333333335 0.065 0.14
1 0.6133333333333333 0.7966666666666666 0.06 0.12
1 0.61 0.7183333333333334 0.055 0.08333333333333333
0 0.49833333333333335 0.49666666666666665 0.9966666666666667 0.9933333333333333