0 0.5320910850945223 0.5018342722749064 0.9358178298109554 0.9963314554501871
1 0.7064425386447728 0.36212217699215415 0.06728723517983516 0.11016051861886941
1 0.7679939599276943 0.09859997708246998 0.033759974186136785 0.07508025930943471
1 0.48562915368371296 0.20383845258441338 0.053779366952173294 0.07946174822842887
1 0.3517711044549198 0.5736047616454797 0.040542997449022476 0.09542964450465509
1 0.6208230813440782 0.17758016945429062 0.060271498724511235 0.049811133423649116
1 0.45262327494805266 0.7189328858725889 0.06403147291064802 0.12331915935459259
1 0.8888849159529002 0.23830959022857334 0.026938165391178093 0.04806420744754775
1 0.5548728358082887 0.33750699713422627 0.11436114993326878 0.18260621498541127
1 0.44981243508523144 0.9004012965471736 0.244593863125707 0.19919740690565277
1 0.3649481844474871 0.8877242116680585 0.08757812667038299 0.16120867420453047
1 0.3405590565776374 0.7814140171859826 0.040504211916949466 0.08876297783798842
1 0.8485153421857325 0.5863006253560569 0.026957558157214408 0.05139754078088117
1 0.3826620604801258 0.7085976746561093 0.06046542638487646 0.08314446675698245
1 0.7784086819725317 0.6009654141395772 0.046957558157214405 0.05244569636654186
1 0.5854825967259653 0.5208332434781892 0.026860594327031702 0.03473087411421451
1 0.5710244829625138 0.713467806421082 0.0907757106414607 0.1380500334688071
1 0.585917822749313 0.732587256443661 0.06058178298109548 0.10314446675698245
1 0.6882934365887865 0.32949470103863177 0.026899379859104896 0.041397540780881176
1 0.5379928487152205 0.3733002008128422 0.08060117574713217 0.10752595567597666
1 0.3869661433277588 0.255351687621581 0.04401208014461152 0.11893767043559848
1 0.18335050367442213 0.5797827854661677 0.1406205685131686 0.11400375576629244
1 0.2372171380737597 0.49091120036126323 0.02352726099369856 0.03455618151660436
1 0.3904546187893843 0.22885971355252446 0.020310284256584245 0.054381488918994116
1 0.8299213177233801 0.34358580310372927 0.07379875971820979 0.08384323714742303
1 0.39377603331475164 0.8042090987477447 0.026879987093068394 0.03806420744754784
1 0.35755762269187263 0.1521127875764231 0.02023271319243823 0.041048155585660835
1 0.5561624547497172 0.11584033046755961 0.02697695092325091 0.05473087411421441
1 0.40933953474228457 0.42157453580485194 0.027015736455323916 0.06139754078088117
1 0.5092123705505732 0.7352359933652944 0.013527260993698368 0.03403210372377392
1 0.8629454780126031 0.11191204944769223 0.06058178298109548 0.1031444667569825
1 0.5211882102613504 0.9599905207291249 0.10054299744902248 0.08001895854175017
1 0.5633590888449665 0.8847850878925285 0.020310284256584245 0.05438148891899421
1 0.5311214467926965 0.6947048285830937 0.020193927660365034 0.034381488918994216
1 0.36739167296808833 0.46772421166805866 0.043934509080465416 0.10560433710226524
1 0.38477476076563233 0.6320183542882476 0.020116356596219114 0.02104815558566088
1 0.4805892569391661 0.4969970933201366 0.10744237730812756 0.13892349645685764
1 0.8425468150963805 0.46595124016083644 0.09065935404524149 0.1180500334688071
1 0.5512087142398608 0.6807529841687545 0.04038785532073045 0.06876297783798843
1 0.4929163888635482 0.097521171112967 0.04703512922136042 0.06577902969987527
1 0.697265619988851 0.5066854454981289 0.09728723517983516 0.11173275199736053
1 0.2877396315442718 0.6902856022908871 0.08434175716723227 0.17770064827358661
1 0.3021783525416867 0.5009843726813276 0.09129931532444667 0.2280500334688071
1 0.35453346240264966 0.38535877461095136 0.04042664085280345 0.075429644504655
1 0.2685940244623525 0.25581676707308776 0.08740359177605436 0.13120867420453028
1 0.19971769367999662 0.3455689021554133 0.07391511631442886 0.10384323714742304
1 0.13271165360769088 0.4004083835365439 0.03713209305154313 0.08192161857371161
1 0.17893228665551764 0.4795207465697525 0.07056239021505907 0.10033521121647955
1 0.5848642506377444 0.05399188421391243 0.16360483205784457 0.0552266039495634
1 0.7532945478012604 0.046147193726557706 0.20674423773081269 0.02416427438516185
1 0.9080413306303118 0.38435774581423415 0.0539539018465022 0.10946174822842891
1 0.46458941827581157 0.9411803262470488 0.08748116284020038 0.11763934750590238
1 0.5117990823915007 0.8637440192962379 0.06063996127920518 0.11314446675698264
1 0.37767064565067016 0.9824173484090606 0.07364361758991758 0.03516530318187885