1 0.7033333333333334 0.20166666666666666 0.08333333333333333 0.23333333333333334
1 0.8733333333333333 0.18166666666666667 0.09833333333333333 0.13333333333333333
1 0.6033333333333334 0.5766666666666667 0.06 0.11333333333333333
1 0.5 0.44333333333333336 0.06 0.09333333333333334
1 0.5733333333333334 0.8366666666666667 0.045 0.10333333333333333
1 0.9366666666666666 0.59 0.125 0.255
1 0.515 0.59 0.09333333333333334 0.15
1 0.5266666666666666 0.21 0.21 0.265
1 0.2 0.15333333333333332 0.06666666666666667 0.085
1 0.28 0.17666666666666667 0.075 0.07666666666666666
1 0.7033333333333334 0.8033333333333333 0.065 0.075
1 0.6316666666666667 0.8266666666666667 0.07666666666666666 0.12333333333333334
1 0.6466666666666666 0.4816666666666667 0.03666666666666667 0.06666666666666667
1 0.6366666666666667 0.94 0.08833333333333333 0.115
1 0.8966666666666666 0.5183333333333333 0.04833333333333333 0.10666666666666667
1 0.22333333333333333 0.265 0.075 0.12
1 0.4533333333333333 0.57 0.07666666666666666 0.145
1 0.41 0.6966666666666667 0.105 0.15666666666666668
1 0.35333333333333333 0.5433333333333333 0.11666666666666667 0.145
1 0.4633333333333333 0.14166666666666666 0.085 0.11333333333333333
1 0.42833333333333334 0.6633333333333333 0.26666666666666666 0.5333333333333333
1 0.9733333333333334 0.11666666666666667 0.03 0.085
1 0.17333333333333334 0.335 0.08166666666666667 0.105
1 0.52 0.5 0.45 0.87
1 0.45 0.82 0.16666666666666666 0.215
1 0.4666666666666667 0.3383333333333333 0.06 0.10333333333333333
0 0.49833333333333335 0.49666666666666665 0.9966666666666667 0.9933333333333333