0 0.49666666666666665 0.49666666666666665 0.9933333333333333 0.9933333333333333
1 0.54 0.20166666666666666 0.051666666666666666 0.11666666666666667
1 0.5533333333333333 0.6133333333333333 0.03833333333333333 0.06666666666666667
1 0.54 0.8883333333333333 0.041666666666666664 0.07333333333333333
1 0.4766666666666667 0.7733333333333333 0.06166666666666667 0.08666666666666667
1 0.415 0.275 0.07 0.105
1 0.6166666666666667 0.7133333333333334 0.04 0.09666666666666666
1 0.31 0.33666666666666667 0.051666666666666666 0.085
1 0.4533333333333333 0.18 0.051666666666666666 0.08
1 0.32666666666666666 0.8933333333333333 0.03333333333333333 0.05333333333333334
1 0.7316666666666667 0.33166666666666667 0.03666666666666667 0.06666666666666667
1 0.3333333333333333 0.5216666666666666 0.08166666666666667 0.14333333333333334
1 0.77 0.31333333333333335 0.045 0.12666666666666668
1 0.36 0.6066666666666667 0.045 0.095
1 0.08 0.7266666666666667 0.051666666666666666 0.065
1 0.17666666666666667 0.4866666666666667 0.075 0.17333333333333334
1 0.40166666666666667 0.17333333333333334 0.043333333333333335 0.04666666666666667
1 0.82 0.8533333333333334 0.04 0.05333333333333334
1 0.41 0.10666666666666667 0.045 0.055
1 0.4033333333333333 0.6066666666666667 0.03166666666666667 0.04666666666666667
1 0.44 0.05 0.10333333333333333 0.043333333333333335
1 0.48833333333333334 0.09166666666666666 0.03333333333333333 0.05333333333333334
1 0.34833333333333333 0.5016666666666667 0.05 0.09666666666666666
1 0.32666666666666666 0.5133333333333333 0.058333333333333334 0.08
1 0.31666666666666665 0.5333333333333333 0.04833333333333333 0.11666666666666667
1 0.30666666666666664 0.5633333333333334 0.03166666666666667 0.06
1 0.6316666666666667 0.06166666666666667 0.11166666666666666 0.05333333333333334