0 0.5 0.5 1 1
1 0.09865035250834785 0.6517600263622181 0.1500622397970342 0.08930954204278009
1 0.3797396974807169 0.18575545932490542 0.16808713571584785 0.12332199000218708
1 0.49221286846244716 0.5392500638163974 0.16448215653208517 0.11651950041030583
1 0.5875524257754839 0.5347876838516831 0.0828522814295087 0.07325975020515292
1 0.2306509048224781 0.566989208982984 0.17638367748509098 0.16359363585261652
1 0.1694284984955458 0.5945443963291194 0.29991507354067326 0.25514992782701257
1 0.5291568526451164 0.6158799389189739 0.05775325006838443 0.02897565639531649
1 0.4649406702978875 0.6349659700065612 0.04455573966026577 0.03176569802779113
1 0.26541037887056584 0.533347438235131 0.09577814598719803 0.0638030419060116
1 0.4453113475094414 0.5840831209926656 0.03761742714316957 0.02482738551069512