1 0.5392993903715412 0.5434982563307412 0.20964147622492874 0.2844998832820742
1 0.7904611472189685 0.9121848990858527 0.06624550170683241 0.05147409969585169
1 0.5625027755823903 0.5989637614978522 0.14912479423696406 0.15992520283644468
0 0.5083333333333333 0.5001939604862963 0.9833333333333333 0.9996120790274073
1 0.79994602048199 0.6178055726420006 0.0756301921887651 0.09829593475155547
1 0.8482809090663096 0.44749662937940815 0.0650477585140652 0.08806318216799999
1 0.6510184813052315 0.1183458749726672 0.046245501706832406 0.051008594528740805
1 0.8160333639759292 0.26532566544837105 0.09287929253013165 0.10868385572414818
1 0.7753327543474704 0.7953242719328895 0.028413967690766147 0.0306206735561481
1 0.7366917662551034 0.8177265949320006 0.036245501706832405 0.050775841945185224
1 0.6467755111145086 0.502725201416519 0.05465946939759874 0.08116376291777783
1 0.5458063435743283 0.3122970948311856 0.05915767008033167 0.10124134711229639
1 0.6471935655723704 0.7956706137772597 0.05388289116466562 0.0678304295844445