1 0.7107752358922763 0.5516728876706114 0.047889072993599104 0.03271802381526584
1 0.43218727170523297 0.3156348579417236 0.034284093809836234 0.02527477891566614
1 0.42041023034629554 0.43660558073288996 0.0868647293889156 0.09152028062249865
1 0.2904159020118686 0.36231640727908787 0.03455573966026558 0.031941445582332716
1 0.5299744032427858 0.8295028664356916 0.0344199167350511 0.02860811224899938
1 0.199501933099456 0.30412790473893647 0.04788907299359901 0.03271802381526584
1 0.9448244754157732 0.5146523629818319 0.027617427143169757 0.02488648979919958
1 0.3430842256209262 0.6298896003011719 0.04496320843590979 0.042523879257032604
1 0.8841453607896999 0.5014802983633644 0.027481604217954706 0.02155315646586625
1 0.47170898137205974 0.8345670628714406 0.07217316680343515 0.05741036905623218
1 0.4431775853164775 0.7493564803915235 0.1842105106816558 0.1138171394779304
1 0.2928436996690139 0.6678988409537877 0.05788907299359892 0.033300457489965726
1 0.2690236427662829 0.8213128086445539 0.11006223979703425 0.08954595919679832
1 0.18671465303763288 0.7693056113754859 0.07190152095300581 0.05074370238956552
1 0.18307855395535302 0.7210693503212692 0.03788907299359901 0.032135590140566134
1 0.20481313208462706 0.7214740773594195 0.0781607188440284 0.04113199150603199
1 0.54221839160375 0.3509918264658088 0.020543291700858692 0.014498200682732923
1 0.9351894809617541 0.6471926801605483 0.027617427143169757 0.02488648979919958
1 0.4165533818794742 0.6289517533533732 0.034284093809836234 0.025274778915666048
1 0.1369156258548035 0.32614998467870204 0.05122240632693234 0.03291216837349917
1 0.9293915584071851 0.38190146332319846 0.03428409380983643 0.02527477891566614
1 0.3746377560246707 0.2972686487650227 0.03802489591881368 0.03546892347389938
1 0.2197452206220197 0.7189337601807031 0.044284093809836236 0.025857212590365938
1 0.14537911044777843 0.4108587678413521 0.04788907299359901 0.03271802381526584
0 0.5029881043547235 0.5408783162650084 0.9940237912905531 0.9049100341366499
1 0.6098923868783808 0.5358305577509431 0.11965477102139023 0.08012839287149821
1 0.5065590535450474 0.5418490390561747 0.10285228142950889 0.07582433674699833
1 0.6401867193911026 0.21330667849391047 0.0863214376880569 0.07818694728916525
1 0.5076683236090574 0.24107246082324157 0.05509903136112446 0.046439646265065825
1 0.20151382874473256 0.2305033545682532 0.058160718844028354 0.039967124156632394
1 0.7998810435472343 0.6884859403814462 0.1378154898654187 0.11776578232933123
1 0.6767882361658134 0.6605722167569608 0.1727786983013283 0.15970722791166395
1 0.7688228184733825 0.25426251861437926 0.0912846461239665 0.11838109184739855
1 0.12719570494145746 0.7026060688654517 0.05217316680343525 0.0562455017068324
1 0.7227248917405186 0.39393842593366174 0.034284093809836234 0.025274778915666048
1 0.3600876880299782 0.18618441577305583 0.12258063557907936 0.07032253742973135
1 0.16546679847775658 0.6168459285542023 0.09230898972864993 0.061908569738965295