0 0.5 0.5 1 1
1 0.6462109161079264 0.4594919780394069 0.12542810658533352 0.09430689490398227
1 0.5239180018231853 0.15017453319762453 0.08186202066844468 0.08279366155933986
1 0.8888113801397783 0.634502527977207 0.11535052239081475 0.09062435387573146
1 0.2631477339399263 0.41282007172875723 0.07131893130681485 0.05911112053108904
1 0.9500097546083707 0.46889934462691 0.05752009280637064 0.038645510271199064
1 0.9940357716304448 0.4771533061523227 0.011928456739110516 0.0441481512881406
1 0.6429149813563707 0.3895501793218931 0.05434192786207404 0.04519577437289324
1 0.6471391394111854 0.35604224214110103 0.034186759473036926 0.037830692316391606
1 0.37284436473925986 0.7542697934970962 0.0372097560282964 0.024613761548030764
1 0.34481718763755603 0.553417944785237 0.18333612036429636 0.149619071841848
1 0.39900255359511155 0.5164973024631909 0.29581881458888915 0.2601270231526068
1 0.3293558630168895 0.7491163601750719 0.023721254305925945 0.017481484621474124
1 0.39485179918837066 0.3381639691298576 0.0272097560282963 0.024264553853113283
1 0.31741068409200035 0.37923276274004447 0.1904682921980742 0.1698518769717929
1 0.9721952372838523 0.5264760612879221 0.05560952543229557 0.02864551027119887
1 0.4582253181344448 0.40934385501119974 0.034186759473037114 0.037830692316391606
1 0.4329939590663707 0.4719417421976464 0.0306206735561481 0.02771428975141911
1 0.6441937270504448 0.3728253113727402 0.06519535400177782 0.08221164873447738
1 0.8831907065836303 0.6080104651579991 0.0606206735561481 0.028761912836171556
1 0.6594264796340003 0.382301499830364 0.023721254305925945 0.017481484621474124