0 0.5 0.5 1 1
1 0.6966666666666667 0.4128396381000084 0.18333333333333332 0.15653342857017322
1 0.82 0.02687495930989283 0.16 0.05374991861978566
1 0.40166666666666667 0.2879888822538326 0.20666666666666667 0.1769407134184983
1 0.845 0.5885838034689895 0.12 0.07542794112471939
1 0.445 0.5155658294402765 0.03666666666666667 0.02064001904736794
1 0.885 0.6012189342051941 0.23 0.2773479982668234
1 0.51 0.5710979168866092 0.043333333333333335 0.03408971948022289
1 0.4633333333333333 0.5335791532499259 0.03 0.023856985281179844
1 0.9416666666666667 0.5735631471925952 0.11666666666666667 0.1087030909082921
1 0.9066666666666666 0.512507407798416 0.09666666666666666 0.06835398960972763
1 0.6666666666666666 0.8333632900478549 0.03 0.027190318614513178
1 0.6416666666666667 0.7987996666710603 0.06 0.031047303895693025
1 0.9883333333333333 0.6794152441626116 0.023333333333333334 0.027073951514991753
1 0.7183333333333334 0.7857947783598971 0.04666666666666667 0.037481236363316836
1 0.07166666666666667 0.41374905368014436 0.03333333333333333 0.02724850216427389
1 0.13333333333333333 0.4843393246762376 0.03333333333333333 0.02058183549760732
1 0.2683333333333333 0.9353162242442618 0.05 0.03753941991307783
1 0.665 0.42839238182273526 0.10333333333333333 0.09180369004258258
1 0.93 0.517100122950091 0.14 0.10244370908995051
1 0.03 0.5928096813854868 0.05 0.044206086579744126
1 0.5433333333333333 0.3455160813890018 0.49333333333333335 0.4319444986979208
1 0.06333333333333334 0.5238945125545462 0.043333333333333335 0.024089719480222888