0 0.5983333333333334 0.49833333333333335 0.7966666666666666 0.9966666666666667
1 0.6066666666666667 0.20666666666666667 0.13 0.14333333333333334
1 0.6066666666666667 0.5233333333333333 0.06333333333333334 0.11333333333333333
1 0.44 0.9466666666666667 0.021666666666666667 0.05
1 0.54 0.7616666666666667 0.025 0.043333333333333335
1 0.5333333333333333 0.37333333333333335 0.021666666666666667 0.043333333333333335
1 0.5866666666666667 0.365 0.041666666666666664 0.08
1 0.4866666666666667 0.32666666666666666 0.03833333333333333 0.06
1 0.43666666666666665 0.3933333333333333 0.03166666666666667 0.05
1 0.4083333333333333 0.145 0.17 0.135
1 0.48 0.6966666666666667 0.025 0.08333333333333333
1 0.6366666666666667 0.7583333333333333 0.015 0.02666666666666667
1 0.48333333333333334 0.7833333333333333 0.025 0.03333333333333333
1 0.4583333333333333 0.8583333333333333 0.02 0.03333333333333333
1 0.385 0.18666666666666668 0.21666666666666667 0.225
1 0.475 0.3933333333333333 0.023333333333333334 0.03666666666666667
1 0.43333333333333335 0.355 0.03833333333333333 0.03
1 0.6466666666666666 0.5966666666666667 0.023333333333333334 0.035
1 0.5133333333333333 0.49333333333333335 0.02 0.06
1 0.5466666666666666 0.705 0.015 0.02
1 0.49 0.5566666666666666 0.4 0.86
1 0.5933333333333334 0.635 0.02 0.035
1 0.6233333333333333 0.3616666666666667 0.03166666666666667 0.07666666666666666
1 0.6733333333333333 0.20666666666666667 0.26166666666666666 0.14333333333333334
1 0.48333333333333334 0.7216666666666667 0.018333333333333333 0.03333333333333333
1 0.5333333333333333 0.6383333333333333 0.23166666666666666 0.6666666666666666
1 0.5533333333333333 0.6366666666666667 0.016666666666666666 0.03