1 0.35251119307783846 0.6221138114979804 0.03408971948022279 0.043527260993698365
1 0.6148882831195421 0.3919500841991439 0.11267644328899337 0.15397329461253842
1 0.44417320952544154 0.24094166036524498 0.2711467999982426 0.25821808794958806
1 0.4029804467553466 0.3090422805061401 0.044206086579744217 0.050252105958474735
1 0.48402396537161735 0.5362034627067379 0.05443882077878698 0.06364361758991777
1 0.4655995714342204 0.8277925583092586 0.12810438441371275 0.2740508656766845
1 0.5143692813907592 0.8030737534167881 0.040930936796171595 0.053566046525771564
1 0.6062227194846166 0.6019209950500891 0.13792983376443052 0.264109043974794
1 0.6156117922121289 0.6369791733481986 0.061280038094735874 0.07368240312199077
1 0.5590361861495257 0.34495374050985644 0.07876127445805271 0.12044603361883996
1 0.642049509959175 0.36377189299410273 0.04788852121164192 0.07027149872451123
1 0.5627898900487336 0.7983549485243175 0.04783033766188131 0.0669381653911779
1 0.4364263619087791 0.58926529731556 0.05128003809473588 0.07362422482388108
1 0.5453461809587833 0.9382676810771534 0.11192005714210382 0.11063996127920518
1 0.5416262190535192 0.8649052585947652 0.0509309367961716 0.05362422482388107
1 0.4789948735967369 0.53784104022435 0.0782376225102062 0.09044603361883977
0 0.5196058008692246 0.5001648385113103 0.9607883982615508 0.9996703229773792
1 0.2666009125580612 0.5782762662476976 0.12221097489090757 0.12736480624398117
1 0.3661898424303137 0.8888871383778482 0.122327341990429 0.1340314729106482
1 0.6310359480574259 0.8037525002280662 0.12349101298564354 0.2006981395773147
1 0.5455742649387625 0.5432288955450801 0.06899400865709576 0.1337211886540638