0 0.5 0.5 1 1
1 0.5232704824103793 0.5845004416719481 0.11159026064077504 0.13794663254826597
1 0.71885578807554 0.10671129183107429 0.15883872998089582 0.18848964837682328
1 0.7308292465096758 0.5102385593888924 0.12503995450879907 0.14810177992785384
1 0.3791854762571641 0.07442170031825217 0.13821814046254455 0.13492359397410825
1 0.39427543738599363 0.9232569273074415 0.26515631504348997 0.15348614538511696
1 0.33526800492257225 0.4106229248461555 0.29318052128154987 0.27670778883936786
1 0.3885819448334571 0.41291018103117333 0.17914902474007136 0.21538903611287158
1 0.45892869110972534 0.6704301582855728 0.11147390010608414 0.12794663254826596
1 0.40336628185871964 0.7181235086781066 0.26294780021216807 0.25635870723529536
1 0.2802873983450207 0.40831627523868913 0.17255993176319862 0.2219781290897444