0 0.5 0.5 1 1
1 0.541723383322398 0.8166666666666667 0.13760608381202322 0.18666666666666668
1 0.40213652376361525 0.8883333333333333 0.09917371911756552 0.14333333333333334
1 0.45880595200093344 0.43833333333333335 0.5965477102139011 0.7333333333333333
1 0.6294964099581531 0.585 0.02496320843590979 0.04
1 0.390498066900544 0.315 0.03591396891241269 0.06333333333333334
1 0.4522156300330986 0.06833333333333333 0.03496320843590979 0.04
1 0.9745218581910972 0.46166666666666667 0.015642323061983158 0.056666666666666664
1 0.5559423272402784 0.345 0.03176569802779113 0.043333333333333335
1 0.38667800999781293 0.16333333333333333 0.017481604217954895 0.02
1 0.76850885791756 0.5683333333333334 0.038160718844028454 0.03666666666666667
1 0.2889304315950018 0.27166666666666667 0.021901520953005803 0.04666666666666667
1 0.6357753844165466 0.39 0.021629875102576458 0.04
1 0.7124504843194378 0.021666666666666667 0.048432364694457795 0.043333333333333335
1 0.5221533902360643 0.15166666666666667 0.05577814598719783 0.06
1 0.5397085775821997 0.21166666666666667 0.02897565639531649 0.056666666666666664
1 0.9291964057798581 0.18333333333333332 0.06298810435472357 0.07333333333333333
1 0.18376348877127 0.31666666666666665 0.1381493755128821 0.2
1 0.09556030669757822 0.23166666666666666 0.08713637523934499 0.09333333333333334
1 0.08265989037283296 0.09833333333333333 0.10128464612396652 0.11333333333333333
1 0.3358206092168613 0.06166666666666667 0.05380304190601161 0.09333333333333334
1 0.5802461976174854 0.11666666666666667 0.056049791837627365 0.06666666666666667
1 0.6003197807456659 0.19666666666666666 0.07074135442310762 0.1
1 0.4632767652018723 0.165 0.05577814598719802 0.06
1 0.3807556078491757 0.595 0.10502544823294405 0.12333333333333334
1 0.4726995920318449 0.67 0.07366721898079694 0.09
1 0.6642728990029603 0.795 0.08019806272224893 0.08666666666666667
1 0.7408037427444123 0.7983333333333333 0.0363214376880569 0.07333333333333333
1 0.3811885248577638 0.46166666666666667 0.06686472938891559 0.08666666666666667