1 0.5933333333333334 0.8133333333333334 0.05 0.09333333333333334
1 0.6583333333333333 0.25166666666666665 0.06666666666666667 0.09333333333333334
1 0.7233333333333334 0.1 0.051666666666666666 0.075
1 0.45666666666666667 0.505 0.04833333333333333 0.07
1 0.7233333333333334 0.023333333333333334 0.025 0.04666666666666667
1 0.4166666666666667 0.45666666666666667 0.04 0.065
1 0.72 0.5966666666666667 0.015 0.03
1 0.43833333333333335 0.47333333333333333 0.09333333333333334 0.135
1 0.4533333333333333 0.45 0.018333333333333333 0.025
1 0.8433333333333334 0.43666666666666665 0.021666666666666667 0.02666666666666667
1 0.9166666666666666 0.10833333333333334 0.04 0.056666666666666664
1 0.5816666666666667 0.9066666666666666 0.01 0.02
1 0.8533333333333334 0.43666666666666665 0.041666666666666664 0.03
1 0.9166666666666666 0.10166666666666667 0.025 0.03333333333333333
0 0.475 0.49666666666666665 0.95 0.9933333333333333