1 0.3380001421600029 0.456335878431572 0.10054301582855733 0.04724844964776215
1 0.48817701828984333 0.15381593005929853 0.10751997725439955 0.07395390184650191
1 0.2653626367070103 0.6834097931850056 0.1005818026734543 0.05058178298109548
1 0.6961554316995935 0.8992220669335915 0.04015514737958786 0.013566046525771374
1 0.7080365936770956 0.7374972219688154 0.10736482987481168 0.06062056851316849
1 0.47383172399748297 0.6705310786410565 0.026783027201357376 0.010155142128292216
1 0.5120669225546718 0.8219650321152849 0.040310294759175726 0.026899379859104896
1 0.47243539758119285 0.7905310786410565 0.013449693868024231 0.010077571064146014
1 0.5080753805219925 0.735327454597673 0.0201163605346909 0.01011635659621902
1 0.8628620528750593 0.7515954583481174 0.06027150791427857 0.023682403121990773
1 0.5404607714831549 0.5301529197033444 0.047093321960533105 0.036938165391177905
1 0.47733959813285254 0.65551168587502 0.013488480712921197 0.013410904397479348
1 0.7423384304689504 0.7972935979254319 0.013410907023127265 0.0067442377308126805
1 0.8424741844260898 0.7850451482776697 0.02007757368979393 0.006783023262885687
1 0.8746450800764167 0.7415275836669895 0.08387634916189048 0.04715148581757963
1 0.8715056809675681 0.7248803097663593 0.023449693868024042 0.010135749362255713
1 0.8880947739444409 0.7314500126028434 0.05364362809250906 0.02697695092325091
1 0.546472732442182 0.015139486341290889 0.04372120178230281 0.030278972682581777
1 0.7695904028007777 0.31716754494619454 0.02019393422448464 0.016783023262885687
1 0.8184814747295083 0.841847564306592 0.06015514737958787 0.013682403121990774
1 0.5522050118396153 0.5234183783555499 0.02693817458094524 0.02348847546162536
1 0.5132305279015803 0.7219650321152851 0.013410907023127265 0.0067442377308126805
1 0.8368148080628417 0.8417409040933912 0.02007757368979393 0.006783023262885687
1 0.500516616422696 0.8120329067964127 0.013410907023127265 0.0067442377308126805
1 0.2669517296838831 0.6900667634686539 0.03364362809250897 0.026860594327031702
1 0.5320304710375791 0.538534734951769 0.02682181404625453 0.013488475461625361
1 0.7816014804159085 0.860394218066327 0.013410907023127265 0.0067442377308126805
1 0.5204196493104536 0.820249883533527 0.013449693868024042 0.010077571064146014
1 0.6589663102907202 0.8011117504096781 0.02007757368979393 0.006783023262885687
1 0.795148141396175 0.8419833136688476 0.013449693868024231 0.010077571064146014
1 0.8168148080628417 0.8418572606896102 0.013449693868024231 0.010077571064146014
1 0.6767566277954962 0.8476717568631439 0.013449693868024231 0.010077571064146014
1 0.7872026765118111 0.8086984622506056 0.2623272106938168 0.2015126357508484
1 0.4988693431784778 0.8103759365127644 0.07062058951835108 0.053740581420100096
1 0.49466447349886533 0.7420716923284858 0.08221085015912612 0.19046542638487646
1 0.9046838669213138 0.7380197154393274 0.020155147379587863 0.013449689929552354
1 0.6894887650329269 0.8992608524656646 0.0201163605346909 0.01011635659621902
1 0.8411372059410471 0.7567215113273547 0.020155147379587863 0.013449689929552354
1 0.8537335892213385 0.8199772735965418 0.013488480712921197 0.013410904397479348
1 0.5236172286866476 0.8318971574341572 0.013410907023127265 0.0067442377308126805
1 0.7920475291322233 0.822002706434884 0.013410907023127265 0.0067442377308126805
1 0.47390929768727685 0.6638644119743898 0.03364362809250887 0.02686059432703189
1 0.38954928062807653 0.6093589275083211 0.34891630367068976 0.19535018100113122
1 0.5019699554424294 0.8303565437467278 0.013410907023127265 0.0067442377308126805
1 0.24059652544029414 0.5202316019799643 0.04038786844896947 0.03356604652577156
0 0.5 0.49833333333333335 1 0.9966666666666667