1 0.7746110334667958 0.33073464140141934 0.12087267447164322 0.1534916433886219
1 0.5036134172283889 0.2236393340728828 0.09062056851316849 0.10928539920813307
1 0.3777396315442718 0.6638946342222998 0.05720966411568914 0.09498216493351587
1 0.5313358784315719 0.3278149182727915 0.08732602071190816 0.11585507578067138
1 0.9121686561586684 0.4600428858284245 0.09401208014461152 0.11938238930226135
1 0.46666333302924506 0.8462759016808333 0.06405086567668453 0.1251761451217726
1 0.6164123382832443 0.5986265091587868 0.06058178298109548 0.1017458216943108
1 0.11893339786799154 0.17984168994471142 0.09058178298109552 0.1026187325414664
1 0.8666062659436095 0.5580189187658245 0.08395390184650182 0.10909141901987633
1 0.6446121446792695 0.0478990834528239 0.050387855320730444 0.06812151807859246
1 0.28017342368185477 0.24847100371281802 0.09416722227290354 0.14604905596892812
1 0.8885638241008238 0.50738848315399 0.17124113702633698 0.21827982813388114
1 0.23745954764921615 0.42968337988942285 0.0638375452502828 0.08850947845510594
1 0.4682654586522055 0.0050713402659363915 0.030135749362255715 0.010142680531872783
1 0.8402196831719984 0.7970796778051207 0.11744237730812718 0.13672798662782687
1 0.17944730616795923 0.08976253491706715 0.06715148581757963 0.08527313521590107
1 0.8028194250333656 0.0778099081204034 0.16102781659993545 0.1556198162408068
1 0.5925565114793988 0.40268726819808304 0.14438054269930528 0.18417057404752057
1 0.33116245474971717 0.07701615230089222 0.11412843674083054 0.13996432986703178
1 0.5889333978679916 0.16616608667260893 0.040310284256584436 0.054497214462873984
1 0.9821492633926319 0.4613394271850619 0.030310284256584056 0.054206244180488736
1 0.15247782920277883 0.7154414655759659 0.06377936695217325 0.07850947845510593
1 0.26782689899143614 0.6520953073285366 0.04377936695217329 0.07792753789033555
1 0.9746013370837776 0.3265819024203828 0.027248449647762147 0.10077592075302713
1 0.9597165824675229 0.5936365294635629 0.07436114993326859 0.17880044873749132
1 0.8265793992195023 0.003312693657529439 0.04684120156099539 0.006625387315058878
1 0.05724511601034061 0.7582056832586249 0.043643617589917624 0.054594204557002396
1 0.8803457361512358 0.7742491300089135 0.23162899234706744 0.2866923164948586
1 0.1911031652391338 0.37770790787388697 0.057093307519470025 0.07498216493351587
1 0.19533715098069132 0.5092290893993611 0.08720966411568915 0.09585507578067147
1 0.13166444424171894 0.5694052345211337 0.03699634368928751 0.057733557702079
1 0.9731759687800934 0.5715819024203829 0.04732602071190816 0.11469119465113067
1 0.8614112270707702 0.8781159088599527 0.07375997418613679 0.075467115404158
1 0.911663333029245 0.8333277241146937 0.07744237730812756 0.13556410549828626
1 0.3745722479347227 0.34904011936349233 0.053740581420100186 0.07155184150605418
1 0.5832848514182419 0.0003801456148056485 0.07343029716351604 0.000760291229611297
1 0.619648707786395 0.6151961857313251 0.08753934113830988 0.15252174244733813
1 0.5513164856655355 0.3305663110413545 0.043740581420100094 0.07126087122366907
1 0.05731299069146842 0.7465390165919582 0.06058178298109553 0.101745821694311
1 0.4130424418427856 0.04490802005825971 0.12724844964776214 0.08981604011651942
0 0.5 0.5 1 1