0 0.5466666666666666 0.4866666666666667 0.9 0.9733333333333334
1 0.6216666666666667 0.725 0.09666666666666666 0.185
1 0.13333333333333333 0.5033333333333333 0.06833333333333333 0.105
1 0.30333333333333334 0.43166666666666664 0.03 0.056666666666666664
1 0.7766666666666666 0.8166666666666667 0.09666666666666666 0.15
1 0.26 0.4083333333333333 0.12333333333333334 0.15333333333333332
1 0.26 0.4633333333333333 0.028333333333333332 0.045
1 0.29333333333333333 0.35833333333333334 0.025 0.03333333333333333
1 0.6333333333333333 0.7616666666666667 0.023333333333333334 0.05333333333333334
1 0.5866666666666667 0.79 0.021666666666666667 0.045
1 0.21666666666666667 0.38666666666666666 0.02666666666666667 0.055
1 0.7733333333333333 0.8616666666666667 0.07166666666666667 0.06333333333333334
1 0.5966666666666667 0.745 0.02666666666666667 0.045
1 0.61 0.7916666666666666 0.03166666666666667 0.04666666666666667
1 0.755 0.7933333333333333 0.05333333333333334 0.09
1 0.26 0.355 0.095 0.045
1 0.8116666666666666 0.8166666666666667 0.03333333333333333 0.06666666666666667
1 0.6566666666666666 0.6616666666666666 0.02666666666666667 0.04666666666666667
1 0.25166666666666665 0.3516666666666667 0.02666666666666667 0.03333333333333333
1 0.8733333333333333 0.61 0.035 0.07
1 0.23666666666666666 0.44666666666666666 0.025 0.043333333333333335
1 0.21333333333333335 0.44333333333333336 0.225 0.225
1 0.6 0.7683333333333333 0.05 0.09666666666666666
1 0.635 0.13333333333333333 0.06666666666666667 0.1
1 0.8033333333333333 0.87 0.015 0.045
1 0.7633333333333333 0.8616666666666667 0.04666666666666667 0.04666666666666667
1 0.255 0.37333333333333335 0.10333333333333333 0.08333333333333333
1 0.22666666666666666 0.3516666666666667 0.02666666666666667 0.03333333333333333