0 0.5 0.5 0.9966666666666667 1
1 0.26 0.6333333333333333 0.06 0.07333333333333333
1 0.5233333333333333 0.5066666666666667 0.055 0.07666666666666666
1 0.5433333333333333 0.7783333333333333 0.15166666666666667 0.22666666666666666
1 0.53 0.7016666666666667 0.045 0.07333333333333333
1 0.1 0.7633333333333333 0.03833333333333333 0.09666666666666666
1 0.535 0.14333333333333334 0.07 0.16333333333333333
1 0.33166666666666667 0.5216666666666666 0.03666666666666667 0.05333333333333334
1 0.02666666666666667 0.6433333333333333 0.041666666666666664 0.11333333333333333
1 0.5866666666666667 0.7566666666666667 0.06666666666666667 0.055
1 0.5066666666666667 0.8333333333333334 0.06333333333333334 0.11666666666666667
1 0.28 0.43166666666666664 0.028333333333333332 0.06333333333333334
1 0.34 0.24666666666666667 0.03833333333333333 0.095
1 0.8166666666666667 0.725 0.05 0.05