0 0.495 0.49666666666666665 0.99 0.9933333333333333
1 0.5316666666666666 0.605 0.06333333333333334 0.11
1 0.8033333333333333 0.435 0.06333333333333334 0.065
1 0.4066666666666667 0.8666666666666667 0.06333333333333334 0.09666666666666666
1 0.51 0.235 0.041666666666666664 0.06
1 0.5733333333333334 0.8933333333333333 0.02666666666666667 0.05333333333333334
1 0.5733333333333334 0.9666666666666667 0.03666666666666667 0.056666666666666664
1 0.5966666666666667 0.59 0.03166666666666667 0.045
1 0.63 0.5866666666666667 0.03166666666666667 0.025
1 0.205 0.3983333333333333 0.016666666666666666 0.03333333333333333
1 0.39166666666666666 0.33666666666666667 0.11 0.155
1 0.435 0.38166666666666665 0.19666666666666666 0.24333333333333335
1 0.20333333333333334 0.3566666666666667 0.013333333333333334 0.02
1 0.6033333333333334 0.3466666666666667 0.021666666666666667 0.023333333333333334
1 0.5533333333333333 0.2816666666666667 0.12833333333333333 0.15666666666666668
1 0.5216666666666666 0.925 0.016666666666666666 0.05
1 0.5133333333333333 0.985 0.028333333333333332 0.025
1 0.5483333333333333 0.41833333333333333 0.03333333333333333 0.02666666666666667
1 0.48333333333333334 0.4066666666666667 0.021666666666666667 0.02666666666666667
1 0.6116666666666667 0.5883333333333334 0.06666666666666667 0.04666666666666667
1 0.43 0.855 0.016666666666666666 0.055
1 0.605 0.6033333333333334 0.013333333333333334 0.016666666666666666