0 0.5416666666666666 0.5 0.9166666666666666 1
1 0.36333333333333334 0.21333333333333335 0.125 0.185
1 0.22333333333333333 0.5533333333333333 0.085 0.145
1 0.37666666666666665 0.49833333333333335 0.11 0.21333333333333335
1 0.72 0.6283333333333333 0.07666666666666666 0.13333333333333333
1 0.955 0.5966666666666667 0.08666666666666667 0.11333333333333333
1 0.2816666666666667 0.10333333333333333 0.02666666666666667 0.045
1 0.7433333333333333 0.8316666666666667 0.043333333333333335 0.05
1 0.10666666666666667 0.8916666666666667 0.041666666666666664 0.04666666666666667
1 0.125 0.525 0.035 0.04666666666666667
1 0.24833333333333332 0.23666666666666666 0.06833333333333333 0.15833333333333333