0 0.4992433833276788 0.46836237082222176 0.9984867666553576 0.8966085916888897
1 0.05506868057045215 0.7597658539009629 0.02736508205650163 0.020620673556148102
1 0.2068994011467774 0.5130964002033331 0.05980953592092395 0.09131893130681495
1 0.15459252037276205 0.5326322885517035 0.034264553853113285 0.027442508611851886
1 0.07020625366085911 0.7077888504562221 0.030698415389834963 0.02069825775066685
1 0.11106341266653551 0.5869354243165185 0.02379894359322331 0.013876422694963064
1 0.029523769152475683 0.6188362370822221 0.059047538304951366 0.041396515501333324
1 0.14538085750831786 0.7010432060795554 0.040698415389834965 0.02093101033422234
1 0.1332697511071957 0.6663535428576296 0.02736508205650163 0.020620673556148102
1 0.2610581023727183 0.7266610926047405 0.12519577437289323 0.05620394853051872
1 0.16311100749135424 0.7655777009124444 0.044264553853113286 0.027675261195407377
1 0.11740204216371918 0.5484857146914073 0.020465610259889976 0.013798838500444313
1 0.1587935626495719 0.6507716613987405 0.02058201282486247 0.017132171833777837
1 0.09989938701681057 0.6205015102334073 0.020465610259889976 0.013798838500444504
1 0.20407932941802018 0.26003461155081464 0.07969313335595146 0.0884511031405926
1 0.13907932941802018 0.2615475033439258 0.034264553853113285 0.027442508611851886
1 0.24053436148017635 0.2175533108417035 0.0919788436045324 0.058761439918666745
1 0.2894602575761723 0.4379010462015553 0.12337567438420233 0.0994596976693335
1 0.3635713781072613 0.36623298601940707 0.08151323334464242 0.04519535400177783
1 0.44502641016941735 0.3227042986842959 0.10946032822600651 0.08248269422459269
1 0.31411636017507194 0.30410220770111085 0.1817460384745874 0.05418954650400015
1 0.5354443690846212 0.5470822316126662 0.1402751461808138 0.10651428530859278
1 0.35778297032187123 0.7227444842970367 0.08542857950283822 0.06193960486296305
1 0.3475289946664918 0.7779384447833331 0.04783069231639161 0.034419512056592605
1 0.3410157613218494 0.8213881544084441 0.051746038474587405 0.05116376291777783
1 0.2937300510732685 0.7925131252289627 0.04093122051977995 0.02759767700088901
1 0.7596718921806828 0.4685895493438512 0.16232805129944988 0.07039070800355565
1 0.8982380306439611 0.4587031386046659 0.1755873231186797 0.16395679392044465
1 0.900756546022487 0.4819588877434808 0.07876191283617155 0.06178443647392593
1 0.8608359178304077 0.43292869017496227 0.061280428214697244 0.03806318216799999
1 0.7686877806722338 0.35347317305207343 0.14899471796611655 0.0700803712254816
1 0.5533809140281852 0.27188827112636993 0.09209524616950489 0.06209477325200008
1 0.6326824986383502 0.2900262504579254 0.038063497446336594 0.04085342613970378
1 0.5613862101920355 0.2333997694039995 0.06841270514125407 0.05155168389037044
1 0.728693090966051 0.2111872263447401 0.12519577437289323 0.05620394853051863
1 0.6298941473728277 0.22680929341636982 0.04736508205650163 0.021086178723259272
1 0.9645343190902759 0.5154459959503696 0.031396830779669926 0.04069825775066666
1 0.8224972742032571 0.5770378654534808 0.0656613846327832 0.06814076636251855
1 0.7566824562484498 0.6018840905799252 0.020698415389834964 0.02046550516711117
1 0.47555553200561085 0.16378908389207367 0.0340317487231683 0.02077584194518522
1 0.46158198456492877 0.1824327540034811 0.044264553853113286 0.02767526119540747
1 0.4474920345592742 0.20440975744822185 0.05473016411300326 0.041241347112296343
1 0.42834388327113343 0.22816980385140706 0.03449735898305827 0.034109175278518554
1 0.3834020845536197 0.22755052381074042 0.06542857950283822 0.06147409969585188
1 0.42452907944629287 0.1466583055737774 0.06128042821469743 0.03806318216800008
1 0.5656824845083834 0.39650035015377727 0.179619071841848 0.18403437811496304
1 0.6411110640112216 0.33479349787436985 0.04783069231639161 0.034419512056592605
1 0.9247459536947863 0.5580048808539991 0.10876191283617155 0.06248269422459278
1 0.8627089088077677 0.6177347296886659 0.06081481795480727 0.024729848834666654
1 0.4050157895817831 0.6100692231016293 0.12314286925425734 0.09279303100266664
1 0.5235554472258098 0.7921598158071846 0.04093122051977995 0.02759767700088901
1 0.28257664601117793 0.5396452970627404 0.0339153461581958 0.017442508611851888
1 0.8932221704123439 0.3638970990909622 0.06128042821469762 0.03806318216799999
1 0.940333276813466 0.39777212827044367 0.03449735898305827 0.034109175278518554
1 0.9133015422202645 0.3134703860211103 0.10151323334464223 0.045660859168889
1 0.7472380589038947 0.2523883878442957 0.04081481795480746 0.024264343667555578