1 0.18 0.23 0.07 0.07
1 0.69 0.09666666666666666 0.023333333333333334 0.056666666666666664
1 0.26166666666666666 0.016666666666666666 0.03333333333333333 0.03333333333333333
1 0.485 0.7466666666666667 0.02 0.045
1 0.6266666666666667 0.445 0.025 0.03
1 0.30333333333333334 0.49333333333333335 0.025 0.02666666666666667
1 0.6966666666666667 0.27166666666666667 0.02666666666666667 0.04666666666666667
1 0.43 0.6933333333333334 0.025 0.04
1 0.5983333333333334 0.6883333333333334 0.02 0.03666666666666667
1 0.29833333333333334 0.715 0.05 0.055
1 0.43 0.5716666666666667 0.056666666666666664 0.08666666666666667
1 0.37 0.64 0.018333333333333333 0.025
1 0.6833333333333333 0.38333333333333336 0.018333333333333333 0.023333333333333334
1 0.5783333333333334 0.83 0.023333333333333334 0.045
0 0.45 0.5 0.7933333333333333 1