0 0.5 0.5 1 1
1 0.5933699956670584 0.5580267335275323 0.18221097489090765 0.13190413174959947
1 0.4150450978322111 0.46816720851633686 0.1246133714280693 0.07692196681608361
1 0.579326238958688 0.32665103714325083 0.06736486926379523 0.04193980188256773
1 0.5562416458817283 0.8192391097041372 0.20500378527942226 0.29248607231436985
1 0.6081916597383539 0.26077812629609537 0.10829580605996701 0.09643701634544168
1 0.10964624848237202 0.3586599737486867 0.1657770424232838 0.14475251461229088
1 0.2791263818139479 0.6105256307559983 0.21108861644848181 0.25934671916929325
1 0.2462876086535807 0.6398288650306153 0.11122185454497525 0.07320067310623661
1 0.6277384121181765 0.4252931758254535 0.057306685714034605 0.038315498266849206
1 0.4949662580060559 0.3657909512101914 0.06742305281355622 0.04527313521590107
1 0.6115540848465676 0.2623478028686337 0.17308372813731845 0.18161316146721437
1 0.09025717575485964 0.394241914313457 0.11128003809473595 0.07653400643957013
1 0.5955818354976073 0.025574125803062422 0.12449700432854797 0.051148251606124844
1 0.6353613220764728 0.19328704382933745 0.08414790302998351 0.049091419019876334
1 0.5195007896079702 0.3383968588375618 0.37576017142631185 0.34076590044825084
1 0.5711674562746369 0.3368935123785718 0.08449700432854797 0.06909141901987634
1 0.541005126403263 0.5195300799865223 0.4320439948004702 0.7022207518601769
1 0.2562003333289396 0.6345378947482303 0.14209460779138605 0.1240735839533922
1 0.7763204857078835 0.912886258538728 0.15186187359234318 0.11103122090244408
1 0.7430921636358044 0.06008637072310069 0.10133822164449668 0.07957636949051825
1 0.4769116216436179 0.19122740663376914 0.11244370908995052 0.14320067310623674