1 0.32 0.6666666666666666 0.125 0.165
1 0.74 0.49666666666666665 0.105 0.18
1 0.055 0.5066666666666667 0.10666666666666667 0.155
1 0.45 0.425 0.12833333333333333 0.18
1 0.3883333333333333 0.3233333333333333 0.02 0.03333333333333333
1 0.3433333333333333 0.6866666666666666 0.02666666666666667 0.035
1 0.51 0.8666666666666667 0.011666666666666667 0.016666666666666666
1 0.31666666666666665 0.2966666666666667 0.018333333333333333 0.02666666666666667
1 0.3933333333333333 0.3333333333333333 0.03166666666666667 0.05333333333333334
1 0.025 0.8683333333333333 0.05 0.18666666666666668
1 0.4 0.34833333333333333 0.015 0.023333333333333334
0 0.5 0.49833333333333335 0.9983333333333333 0.9966666666666667