0 0.4716666666666667 0.49666666666666665 0.9433333333333334 0.9933333333333333
1 0.49333333333333335 0.4033333333333333 0.08 0.115
1 0.7883333333333333 0.7983333333333333 0.11333333333333333 0.15333333333333332
1 0.7033333333333334 0.4216666666666667 0.08833333333333333 0.12333333333333334
1 0.48 0.9266666666666666 0.10666666666666667 0.14
1 0.2866666666666667 0.085 0.21333333333333335 0.17
1 0.36 0.6066666666666667 0.23 0.21
1 0.03333333333333333 0.96 0.055 0.075
1 0.41 0.5933333333333334 0.12833333333333333 0.17666666666666667
1 0.41333333333333333 0.34 0.08 0.105
1 0.3516666666666667 0.30833333333333335 0.205 0.195
1 0.31 0.6233333333333333 0.11833333333333333 0.18333333333333332