1 0.6814567644868712 0.38818450655655573 0.24613706887137557 0.21573650776365308
1 0.6019225219723487 0.39399188421391246 0.11294979740802394 0.0690981890544678
1 0.6652512599930933 0.3258190694994485 0.08946121157953144 0.06454200753786363
1 0.3537763612890813 0.27790599125503906 0.148767170663904 0.12417844836390259
1 0.7565254471424874 0.8576462547849845 0.1597717165698498 0.07487721875434318
1 0.7056350429516165 0.8716051861886941 0.07155252495159156 0.03700187788314603
1 0.32823297755602426 0.26492913010629643 0.0873698982074715 0.09103398160692014
1 0.499466053925334 0.7643696173666141 0.14326030239834228 0.07733708909962578
1 0.3293197450221384 0.28826246343962975 0.07852969660857657 0.04401792974503318
0 0.5011643937136937 0.48620388964152056 0.9976712125726126 0.8724077792830411
1 0.3543016108049976 0.6104532078991267 0.1779909081881082 0.10908401507572724
1 0.37729251899310584 0.7114140171859825 0.12814616068326737 0.10979695944490837
1 0.2788404486321088 0.6680145985219552 0.2022557564923965 0.13030686325899807
1 0.47576272357124366 0.4339328858725888 0.11752515070263068 0.0959395483187446
1 0.3694019665823066 0.3635174153466746 0.27714161477732147 0.16748343373975444
1 0.17921019861965204 0.3851392576507583 0.16876717066390404 0.12522660394956348
1 0.6186348947316881 0.5029366416388812 0.21830141317842655 0.11784699291371528
1 0.5940411601867269 0.18907923051271752 0.07884020159889493 0.050684596411699846
1 0.5467169680719282 0.20821285451403718 0.1196164640746908 0.06944757424968813
1 0.4119133313471714 0.24105045801202152 0.21752515070263076 0.10118032624704881
1 0.8435388872337539 0.22709382903467276 0.08946121157953163 0.06454200753786363
1 0.9250229765629433 0.40593706618209574 0.10876717066390408 0.12208213719258093
1 0.8741210840906009 0.5068247031488872 0.2517578318187983 0.1538007152112008
1 0.910248962336799 0.677079655055932 0.17950207532640206 0.24732291512088503
1 0.8730276706888176 0.7174432142298931 0.16845666567358572 0.11855993728289681
1 0.8867583258852261 0.86945926609178 0.10388131237897899 0.08857411126163735
1 0.6333427709917244 0.7830239879376862 0.2155890898257299 0.13100563364943849
1 0.6997308528229796 0.6734465454529709 0.11868494910373575 0.049447574249688084
0 0.9323928747704148 0.966574535804852 0.13521425045917038 0.06685092839029608
0 0.4255620120166255 0.9066666666666666 0.7753608063955797 0.18666666666666668
1 0.24494559734857754 0.9754815558566082 0.10108676746611413 0.02857411126163735
1 0.08319670912174262 0.8938503241367933 0.08814616068326737 0.10770064827358662
1 0.2207172645117847 0.9193460539721423 0.052949797408024135 0.06595372229748515