1 0.6633333333333333 0.5983333333333334 0.10833333333333334 0.22666666666666666
1 0.7433333333333333 0.3333333333333333 0.11333333333333333 0.13666666666666666
1 0.3283333333333333 0.6233333333333333 0.31333333333333335 0.43
1 0.21333333333333335 0.7716666666666666 0.08833333333333333 0.13333333333333333
1 0.64 0.9366666666666666 0.11833333333333333 0.12
1 0.8 0.14666666666666667 0.16166666666666665 0.25333333333333335
1 0.5916666666666667 0.095 0.06333333333333334 0.07
1 0.7016666666666667 0.043333333333333335 0.05 0.06333333333333334
1 0.31333333333333335 0.7333333333333333 0.085 0.14333333333333334
1 0.45 0.4666666666666667 0.07 0.12
1 0.6266666666666667 0.03 0.058333333333333334 0.06
1 0.6566666666666666 0.6533333333333333 0.09166666666666666 0.11666666666666667
1 0.62 0.16666666666666666 0.03666666666666667 0.055
1 0.42333333333333334 0.09666666666666666 0.045 0.056666666666666664
1 0.43666666666666665 0.06333333333333334 0.07833333333333334 0.125
1 0.7616666666666667 0.05333333333333334 0.04666666666666667 0.06666666666666667
1 0.30333333333333334 0.5583333333333333 0.18833333333333332 0.15333333333333332
1 0.355 0.6083333333333333 0.09666666666666666 0.10333333333333333
0 0.49666666666666665 0.49666666666666665 0.9933333333333333 0.9933333333333333