1 0.960204798599611 0.3065924638528946 0.0795904028007779 0.03946032822600652
1 0.6770991602800438 0.7299946190563485 0.1717454080203627 0.15593653081359718
1 0.6239403677487467 0.7468570600959085 0.05379877547209674 0.041862441039559904
1 0.9576951018883869 0.3199839984687142 0.08460979622322612 0.06969313335595151
1 0.6598894777848199 0.6839099652145444 0.03356605440271513 0.02116402564972494
1 0.8373659975387138 0.174174490807724 0.07042665529386644 0.03911112053108899
1 0.971049580140022 0.34290992282464383 0.05356605440271513 0.0218624410395599
1 0.576631382813476 0.4067036267738842 0.13104724481221752 0.09453970003392717
0 0.5 0.5 1 1
1 0.3218629362189557 0.2922168883784603 0.13135753957139323 0.12120636670059383
1 0.150603531423707 0.33321162047454367 0.20472965974962348 0.12710055646332202
1 0.11938408113725735 0.5160423127909352 0.12771391147888428 0.09442329746895477
1 0.08368708559301441 0.600656074338966 0.14093088427752676 0.08488890772884475