0 0.4 0.5683333333333334 0.8 0.8616666666666667
1 0.5333333333333333 0.27166666666666667 0.17166666666666666 0.20833333333333334
1 0.3416666666666667 0.48 0.15333333333333332 0.20166666666666666
1 0.6533333333333333 0.41833333333333333 0.09 0.17833333333333334
1 0.575 0.66 0.13 0.25166666666666665
1 0.30833333333333335 0.7716666666666666 0.10666666666666667 0.17833333333333334
1 0.4083333333333333 0.6166666666666667 0.10666666666666667 0.145
1 0.6666666666666666 0.8416666666666667 0.09 0.16
1 0.71 0.915 0.03666666666666667 0.08666666666666667
1 0.6716666666666666 0.685 0.06666666666666667 0.11166666666666666
1 0.7033333333333334 0.6266666666666667 0.056666666666666664 0.12666666666666668
1 0.7733333333333333 0.7183333333333334 0.055 0.17
1 0.7433333333333333 0.49166666666666664 0.06166666666666667 0.13333333333333333
1 0.7066666666666667 0.31333333333333335 0.06 0.14666666666666667
1 0.6316666666666667 0.21 0.07666666666666666 0.145