0 0.5 0.5 1 1
1 0.345993770564996 0.3065699309521305 0.16934310995566004 0.1620679632138403
1 0.5823986112577393 0.30916675652181075 0.1728509939382756 0.17224265581145035
1 0.3540774987023144 0.12964122538904865 0.09794670476140255 0.0783994186640273
1 0.3532178311734531 0.65587116056169 0.14203642424162544 0.12400375576629244
1 0.6855620441608541 0.6950685674673429 0.17490428917687287 0.09908401507572724
1 0.5569584493551115 0.6218815787741382 0.1454861246744802 0.13084511503056925
1 0.6523733047622814 0.027130594904993092 0.07110548744545364 0.054261189809986184
1 0.3248216640712954 0.2793720995032631 0.03391516883094056 0.0350802593094347
1 0.5947052969717741 0.2718886657635086 0.1181794389604454 0.09278090758302152
1 0.1429269134246495 0.6835434608777953 0.122327341990429 0.13962226684729823
1 0.909980208663247 0.716610150461992 0.13823762251020602 0.09716239650201564
1 0.5718167757601321 0.3430241676479745 0.13496247272663367 0.10032103723773882
1 0.6435584969735314 0.525760250868413 0.23308372813731845 0.1887204559017662