1 0.0836366221090961 0.8333333333333334 0.10131875272649625 0.11333333333333333
1 0.7001904312327784 0.41333333333333333 0.08445815183534477 0.09666666666666666
1 0.025830414173577995 0.7683333333333333 0.05166082834715599 0.10333333333333333
1 0.47974438251646345 0.45166666666666666 0.16519510188838693 0.16
1 0.21028856600892284 0.26166666666666666 0.15166783433056882 0.14333333333333334
1 0.10357960950565281 0.695 0.043915136006787564 0.05
1 0.1734667519626684 0.275 0.04081452374283591 0.07
1 0.5093759074899424 0.48333333333333334 0.08104724481221752 0.09
1 0.22705219978783187 0.25333333333333335 0.047558764099296505 0.07666666666666666
1 0.5270281357097749 0.8283333333333334 0.023643628092508872 0.02666666666666667
1 0.34914435408446287 0.36 0.457367165202616 0.3466666666666667
1 0.2602303857415774 0.26666666666666666 0.037248469340120875 0.05
1 0.2436606861871531 0.25833333333333336 0.0810472448122176 0.09
1 0.4220704255463782 0.395 0.030426655293866435 0.03666666666666667
1 0.22028856600892283 0.26166666666666666 0.0305818026734543 0.05
0 0.5 0.5 1 1