1 0.1294765747870701 0.3632957141523385 0.07967335958464664 0.10422543076596318
1 0.7580295381368521 0.13386279405895282 0.05870345864336286 0.07065937636324814
1 0.699458739720586 0.3132422045406017 0.08300669291798006 0.10426421761086013
1 0.7496348848423586 0.25047128045827405 0.0729097028238516 0.10081452374283591
1 0.5405306409083863 0.4464386162528935 0.0554671154041578 0.0739539228516846
1 0.4818756773120877 0.5141125732229788 0.052618732541466595 0.0905818026734543
1 0.4244737701777503 0.8252168306386396 0.038315498266849206 0.0570933219605331
1 0.6154308462049382 0.9091331343093293 0.06889743883161942 0.0774424035646056
1 0.08606408642609246 0.42281087859112665 0.047927537890335686 0.04387634916189057
1 0.8543924096070377 0.26002639940586125 0.04184281178843927 0.06379877547209674
0 0.5 0.5 1 1