1 0.4633333333333333 0.24 0.09 0.14
1 0.31 0.23 0.075 0.135
1 0.3566666666666667 0.8383333333333334 0.07333333333333333 0.21666666666666667
1 0.6 0.23333333333333334 0.035 0.08333333333333333
1 0.59 0.5733333333333334 0.065 0.12666666666666668
1 0.7366666666666667 0.69 0.08166666666666667 0.215
1 0.75 0.7233333333333334 0.056666666666666664 0.15
1 0.725 0.6316666666666667 0.056666666666666664 0.09666666666666666
1 0.67 0.9216666666666666 0.085 0.15333333333333332
1 0.52 0.895 0.06 0.13
0 0.495 0.49666666666666665 0.99 0.9933333333333333