1 0.8729734344009474 0.7849265653960897 0.1800423410508688 0.10386528170304586
1 0.10956072925969323 0.8659621038076493 0.06116402564972494 0.035778145987197835
1 0.44313217801678867 0.702583545674001 0.0479470948813641 0.03856818761967247
1 0.4159629409830145 0.14615173329367356 0.34043388979665534 0.2169156258548035
1 0.42425386261564463 0.7665959936334079 0.07507937180792074 0.052988104354723384
1 0.8856454537513317 0.3267290549879712 0.04736508205650163 0.021901520953005803
1 0.6482009292370751 0.9305575451269268 0.09461376154803076 0.04046970857267828
1 0.051235432016919887 0.3209564321420761 0.10247086403383977 0.12434633360687049
1 0.6719840125986811 0.8214092742423053 0.0678306923163916 0.03604979183762737
1 0.45014805237837285 0.6923118998235717 0.06232805129944988 0.06911147932053135
1 0.6528359319603746 0.3212366597530003 0.04736508205650163 0.021901520953005803
1 0.9293279947795825 0.3149633569601801 0.02736508205650163 0.021086583401717575
1 0.8803544473389003 0.33526612270912654 0.13232805129944988 0.07196376075004006
0 0.5 0.5 1 1
1 0.5418041691072394 0.45058299335987073 0.5548889077288447 0.16241078266042583
1 0.22053429083034212 0.7382824368674454 0.34194712314129777 0.2602489591881367
1 0.18804225627106788 0.5249123119700219 0.19465610259889965 0.14107524007057123
1 0.24077771654792143 0.444541634758468 0.2258941897627282 0.08243346932271833
1 0.7742909640225306 0.2746803677786044 0.08128042821469743 0.03992641687181949
1 0.8476296076496812 0.12856266447836964 0.14267725899436737 0.08237122952568413
1 0.6532063101807265 0.26297123788227433 0.12519577437289323 0.05835878156627729
1 0.668460285836106 0.20742794618141552 0.1278306923163916 0.03849460449149201
1 0.6012538767456115 0.6545332015222435 0.16039154874578648 0.11305034415175783
1 0.7633173318020476 0.9225383208736863 0.13256085642939486 0.07863042741670673
1 0.8859152189884942 0.890914117436683 0.1400423410508688 0.10223540660046941
1 0.7382062395308923 0.7837607272006185 0.13922752309606154 0.07890207326713608
1 0.46880411258737203 0.872959894551128 0.2276402282373156 0.13243346932271835
1 0.324269722847262 0.8655348584646343 0.19465610259889965 0.14107524007057123
1 0.04622746657619412 0.8026230988087426 0.09245493315238824 0.22808713571584804
1 0.02785179219199184 0.9265676353055422 0.05570358438398368 0.0868647293889156
1 0.508661299852982 0.5418053996868031 0.18085715900567645 0.1271986150363792
1 0.7305978024066455 0.572705263697418 0.21015874361584147 0.10842102136331144
1 0.8890316780733342 0.4680561643416011 0.19074075644070376 0.12427275047868988