1 0.555 0.6016666666666667 0.05333333333333334 0.07666666666666666
1 0.3233333333333333 0.685 0.06166666666666667 0.105
1 0.5866666666666667 0.37166666666666665 0.06833333333333333 0.18666666666666668
1 0.5333333333333333 0.8333333333333334 0.058333333333333334 0.115
1 0.35333333333333333 0.5366666666666666 0.041666666666666664 0.06333333333333334
1 0.37 0.4533333333333333 0.05333333333333334 0.08333333333333333
1 0.58 0.4216666666666667 0.055 0.08333333333333333
1 0.33 0.6866666666666666 0.021666666666666667 0.03
1 0.845 0.7216666666666667 0.07 0.056666666666666664
1 0.7616666666666667 0.43666666666666665 0.07333333333333333 0.145
1 0.78 0.6566666666666666 0.06166666666666667 0.08
0 0.5016666666666667 0.5016666666666667 0.9966666666666667 0.9966666666666667
1 0.6183333333333333 0.135 0.105 0.09833333333333333
1 0.625 0.028333333333333332 0.11166666666666666 0.056666666666666664