1 0.8416326366732279 0.5139080582026473 0.13148270884621563 0.20358863348275028
1 0.31760317371710156 0.7267229764754387 0.09461797945729984 0.11595206587479993
1 0.5130757923847016 0.29459700916632214 0.035234854286339136 0.047636567607950535
1 0.3996716374938392 0.8206689103541226 0.1062478545598763 0.15624303615718493
1 0.5542048390160825 0.20090637543705536 0.03203734387822048 0.0508729108471555
1 0.6401244795940684 0.18509478455106007 0.03176569802779113 0.04420624418048879
1 0.8172721981645598 0.12033224963399294 0.028296541769243126 0.040775920753027085
1 0.7710638967394251 0.37535008470047704 0.15305034415175764 0.1609342308083157
1 0.6387011004499654 0.599561339033354 0.10155629197439604 0.12281271272972315
1 0.692741906737238 0.2099314643433834 0.03176569802779113 0.04420624418048879
1 0.47946514153536574 0.3685301181309099 0.028296541769243126 0.040775920753027134
1 0.048418111268389796 0.7388667788510395 0.04223540660046944 0.13773355770207898
1 0.6530248959188136 0.052294896735432875 0.024284093809836236 0.02401226399223204
1 0.6320005523141302 0.10828263274320084 0.021086583401717575 0.027248607231436968
1 0.5980135525876674 0.2138339133273911 0.024555739660265773 0.03067893065889867
1 0.5985002761570651 0.06236122684898117 0.021086583401717575 0.027248607231436992
1 0.6222354066004694 0.15460983408041815 0.0244199167350511 0.027345597325565383
1 0.5778352664327893 0.33143982095476154 0.024555739660265773 0.03067893065889867
1 0.7908544906860299 0.4525017018377856 0.27970566748727815 0.32775920753027094
1 0.6649461934391904 0.3040100584491637 0.024284093809836236 0.024012263992232004
1 0.7394142450694778 0.12971964908864253 0.027889072993599107 0.030775920753027083
1 0.4592132722523072 0.5660390356641519 0.021222406326932248 0.030581940564770396
1 0.5246688759231878 0.3748394844016431 0.021086583401717766 0.027248607231436968
1 0.7174391409882915 0.16237405176307718 0.017617427143169568 0.023818283803975267
1 0.6687860269092922 0.35739188682956124 0.02122240632693244 0.030581940564770302
1 0.6863157660224837 0.17478597920219083 0.017345781292740222 0.0171516171373086
0 0.5 0.5 1 1