1 0.34705726896986167 0.7047283315863062 0.12713637523934496 0.10051668198796468
1 0.28231757148914477 0.5389024395883217 0.21169211489961062 0.13537029594379665
1 0.774210659205926 0.8311562056826468 0.0919015209530058 0.0519085697389653
1 0.5520600305405131 0.24385623632524267 0.09550650013676848 0.0587693809638651
1 0.3318592062476127 0.7920745042067895 0.05162987510257646 0.04291216837349907
1 0.5503283625061607 0.7760247023091764 0.5839275215000801 0.29339286401612374
1 0.24292877465261095 0.5262321742871211 0.11700055231413027 0.09660091497993145
1 0.2742586455768923 0.08378892938752128 0.07298810435472347 0.07741036905623218
1 0.19127912298266372 0.773658981265037 0.048839833470101915 0.05605135714859936
1 0.48843803636003086 0.013764272504995583 0.03802489591881378 0.027528545009991166
1 0.6935229628193577 0.2406050926003284 0.05577814598719783 0.0631063129317325
1 0.2670459256387154 0.5464427567670381 0.05509903136112446 0.046439646265065825
1 0.35562254649461245 0.12726864876502267 0.041358229252147015 0.03566306803213266
1 0.3505659783631514 0.292171576485906 0.037889072993598914 0.032135590140566134
1 0.7975496642048325 0.9112697158834472 0.030679114626073554 0.018413967690766336
1 0.23187331114941045 0.5119116802409375 0.08230898972864992 0.06132613606426541
1 0.45631300445183226 0.2677226895682244 0.041086583401717766 0.028996401365466037
1 0.3059055356761881 0.28645919468872194 0.04455573966026568 0.0325238792570326
1 0.5445134249548725 0.7963159191465263 0.08537067721155381 0.054853613955831784
0 0.5 0.5 1 1
1 0.6625467541099109 0.3887278434537446 0.058024895918813775 0.03663379082329906
1 0.873738040538326 0.38806633067259816 0.05122240632693244 0.03291216837349917
1 0.5273430197220887 0.4015906980621924 0.06190152095300581 0.05016126871486563
1 0.4228495198588574 0.3544699905923239 0.0374816042179549 0.02213559014056614