1 0.26015850958750725 0.3233333333333333 0.16427275047868997 0.18666666666666668
1 0.708305123529738 0.5733333333333334 0.17733443796159387 0.18
1 0.4481409422766576 0.16833333333333333 0.0284323646944578 0.043333333333333335
1 0.1014149459078784 0.7833333333333333 0.15121106299578604 0.19333333333333333
1 0.5540917027531603 0.145 0.032308989728649824 0.056666666666666664
1 0.13951051485995086 0.29833333333333334 0.028296541769243077 0.04
1 0.30867012907571867 0.44166666666666665 0.028160718844028355 0.03666666666666667
1 0.3851019414560462 0.48833333333333334 0.0284323646944578 0.043333333333333335
1 0.10748727588352802 0.06166666666666667 0.04203734387822053 0.05
1 0.15850594782263827 0.03666666666666667 0.024555739660265676 0.03
1 0.4858857591088173 0.51 0.033123927279938244 0.07666666666666666
1 0.2669496558482424 0.15666666666666668 0.021222406326932248 0.03
1 0.4366639050960152 0.45 0.021494052177361785 0.03666666666666667
1 0.14283250486213792 0.135 0.021222406326932345 0.03
1 0.14279004163247452 0.013333333333333334 0.02775325006838429 0.02666666666666667
1 0.4639474465917212 0.5166666666666667 0.02496320843590979 0.04
1 0.2928268331965648 0.05333333333333334 0.01775325006838424 0.02666666666666667
1 0.11460387455550217 0.17333333333333334 0.024419916735050957 0.02666666666666667
1 0.8635795309508189 0.11666666666666667 0.0284323646944578 0.043333333333333335
1 0.5224788426473035 0.43 0.028160718844028453 0.03666666666666667
1 0.17869557730866265 0.31833333333333336 0.024419916735050957 0.02666666666666667
1 0.539369020269163 0.22 0.01775325006838424 0.02666666666666667
1 0.27058008326494903 0.02666666666666667 0.017617427143169568 0.023333333333333334
1 0.0960385970307514 0.7516666666666667 0.10822295864106261 0.12
1 0.4748614155041339 0.4533333333333333 0.021222406326932248 0.03
1 0.07456708299141193 0.13333333333333333 0.031629875102576414 0.04
1 0.46012171802341695 0.2833333333333333 0.014284093809836236 0.023333333333333334
0 0.5 0.5 1 1