0 0.5816666666666667 0.5 0.7016666666666667 1
1 0.74 0.5183333333333333 0.04833333333333333 0.09333333333333334
1 0.97 0.545 0.058333333333333334 0.08
1 0.77 0.385 0.043333333333333335 0.08166666666666667
1 0.835 0.2783333333333333 0.051666666666666666 0.08
1 0.7866666666666666 0.21333333333333335 0.03666666666666667 0.09
1 0.6816666666666666 0.105 0.11 0.13
1 0.8033333333333333 0.07 0.07333333333333333 0.11333333333333333
1 0.855 0.11833333333333333 0.045 0.04666666666666667
1 0.6116666666666667 0.305 0.07 0.065
1 0.585 0.4666666666666667 0.04666666666666667 0.07166666666666667
1 0.6566666666666666 0.5066666666666667 0.051666666666666666 0.155
1 0.77 0.6783333333333333 0.06333333333333334 0.12
1 0.6333333333333333 0.62 0.06166666666666667 0.12
1 0.785 0.775 0.06166666666666667 0.08
1 0.7533333333333333 0.8716666666666667 0.07166666666666667 0.08166666666666667
1 0.6983333333333334 0.7116666666666667 0.06833333333333333 0.15833333333333333
1 0.515 0.5866666666666667 0.06833333333333333 0.08833333333333333
1 0.5566666666666666 0.6766666666666666 0.07333333333333333 0.09
1 0.5116666666666667 0.44166666666666665 0.08333333333333333 0.17166666666666666
1 0.385 0.04666666666666667 0.055 0.045
1 0.49166666666666664 0.07 0.041666666666666664 0.08333333333333333
1 0.38166666666666665 0.245 0.045 0.065
1 0.43166666666666664 0.17666666666666667 0.02666666666666667 0.08166666666666667
1 0.52 0.2916666666666667 0.05 0.10833333333333334
1 0.5366666666666666 0.12 0.03666666666666667 0.07
1 0.4483333333333333 0.29 0.05 0.09
1 0.3933333333333333 0.4 0.06 0.058333333333333334
1 0.32 0.39666666666666667 0.04666666666666667 0.06
1 0.31 0.285 0.043333333333333335 0.051666666666666666
1 0.31166666666666665 0.21 0.03833333333333333 0.07333333333333333
1 0.2683333333333333 0.6133333333333333 0.06 0.085
1 0.37666666666666665 0.63 0.07 0.08666666666666667
1 0.3466666666666667 0.74 0.055 0.11
1 0.4866666666666667 0.705 0.05333333333333334 0.06833333333333333
1 0.4766666666666667 0.8166666666666667 0.051666666666666666 0.06166666666666667
1 0.49666666666666665 0.9033333333333333 0.021666666666666667 0.08
1 0.5533333333333333 0.845 0.06166666666666667 0.07833333333333334
1 0.465 0.94 0.045 0.075
1 0.535 0.9316666666666666 0.025 0.05
1 0.6233333333333333 0.8866666666666667 0.05 0.11666666666666667
1 0.6333333333333333 0.7333333333333333 0.055 0.09833333333333333