0 0.5 0.5 1 1
1 0.12555652900214928 0.3155403023306666 0.15122185454497525 0.0734912887533335
1 0.30489498873874565 0.8465835084102219 0.15847035670924914 0.10697979047570376
1 0.49746815064576716 0.5119672488363699 0.15829580605996701 0.09697979047570394
1 0.5896293774854 0.538167016820444 0.07783033766188112 0.06845110314059259
1 0.23586810302734723 0.426352149342148 0.1591685593063778 0.14697979047570375
1 0.18183656709688523 0.3875934964544443 0.27723163116730193 0.22969523728385213
1 0.5496378129838859 0.444059235057407 0.05379880173141904 0.02790801377896287
1 0.490693552378065 0.4104169584614811 0.04046546839808571 0.02759767700088891
1 0.2666244891742367 0.46898722492481454 0.0909309367961716 0.0554281065853335
1 0.45814569696650154 0.45619280040666627 0.033682434631897615 0.02077584194518522