1 0.4137895012932919 0.79 0.13847035670924915 0.10333333333333333
1 0.27109240172790416 0.54 0.09806307186092407 0.08
1 0.6781832242398679 0.37333333333333335 0.0908727532464108 0.05
1 0.37468756103516077 0.555 0.10128003809473597 0.07333333333333333
1 0.5608550173097977 0.9083333333333333 0.10806307186092416 0.08
1 0.8693468952350825 0.44 0.11753941991307745 0.05
1 0.6490100147144265 0.6116666666666667 0.09420608657974412 0.05
1 0.17463402770446365 0.17 0.09478792207735144 0.08333333333333333
1 0.6482865056218398 0.8566666666666667 0.10133822164449668 0.07666666666666666
1 0.1237106614671368 0.69 0.06414790302998351 0.04666666666666667
1 0.26225228744369633 0.32 0.13472973852759074 0.08
1 0.6020562155783785 0.8816666666666667 0.20267644328899337 0.15333333333333332
1 0.43123407532288366 0.26166666666666666 0.0809309367961716 0.05333333333333334
1 0.03413481731243387 0.5233333333333333 0.050581835497607246 0.03333333333333333
1 0.875747085708762 0.8066666666666666 0.12513702337591592 0.10333333333333333
1 0.08249345714122519 0.23833333333333334 0.10110548744545378 0.06333333333333334
1 0.15474952986434387 0.845 0.1757770424232838 0.14
1 0.45725607272311863 0.6066666666666667 0.16548612467448018 0.12333333333333334
1 0.09338686666403043 0.385 0.14174550649282175 0.1
1 0.22760517402168304 0.6266666666666667 0.05052365194784651 0.03
1 0.5738308138460806 0.9833333333333333 0.04724850216427399 0.03333333333333333
1 0.6943140181807796 0.15166666666666667 0.0709309367961716 0.05333333333333334
1 0.6513795341972854 0.27 0.07724850216427398 0.03333333333333333
1 0.4389180891707217 0.9883333333333333 0.09374061818165842 0.023333333333333334
1 0.6983653454479948 0.9566666666666667 0.16484610562711224 0.08666666666666667
1 0.08854833159576299 0.8716666666666667 0.037423052813556075 0.043333333333333335
1 0.7242933619043852 0.055 0.05064001904736794 0.03666666666666667
1 0.04126230215812272 0.9316666666666666 0.05064001904736797 0.03666666666666667
1 0.8599240805136261 0.855 0.2637237471846864 0.21333333333333335
1 0.37386920605908824 0.22166666666666668 0.07087275324641089 0.05
1 0.5020570805180197 0.21333333333333335 0.08461337142806921 0.07333333333333333
1 0.5525600761894719 0.14666666666666667 0.05719031861451318 0.03
1 0.6802647463137044 0.97 0.10771397056235969 0.06
1 0.9559507281329248 0.8183333333333334 0.06455518787830859 0.07
1 0.9185774233706434 0.8733333333333333 0.12449700432854797 0.06666666666666667
1 0.37198202597128704 0.4 0.06414790302998351 0.04666666666666667
1 0.0377797246709652 0.6366666666666667 0.054613371428069296 0.07333333333333333
1 0.15716122683963282 0.028333333333333332 0.08098912034593231 0.056666666666666664
1 0.882423052813556 0.043333333333333335 0.10040728484832509 0.023333333333333334
1 0.6673724398226402 0.6133333333333333 0.1446133714280692 0.07333333333333333
1 0.38334090389217806 0.5733333333333334 0.07058183549760733 0.03333333333333333
1 0.7125976034628383 0.05333333333333334 0.09438063722902636 0.06
1 0.06647903029983487 0.4666666666666667 0.11876127445805279 0.12
0 0.5 0.5 1 1