1 0.3206535380437375 0.6714656526497905 0.13213327646933218 0.1878730333672604
1 0.601778356545749 0.5845768014408131 0.1508556459155371 0.36512171285878975
1 0.6145492806280766 0.6333757450340365 0.048140566772750616 0.12829630257628158
1 0.6151516443878813 0.43831754375155024 0.06744240356460561 0.06899471796611654
1 0.6574765197538941 0.5264974437628593 0.03445815183534478 0.0978306923163916
1 0.3912365083810938 0.48051857189839325 0.03403149654147834 0.06116402564972494
1 0.21257348686613645 0.5026243680056982 0.04375998862719977 0.03817990001130909
1 0.20929950146405066 0.3541164308249062 0.027209682495223955 0.04759788718644662
1 0.3544922680246333 0.4859048103503625 0.023721201782302803 0.03414815128814079
1 0.6150535096117369 0.5900424117007032 0.02375998862719977 0.037481484621474125
1 0.07131057907918131 0.892851862841826 0.03720968249522395 0.04794709488136429
1 0.2900740706980875 0.43363496033339893 0.2596532537237317 0.26562966416954853
1 0.6767566277954963 0.8673175013616498 0.15655264145978018 0.2653649972767005
1 0.6391020642478595 0.8159736322204831 0.02387634916189067 0.047481484621474127
1 0.5612365083810938 0.48645510271199033 0.030736950053042163 0.06438095641808578
1 0.28910439957566375 0.5169682936667322 0.04728725618501784 0.054962969242948245
1 0.9278085432633225 0.22080964896065874 0.1423659975387136 0.20822224106217807
1 0.9367624661150069 0.1677673220397566 0.047442403564605606 0.06829630257628154
0 0.5 0.5 1 1
0 0.174231624485481 0.8525 0.348463248970962 0.295
0 0.9320281357097748 0.8437566731921886 0.12066171169105246 0.31248665361562283
1 0.4035202615744053 0.8577672513899224 0.1282569273074415 0.14108996413562144