1 0.525 0.095 0.08333333333333333 0.125
1 0.4666666666666667 0.26 0.08833333333333333 0.11
1 0.695 0.62 0.07 0.11
1 0.6466666666666666 0.3933333333333333 0.065 0.09333333333333334
1 0.29 0.3883333333333333 0.06666666666666667 0.10333333333333333
1 0.23666666666666666 0.15833333333333333 0.058333333333333334 0.10333333333333333
1 0.6366666666666667 0.08333333333333333 0.07166666666666667 0.105
0 0.5183333333333333 0.49666666666666665 0.9566666666666667 0.9933333333333333
1 0.34833333333333333 0.23333333333333334 0.12833333333333333 0.08833333333333333
1 0.37166666666666665 0.03333333333333333 0.09 0.06666666666666667
1 0.245 0.041666666666666664 0.14 0.08333333333333333
1 0.26166666666666666 0.26666666666666666 0.07833333333333334 0.09666666666666666
1 0.18833333333333332 0.35833333333333334 0.11666666666666667 0.225
1 0.225 0.705 0.10833333333333334 0.215
1 0.22 0.5733333333333334 0.1 0.11166666666666666
1 0.395 0.45166666666666666 0.11166666666666666 0.16
1 0.49666666666666665 0.41 0.06 0.155
1 0.6 0.595 0.12666666666666668 0.13166666666666665
1 0.5816666666666667 0.4866666666666667 0.06166666666666667 0.05333333333333334
1 0.455 0.5966666666666667 0.13333333333333333 0.15
1 0.3233333333333333 0.6083333333333333 0.11666666666666667 0.17833333333333334
1 0.7266666666666667 0.17166666666666666 0.09833333333333333 0.14
1 0.5983333333333334 0.25166666666666665 0.13333333333333333 0.12666666666666668
1 0.8116666666666666 0.07666666666666666 0.14333333333333334 0.15333333333333332
1 0.9683333333333334 0.29833333333333334 0.06333333333333334 0.12333333333333334
1 0.9566666666666667 0.415 0.08666666666666667 0.13
1 0.855 0.30666666666666664 0.11166666666666666 0.18
1 0.7816666666666666 0.36333333333333334 0.10333333333333333 0.195
1 0.86 0.6233333333333333 0.07666666666666666 0.15166666666666667
1 0.725 0.78 0.09666666666666666 0.22666666666666666
1 0.62 0.7383333333333333 0.11666666666666667 0.13333333333333333
1 0.5216666666666666 0.755 0.07666666666666666 0.24833333333333332
1 0.5816666666666667 0.9066666666666666 0.08166666666666667 0.185
1 0.12166666666666667 0.7733333333333333 0.12833333333333333 0.37166666666666665
1 0.32166666666666666 0.8366666666666667 0.24333333333333335 0.32666666666666666