0 0.500045459059459 0.501784436473926 0.7865757485477487 0.996431127052148
1 0.3050089435919635 0.4726032510628151 0.01790868662793997 0.027054587639259275
1 0.3192600059584858 0.6681463404244448 0.021242019961273305 0.02713217183377784
1 0.6948079850041314 0.5934636447799264 0.021397272456432574 0.03046550516711098
1 0.306191471522798 0.7696190466048152 0.027908686627939973 0.027287340222814767
1 0.4123972230497897 0.10136469098148183 0.021242019961273305 0.02713217183377779
1 0.5871048522766121 0.4341203234023709 0.017753434132780892 0.023721254305925945
1 0.5434745528575127 0.833538441943482 0.03372605988381982 0.08069825775066647
1 0.4413102085504617 0.7343890810522228 0.14389969362933358 0.37294819939170376
1 0.39813672302487624 0.6583029023289633 0.014575353294606639 0.026977003444740907
1 0.6174334914840713 0.7501677100283709 0.022018282437069086 0.043798838500444505
1 0.4060546002779935 0.4883029023289633 0.20032888624067294 0.2976780482263704
1 0.3548309615670749 0.2268288026331114 0.028529696608576575 0.0406206735561481
1 0.5509358632503297 0.5300499402211115 0.04403656487413817 0.08759767700088901
1 0.4193422275186541 0.5970629487321486 0.014575353294606639 0.026977003444740907
1 0.2375430378865577 0.8464394881450372 0.05566212076072077 0.0512413471122962
1 0.2253740982669181 0.8211291513669632 0.025351615770402416 0.043876422694963065
1 0.28445177392114046 0.6990371651459262 0.014264848304288287 0.02031033677807405
1 0.6617121257261257 0.5159435519735562 0.0479909081881082 0.10100859452874071
1 0.6245888921991587 0.381601624111482 0.014264848304288383 0.02031033677807405
1 0.31274859178697834 0.6646578387020744 0.035196363275243246 0.04077584194518522
1 0.43778510725447384 0.7026060380937781 0.014264848304288383 0.02031033677807424
1 0.6749175314066179 0.6981145159045933 0.028529696608576575 0.0406206735561481
1 0.572981470529717 0.665709405874519 0.01806393912309924 0.03038792097259261
1 0.7806483348229547 0.18334866200363029 0.0212420199612734 0.02713217183377779
1 0.176205257460564 0.5513605104350372 0.022173534932228258 0.047132171833777645
1 0.18004545905945896 0.5047326358656298 0.014575353294606639 0.026977003444740716
1 0.3437028362876628 0.8956276411335559 0.1365206047966848 0.14302578358622214
1 0.3725065224190623 0.8145428559257781 0.014264848304288383 0.02031033677807405
1 0.3596757090719157 0.23027851225822255 0.017598181637621717 0.02038792097259261
1 0.16543359029735688 0.49605017365696313 0.014575353294606639 0.026977003444740716
1 0.30326465067771724 0.4742311256322226 0.028529696608576575 0.0406206735561481
1 0.27568944560303893 0.13488919777014838 0.05705939321715325 0.08124134711229634
1 0.35017338671229997 0.32682880263311137 0.03326030239834239 0.07069825775066665
1 0.22513227593221585 0.36062485410259276 0.02186302994190991 0.04046550516711117
1 0.6693238462682994 0.8898587667657785 0.048840201598895114 0.04775284538992613
1 0.7489083901880834 0.7215268269479266 0.12202747306224637 0.18930452928029637
1 0.7925203083568283 0.6090857118515562 0.06736989820747151 0.08814076636251855
1 0.7287669236306903 0.5091619025305932 0.049771716569849786 0.06775284538992593
1 0.7402967190525523 0.22578977710000064 0.025506868265561592 0.0472097560282963
1 0.7780044470926604 0.31175957953148214 0.028529696608576766 0.0406206735561481
1 0.7469587904066305 0.29768919635022284 0.021086767466114223 0.023798838500444505
1 0.5912282340235073 0.20229848834666717 0.06977171656984979 0.06821835055703711
1 0.5934839905159038 0.08222090415214865 0.02279454491286496 0.060465505167111126
1 0.17548823998199314 0.8533375138797779 0.027753434132780797 0.023954006889481815
1 0.23773021053662366 0.9498891977701484 0.04155252495159156 0.03426434366755567
1 0.32173510228906893 0.14930870982674102 0.028840201598894926 0.04728734022281486
1 0.21409121455877453 0.2752757252272594 0.028529696608576575 0.0406206735561481
1 0.26835606286306285 0.2565170723395558 0.08954343313969985 0.13527293819629638
1 0.27908661924618583 0.3485328678815558 0.07768040319778985 0.0950401856127408