0 0.5 0.5 1 1
1 0.8003436411043736 0.38971715934269463 0.1981540714457977 0.147741906737238
1 0.870619975271026 0.5248586539334824 0.1556301921887651 0.1027786983013281
1 0.4120760594577756 0.5186022176131113 0.7984734983735566 0.6344367832075
1 0.5660873434939392 0.32942849849554584 0.04155315646586625 0.028296541769243126
1 0.28398618444772694 0.6052943325127219 0.06546892347389938 0.039247302245746025
1 0.03494046931720951 0.570548963366432 0.04213559014056605 0.038296541769243124
1 0.31908170147585735 0.43094232724027837 0.045274778915666045 0.035099031361124466
1 0.12811253393567718 0.6266100985352056 0.024304056124499738 0.017617427143169568
1 0.5510051538855203 0.18871259230538204 0.0388022568072328 0.03816071884402836
1 0.236203964196712 0.7119921190779057 0.04783153401606635 0.021901520953005803
1 0.365601982098356 0.34591120734176123 0.04155315646586625 0.028296541769243126
1 0.00851259522086899 0.3043208853739265 0.01702519044173798 0.05135822925214702
1 0.11940579415657492 0.4906225464946124 0.06310631293173245 0.05577814598719783
1 0.18076480606420786 0.46484440050741455 0.05821982313253291 0.02897565639531649
1 0.16220134182730128 0.06987552040593158 0.08074370238956552 0.07312392727993815
1 0.2801854828914804 0.8132881085330185 0.21462659355423105 0.14508768802997832
1 0.1894582184235987 0.9150849264593268 0.10504775851406525 0.09074135442310763
1 0.05819627879508238 0.9420486872093666 0.11249100341366502 0.1043463336068703
1 0.0380855441766722 0.690548963366432 0.0761710883533444 0.05713637523934494
1 0.08456706287144058 0.4321845101345815 0.07330045748996573 0.059518948096175375
1 0.16602314705819016 0.4039247599294286 0.10760451361446542 0.07754384401498905
1 0.13100826438749255 0.5483446766644796 0.06643964626506578 0.055913968912412695
1 0.5696656904015434 0.5820148057401983 0.13601848130523156 0.10863042741670673
1 0.6490175050401084 0.47569336805214146 0.09760451361446541 0.07713637523934494
1 0.7791936564256716 0.2675383208736863 0.09465946939759874 0.08366721898079693
1 0.7870893868774871 0.1890691646151382 0.07880225680723281 0.039790593946604814
1 0.43408325672684356 0.5975156342113938 0.09054955783133228 0.07019806272224893