1 0.7466666666666667 0.5116666666666667 0.09666666666666666 0.13333333333333333
1 0.55 0.4066666666666667 0.058333333333333334 0.09333333333333334
1 0.5933333333333334 0.685 0.105 0.205
1 0.5216666666666666 0.37333333333333335 0.11666666666666667 0.16333333333333333
1 0.17666666666666667 0.8566666666666667 0.01 0.023333333333333334
1 0.54 0.7833333333333333 0.29833333333333334 0.405
1 0.6833333333333333 0.2633333333333333 0.028333333333333332 0.03333333333333333
1 0.43333333333333335 0.9116666666666666 0.08166666666666667 0.12333333333333334
1 0.585 0.8216666666666667 0.06666666666666667 0.10666666666666667
1 0.86 0.4683333333333333 0.011666666666666667 0.016666666666666666
1 0.5183333333333333 0.8866666666666667 0.09 0.11333333333333333
0 0.5333333333333333 0.5183333333333333 0.7916666666666666 0.9566666666666667