0 0.5 0.5 1 1
1 0.7512009857569425 0.5248929333386058 0.05635980002261817 0.08759760346283826
1 0.6208517780620251 0.5371620917792741 0.041978843604532204 0.057364869263795415
1 0.159402056293686 0.44361203030422863 0.0726772589943673 0.07788852121164193
1 0.7983067818642474 0.7022953298757675 0.05659260515256316 0.09426427012950493
1 0.31925386261564476 0.7789489108248845 0.09717461797742563 0.11162913939330034
1 0.6826718780507159 0.5793899376671536 0.03473016411300326 0.04058183549760732
1 0.5356824138585493 0.9250797047657962 0.09453970003392707 0.13157095584353934
1 0.0764761319377564 0.4333999523815801 0.07934392566103397 0.07800488831116335
1 0.523841213994258 0.40560335671364284 0.07554498206781071 0.0646133714280693
1 0.7910845831919701 0.5275280640748105 0.04221164873447719 0.06403153593046189
1 0.047227438316260424 0.5555029956714522 0.05887831540114403 0.06432245367926574
1 0.7638253537626408 0.30647232468063135 0.048296302576281584 0.04748123636331684
1 0.4699417280676795 0.5181427766267204 0.040275146180813785 0.10397335238070127
1 0.7489100358643785 0.11351718442074275 0.07554498206781053 0.0646133714280693
1 0.8635555178756439 0.26475590996268994 0.04531217693786554 0.05742305281355603
1 0.6580317063332677 0.2833341982729746 0.04151323334464242 0.04403153593046208
1 0.02353965764402667 0.4278096813854868 0.04707931528805334 0.11771397056235969
1 0.06625918703942872 0.5351829861477682 0.11015874361584144 0.1018618735923432
1 0.6325818856551608 0.9167257151560686 0.07039154874578647 0.10783033766188131
1 0.14237032170048455 0.3589611316027929 0.08232805129944988 0.06806307186092407
1 0.4627300793332022 0.5815633852846948 0.04841270514125407 0.05081456969665017
1 0.6277564895026195 0.9118129904807097 0.028179900011309086 0.043798801731419035
1 0.0793385447173826 0.5899211601738449 0.021047623084752446 0.030349101298564468
1 0.10146551135012205 0.7194556917757591 0.041862441039559904 0.05403153593046208
1 0.5438782447513097 0.4518918303068648 0.03817990001130909 0.04397335238070127
1 0.15077240625410426 0.595336880520656 0.05531217693786573 0.057597603462838265
1 0.4304443690846212 0.5521452207823021 0.07670900771753547 0.09794670476140255
1 0.5361480241184392 0.9117463714324631 0.04934392566103402 0.07748123636331684
1 0.16116926529370787 0.3453077887457756 0.041629635909614916 0.04736486926379541
1 0.7237459113048857 0.8818214259791957 0.05647620258759067 0.09093093679617179
1 0.6861216139490218 0.5759984207840595 0.06209524616950489 0.061047303895693024
1 0.5189576165592306 0.4023572987049506 0.04841270514125407 0.05081456969665017