0 0.535 0.49833333333333335 0.9233333333333333 0.9966666666666667
1 0.46 0.5916666666666667 0.14166666666666666 0.19333333333333333
1 0.21833333333333332 0.785 0.14666666666666667 0.42
1 0.21 0.6766666666666666 0.12333333333333334 0.20333333333333334
1 0.45 0.665 0.016666666666666666 0.03
1 0.6033333333333334 0.07666666666666666 0.011666666666666667 0.043333333333333335
1 0.46 0.5783333333333334 0.03833333333333333 0.06333333333333334
1 0.41333333333333333 0.5833333333333334 0.05 0.075
1 0.5 0.5583333333333333 0.056666666666666664 0.10333333333333333
1 0.32666666666666666 0.5433333333333333 0.01 0.016666666666666666
1 0.485 0.5283333333333333 0.02666666666666667 0.03666666666666667
1 0.36 0.545 0.011666666666666667 0.015
1 0.34 0.515 0.018333333333333333 0.02
1 0.4116666666666667 0.6066666666666667 0.016666666666666666 0.025
1 0.5166666666666667 0.5433333333333333 0.021666666666666667 0.043333333333333335
1 0.4716666666666667 0.6033333333333334 0.06333333333333334 0.11
1 0.5033333333333333 0.5816666666666667 0.03 0.056666666666666664
1 0.3883333333333333 0.5766666666666667 0.29 0.22666666666666666
1 0.23666666666666666 0.8916666666666667 0.10166666666666667 0.21333333333333335