0 0.5 0.5 1 1
1 0.5772403533850896 0.21166666666666667 0.09663831870918518 0.12666666666666668
1 0.5016053658989823 0.51 0.10365437057107214 0.13333333333333333
1 0.252049184382378 0.5333333333333333 0.09524077792830411 0.1
1 0.34675649510212064 0.7933333333333333 0.1639895817875517 0.20333333333333334
1 0.5933829422589258 0.22166666666666668 0.03682718528553627 0.06666666666666667
1 0.3180596025948263 0.7366666666666667 0.09103398160692014 0.08333333333333333
1 0.5516218423040838 0.19166666666666668 0.022271003768931905 0.043333333333333335
1 0.3320917063186002 0.7233333333333334 0.056477800090315784 0.06
1 0.3544854913331888 0.8366666666666667 0.1394475742496881 0.11666666666666667
1 0.8863385424395573 0.10166666666666667 0.020698770390440588 0.013333333333333334
1 0.5607554663054034 0.24 0.04349385195220274 0.06666666666666667
1 0.23424701583124544 0.555 0.042445696366541864 0.04666666666666667
1 0.5907554663054035 0.24 0.021746925976101464 0.03333333333333333