1 0.7718490390561747 0.4553967177399352 0.269901372469897 0.17907940006785453
1 0.3380796580923096 0.5636877806722338 0.0756630680321327 0.04256085642939487
1 0.5293251597991421 0.5071110357512879 0.058996401365466036 0.041978843604532204
1 0.14039606537139748 0.8450317204632346 0.06566306803213266 0.042211648734477386
1 0.22065596161636597 0.9520052537739498 0.24446532483936542 0.08504765134468623
1 0.6689995118674383 0.2793544049489999 0.28245812757029737 0.16621167699441106
1 0.06383979840355888 0.531682526898284 0.055274778915666116 0.035195774372893236
1 0.1621731317368922 0.5282486512315955 0.05174730102409948 0.03174603847458741
1 0.23288551353407627 0.5706877948022006 0.0656630680321327 0.042211648734477386
1 0.4347792006023439 0.6168623703897257 0.04116486734939959 0.021396830779669928
1 0.049823848614436714 0.20117988588134222 0.024304056124499714 0.017481484621474124
1 0.3912024089457258 0.5368835409151601 0.03430405612449969 0.017830692316391606
1 0.2748120764457115 0.6789999576100995 0.044692345240966345 0.024846566677975565
1 0.07342174394569707 0.8240846397118374 0.05508063435743284 0.0318624410395599
1 0.034877828132446664 0.8004814704915072 0.045468923473899386 0.03817990001130909
1 0.648630771174628 0.6576295369998469 0.03802567857429968 0.024613761548030764
1 0.71815718194777 0.1778411716043575 0.05841396769076615 0.031978843604532396
1 0.8584319608634362 0.13967713182466573 0.04488648979919958 0.028179900011309086
1 0.9136261054216693 0.13442315616928624 0.020970722791166355 0.01736508205650163
1 0.7659887159638363 0.15621153569474258 0.03802567857429949 0.024613761548030764
1 0.4624643485742421 0.5127724203840711 0.027637389457833023 0.017597887186446618
1 0.22131747439751245 0.7407459960846868 0.10368874660643229 0.06682541028250814
1 0.7290190602910945 0.6481692087738404 0.05174730102409948 0.03174603847458722
1 0.6454587065561603 0.597862342129792 0.03430405612449969 0.017830692316391606
1 0.37451619385540297 0.16655550374567712 0.034498200682733016 0.02116402564972494
1 0.368694967610377 0.6091904216891755 0.02469234524096635 0.024148151288140792
1 0.3992296427710116 0.684634861423631 0.027637389457833023 0.017597887186446618
1 0.21711049055212933 0.7558623986496593 0.038219823132532915 0.0279470948813641
1 0.011928895788114433 0.745095232039538 0.023857791576228866 0.024846566677975752
1 0.7678675203614063 0.35241259210151926 0.03449820068273311 0.02116402564972494
1 0.30130259172681484 0.8809946614462492 0.02783153401606635 0.020931220519779952
1 0.3990190602910946 0.6596930627061173 0.02430405612449969 0.017481484621474124
1 0.2529841410641791 0.7396401717174481 0.02802567857429968 0.024264553853113283
0 0.5 0.5 1 1