0 0.5 0.5 1 1
1 0.6205856207770296 0.28418032900596024 0.06490428917687306 0.09368874660643228
1 0.37645837402344046 0.3484499540361062 0.09911037575661719 0.1456301921887651
1 0.5263420069239192 0.33304678224894196 0.06513702337591591 0.10702207993976562
1 0.8690804190420955 0.7568685874798308 0.07145458874401811 0.08741036905623219
1 0.903149482245924 0.7014967362850482 0.14705708051801972 0.22168154933736428
1 0.8863955402546162 0.6974674590762145 0.057888521211641925 0.07330045748996573
1 0.38050678095087453 0.19806166491963959 0.04081456969665017 0.048996401365466034
1 0.6163786692576442 0.9033873128513433 0.027306685714034606 0.038219823132532915
1 0.07191162164361795 0.2010200365562178 0.04513702337591582 0.10585721259036594
1 0.5200826251055775 0.3567684046987418 0.04426427012950493 0.05585721259036594
1 0.17327428484393137 0.655583988925686 0.16893582510733496 0.13970722791166396
1 0.13309973419464918 0.6479137236244854 0.08519520692567653 0.11152028062249864
1 0.3692098718591666 0.3155049098192394 0.054438820778787166 0.06643964626506582