1 0.05948828938863592 0.7288390241131852 0.0989954540940541 0.052249941641037294
1 0.3063377804259937 0.3007814160071114 0.187607372262799 0.1675228798373335
1 0.3572692953969487 0.28194517892488924 0.06201828243706908 0.04472984883466666
1 0.05844735153180147 0.7170559811547408 0.11689470306360294 0.08279303100266665
1 0.32598616465559127 0.34461904660481507 0.037753434132780796 0.024186759473037115
1 0.19595399746747066 0.843803019046889 0.07201828243706913 0.04496260141822214
1 0.054374147673560885 0.695350522390815 0.054420100799447466 0.024574680445629535
1 0.4290317225283357 0.6039623679823708 0.1414794940166007 0.10651428530859278
0 0.5 0.5 1 1
1 0.6818170768160233 0.6932696842936301 0.14241100898755576 0.12651428530859257
1 0.844456369233729 0.6403270589638526 0.21667585729184413 0.14822113758800015
1 0.8610180848104981 0.4638543527834822 0.13783565569294903 0.09977003444740755
1 0.8899770234370566 0.3794362342423711 0.15101373653112318 0.09674703789214827