0 0.5 0.49833333333333335 0.995 0.9966666666666667
1 0.8716666666666667 0.2633333333333333 0.08666666666666667 0.105
1 0.145 0.5133333333333333 0.09 0.10666666666666667
1 0.5133333333333333 0.5266666666666666 0.04833333333333333 0.07666666666666666
1 0.5083333333333333 0.8133333333333334 0.06 0.085
1 0.415 0.165 0.08333333333333333 0.105
1 0.5 0.32666666666666666 0.015 0.03333333333333333
1 0.17333333333333334 0.51 0.035 0.075
1 0.85 0.605 0.013333333333333334 0.015
1 0.6683333333333333 0.6566666666666666 0.02 0.06
1 0.8466666666666667 0.24666666666666667 0.03166666666666667 0.06666666666666667
1 0.49666666666666665 0.8066666666666666 0.035 0.07
1 0.5216666666666666 0.8183333333333334 0.03333333333333333 0.06333333333333334
1 0.31333333333333335 0.10166666666666667 0.03 0.05333333333333334