1 0.465 0.2064698818690901 0.21333333333333335 0.15954069935755005
1 0.415 0.8462580666143492 0.15666666666666668 0.12455853442403433
1 0.6483333333333333 0.5244687600253621 0.17666666666666667 0.13514047498880435
1 0.46 0.48994870034361604 0.5833333333333334 0.370306599805801
1 0.7633333333333333 0.07377980906168728 0.21333333333333335 0.14755961812337456
1 0.64 0.42637790192734976 0.17666666666666667 0.10180714165547121
1 0.445 0.46371848910052715 0.19666666666666666 0.16905574888690808
1 0.8783333333333333 0.20110977686383685 0.15333333333333332 0.14112821099657244
1 0.5766666666666667 0.3798873803824558 0.15333333333333332 0.11112821099657254
1 0.615 0.39877199429997934 0.22666666666666666 0.17659532640073033
1 0.8283333333333334 0.32756462827576266 0.15 0.09769788756911074
1 0.47 0.4696577300612308 0.14 0.10740691728672554
0 0.5 0.5 1 1
1 0.12333333333333334 0.7464113665172497 0.19 0.18219510203198466
0 0.215 0.38541080559538576 0.43 0.7225117221425618
1 0.155 0.55548996062303 0.20666666666666667 0.2993467191692933
1 0.016666666666666666 0.4895150495293581 0.03333333333333333 0.047636567607950535