1 0.6933333333333334 0.47333333333333333 0.08833333333333333 0.105
1 0.5633333333333334 0.43333333333333335 0.058333333333333334 0.13666666666666666
1 0.3883333333333333 0.5333333333333333 0.04666666666666667 0.06666666666666667
1 0.9 0.49166666666666664 0.05 0.06333333333333334
1 0.44333333333333336 0.6666666666666666 0.04666666666666667 0.07666666666666666
1 0.49333333333333335 0.6066666666666667 0.041666666666666664 0.06333333333333334
1 0.7966666666666666 0.4533333333333333 0.03 0.06333333333333334
0 0.5116666666666667 0.49666666666666665 0.97 0.9933333333333333
1 0.16166666666666665 0.34 0.041666666666666664 0.08
1 0.20666666666666667 0.22833333333333333 0.056666666666666664 0.06666666666666667
1 0.27 0.2733333333333333 0.051666666666666666 0.06666666666666667
1 0.21833333333333332 0.325 0.05333333333333334 0.095
1 0.41 0.27666666666666667 0.05333333333333334 0.13
1 0.44 0.395 0.16666666666666666 0.19333333333333333
1 0.28 0.5366666666666666 0.09 0.14833333333333334
1 0.32166666666666666 0.72 0.20333333333333334 0.265
1 0.4166666666666667 0.8616666666666667 0.10166666666666667 0.07166666666666667
1 0.4816666666666667 0.8716666666666667 0.05333333333333334 0.065
1 0.415 0.9566666666666667 0.07 0.085
1 0.7383333333333333 0.7816666666666666 0.18 0.23833333333333334
1 0.6766666666666666 0.7283333333333334 0.065 0.09333333333333334
1 0.775 0.7533333333333333 0.055 0.08833333333333333
1 0.8 0.84 0.03666666666666667 0.07