0 0.5 0.5 1 1
1 0.4560018054666612 0.7229551669691116 0.1508035942201419 0.18666945369762972
1 0.08241384127961783 0.9639927989867408 0.13298810435472344 0.07201440202651838
1 0.22384274356502365 0.4839969795331854 0.17508768802997812 0.21054587639259276
1 0.6829457896493304 0.8033084763908894 0.06849460449149206 0.12814076636251856
1 0.46414550931397014 0.44121091610792634 0.021494052177361785 0.03713217183377784
1 0.7205688884580731 0.8605874555208152 0.2746066361261535 0.27882508895836966
1 0.5441823008780604 0.4831117288736301 0.035234854286339136 0.04744250861185189
1 0.4903367957423853 0.4534982563307411 0.024691562585480446 0.03387642269496306
1 0.7085315445798527 0.9123400674748895 0.10250705245089875 0.14558327497437024
1 0.6310131487978075 0.8905168389037043 0.06046970857267828 0.09465226464014828
1 0.858879535129114 0.5388155606862229 0.028024895918813398 0.033954006889481435
1 0.8158857591088173 0.5294736328241488 0.029247302245746027 0.06395400688948144
1 0.8301302997839118 0.9168385572414822 0.02496320843590979 0.04054308936162973
1 0.8294284984955458 0.6065282204634082 0.035099031361124466 0.044109175278518556
1 0.22711659867197417 0.1170587681857039 0.02482738551069512 0.0372097560282963
1 0.31922752567837515 0.1492311256322225 0.021494052177361785 0.03713217183377779
1 0.8111290466313811 0.11396933555977845 0.03537067721155381 0.050775841945185224
1 0.4608291909773562 0.6863660844969635 0.09087717734832249 0.10535052239081476
1 0.6466611435253637 0.9159047598762968 0.09944536496799476 0.15217235744651855
1 0.33429267557033115 0.598340300910741 0.4231634804146798 0.4960543542034077
1 0.33262309880874275 0.06613054488244473 0.025234854286339137 0.04720975602829633