1 0.47833333333333333 0.7883333333333333 0.04666666666666667 0.09333333333333334
1 0.6683333333333333 0.12666666666666668 0.06666666666666667 0.056666666666666664
1 0.9066666666666666 0.5983333333333334 0.041666666666666664 0.056666666666666664
1 0.31666666666666665 0.44666666666666666 0.065 0.175
1 0.26166666666666666 0.5683333333333334 0.04 0.06666666666666667
1 0.36 0.175 0.035 0.055
1 0.22333333333333333 0.7616666666666667 0.02666666666666667 0.05333333333333334
1 0.8633333333333333 0.7816666666666666 0.023333333333333334 0.05333333333333334
1 0.28 0.24833333333333332 0.043333333333333335 0.043333333333333335
1 0.9766666666666667 0.31666666666666665 0.035 0.03
1 0.22333333333333333 0.01 0.023333333333333334 0.02
1 0.19333333333333333 0.058333333333333334 0.041666666666666664 0.07333333333333333
1 0.3233333333333333 0.9883333333333333 0.02 0.016666666666666666
1 0.195 0.041666666666666664 0.02666666666666667 0.043333333333333335
1 0.245 0.89 0.03666666666666667 0.035
1 0.6683333333333333 0.021666666666666667 0.02 0.043333333333333335
1 0.885 0.7133333333333334 0.016666666666666666 0.03
0 0.5 0.49833333333333335 0.995 0.9966666666666667