1 0.5203719780182274 0.45567409913008805 0.1141866439210662 0.0746520860598296
1 0.09267979528959588 0.6590109354551278 0.08383756231699366 0.04430300445575692
1 0.9394616548270514 0.5158063500955209 0.050349081604072504 0.0305818026734543
1 0.11944109374070064 0.3803285205177219 0.14422543076596317 0.07833450099723545
1 0.4378931229365291 0.673329830341627 0.06391513600678764 0.050736950053042164
1 0.5388763491618906 0.4287359245491427 0.9222473016762187 0.6940772893697882
0 0.5 0.5 1 1
1 0.5551404246127479 0.5786195640144519 0.21810177992785384 0.12585447825163498
1 0.6723101525991727 0.4772426310206102 0.21806299308295668 0.12252114491830166
1 0.27401210311902996 0.05515281205178353 0.0638375623169937 0.04407028338637536
1 0.6440314965414783 0.05251413893488886 0.15445815183534478 0.09845086153192632
1 0.8227139114788844 0.0804390427329021 0.16403149654147833 0.061900555399950506
1 0.9547296597496235 0.10890696235947263 0.080698163208145 0.060930884277526756
1 0.01213794712494073 0.7566278798217697 0.008450861531926316 0.15341090702312726
1 0.11830155247184919 0.8554060942075158 0.08112481850201154 0.09759755094419348
1 0.22675124633987337 0.864145521748365 0.07065937636324814 0.057481190409502385
1 0.2758797099935941 0.9319164458306927 0.050814523742835904 0.0705818026734543
1 0.26120589518351184 0.5303661396987167 0.12407028338637541 0.06476844659452051
1 0.33767979528959585 0.6561601023552021 0.09496238081900515 0.14108603165711467
1 0.4754324936133771 0.7479031750477606 0.10065937636324823 0.05783027201357527
1 0.745196269552289 0.2947032603437622 0.2409696711224236 0.08612598616591366
1 0.31155264145978007 0.2730788835136989 0.2216290474856718 0.14255993176319862
1 0.6320169159346414 0.16600261964781 0.16422543076596316 0.07856722206661715
1 0.4684314681094779 0.1462365083810938 0.11457451237003567 0.10798541939316295
1 0.4357175566305936 0.05660498340761483 0.24120239219180536 0.10612598616591365
1 0.5176968533842401 0.3690268258858699 0.06713210880543007 0.04077573689793894
1 0.3910883669849188 0.37550072599195394 0.12100845796732074 0.08806299308295687
1 0.868142902100555 0.4032875405050236 0.10798541939316275 0.11457451237003567
1 0.8377755947379361 0.5153226821982112 0.1382569273074417 0.13825692730744152
1 0.6877961558242868 0.6620874836410223 0.1309308842775268 0.0815126869509811
1 0.5581258440059108 0.6919335039253368 0.14410907023127228 0.06833450099723545
1 0.8487417628686534 0.16848147472950833 0.17422543076596317 0.07868358260130805
1 0.9759308842775268 0.19532151453430913 0.04813823144494639 0.09391513600678754