0 0.5 0.5 1 1
1 0.843446922594148 0.13340757076005783 0.20341370455881475 0.14783023262885772
1 0.3213493623111849 0.36974678282905143 0.0678304295844445 0.050387855320730354
1 0.23976167335451828 0.2952316019799644 0.07519535400177782 0.08042664085280346
1 0.10417979189562936 0.32101700900444335 0.051008594528740785 0.04362422482388107
1 0.412122417225407 0.47920378538002883 0.07806318216799998 0.06044603361883977
1 0.613017422493333 0.2963929455172077 0.08465226464014829 0.05715148581757963
1 0.6595691063837035 0.229464476509048 0.08162926808488881 0.07046542638487646
1 0.5244139379946665 0.23691655020019367 0.08131893130681495 0.057132093051543126
1 0.44049872320244426 0.2624013693511066 0.06480743302918522 0.06370179588802719
1 0.32573147578599976 0.2530704197793665 0.08504018561274079 0.0738181524842463
1 0.7207245082085921 0.6090572284222812 0.05472984883466665 0.06031028425658443
1 0.7934787471139996 0.4903166470021809 0.07806318216799998 0.06044603361883977
1 0.9037876903765921 0.5480003226732909 0.05814076636251836 0.06366301035595408
1 0.9732861801431848 0.4259458006858939 0.034341927862074045 0.04352726099369856
1 0.8415433227974812 0.3583881779940213 0.06790801377896306 0.05372118865406378
1 0.891273171632148 0.2981069828864918 0.05434192786207404 0.043643617589917576
1 0.60301463546237 0.43976506438261403 0.06100859452874071 0.043682403121990586
1 0.5105347282687405 0.4036413951649699 0.044031591083999996 0.030252105958474735
1 0.8787461112483698 0.6931263756525283 0.15969245025288917 0.13091146000371623
1 0.3049458792324438 0.7881189016944579 0.1769022062811854 0.15434175716723228
1 0.21452195319355502 0.6636618991434803 0.0816292680848889 0.07046542638487646
1 0.08538234691066644 0.2694666989339958 0.06124134711229634 0.05368240312199058
1 0.2125505238107404 0.39037704772523824 0.1288390241131852 0.09407025844272103
1 0.12030615623162945 0.20093943794029726 0.11899419250222233 0.1006787468112781
1 0.5152991886542218 0.5569262465832119 0.19922694508577782 0.11114417319615465
1 0.3506871096268144 0.5412195218353529 0.13899419250222234 0.10079510340749721
1 0.4347117331334067 0.869019554102682 0.11852868733511115 0.08067874681127819
0 0.14906341560385158 0.7857552066629503 0.29812683120770317 0.26848958667409933
1 0.05347456656755496 0.7095927519132331 0.03728734022281484 0.026879987093068394
1 0.09870731915111053 0.6993309495717401 0.050698257750666685 0.03029089149054774
1 0.20719303384251783 0.8353479585761835 0.030543089361629635 0.023507868227662054
1 0.0823094101342956 0.8310751873025528 0.05418675947303707 0.0369769509232511
1 0.10254216271785116 0.8209588307063338 0.05434192786207414 0.04364361758991777
1 0.5440662026348146 0.18014322332032615 0.06775284538992613 0.04705452198739702
1 0.38798002391155534 0.22771165360769088 0.05449709625111116 0.05031028425658434
1 0.4516236940229627 0.21400985771966372 0.04728734022281477 0.026938165391177903
1 0.3989110342457776 0.18765347530958135 0.06093101033422234 0.04034906978865735
1 0.42410499473207397 0.17917469623097412 0.07100859452874081 0.04374058142010019