0 0.39666666666666667 0.5 0.7933333333333333 1
1 0.45666666666666667 0.35333333333333333 0.051666666666666666 0.08333333333333333
1 0.2916666666666667 0.565 0.03666666666666667 0.08
1 0.17 0.4066666666666667 0.03333333333333333 0.056666666666666664
1 0.7333333333333333 0.7216666666666667 0.04833333333333333 0.06666666666666667
1 0.5766666666666667 0.45666666666666667 0.028333333333333332 0.035
1 0.4666666666666667 0.26 0.028333333333333332 0.055
1 0.505 0.8116666666666666 0.02 0.09333333333333334
1 0.25333333333333335 0.6166666666666667 0.043333333333333335 0.07666666666666666
1 0.31666666666666665 0.7766666666666666 0.065 0.1
1 0.43 0.25166666666666665 0.021666666666666667 0.03333333333333333
1 0.12 0.3233333333333333 0.12166666666666667 0.08666666666666667
0 0.6733333333333333 0.14 0.46 0.28
1 0.5966666666666667 0.21333333333333335 0.03666666666666667 0.04
1 0.6083333333333333 0.175 0.013333333333333334 0.025
1 0.15666666666666668 0.31333333333333335 0.04666666666666667 0.06666666666666667
1 0.18166666666666667 0.6383333333333333 0.01 0.016666666666666666
1 0.45666666666666667 0.61 0.03166666666666667 0.04
1 0.09833333333333333 0.44166666666666665 0.043333333333333335 0.06666666666666667
1 0.7366666666666667 0.08166666666666667 0.021666666666666667 0.03333333333333333
1 0.415 0.8066666666666666 0.03666666666666667 0.075
1 0.17 0.5133333333333333 0.021666666666666667 0.03333333333333333
1 0.26 0.49833333333333335 0.058333333333333334 0.08333333333333333
1 0.29 0.26 0.055 0.06
1 0.2683333333333333 0.7633333333333333 0.02666666666666667 0.05333333333333334
1 0.43833333333333335 0.5583333333333333 0.06 0.09333333333333334
1 0.4033333333333333 0.38 0.04 0.07
1 0.41 0.9083333333333333 0.04833333333333333 0.10333333333333333
1 0.30833333333333335 0.39666666666666667 0.03333333333333333 0.043333333333333335
1 0.29 0.345 0.09 0.08
1 0.45666666666666667 0.6216666666666667 0.065 0.06666666666666667
1 0.18666666666666668 0.8066666666666666 0.055 0.09
1 0.18833333333333332 0.72 0.06333333333333334 0.095
1 0.36 0.7866666666666666 0.07 0.085
1 0.5 0.31666666666666665 0.015 0.065
1 0.22 0.5366666666666666 0.065 0.1
1 0.27666666666666667 0.42833333333333334 0.04 0.07666666666666666
1 0.11 0.33666666666666667 0.04 0.05333333333333334