0 0.5 0.5 1 1
1 0.5604148554071698 0.5934668602706412 0.04104730389569303 0.06023271319243823
1 0.7975676467483167 0.7154330035984 0.09788852121164192 0.07056239021505897
1 0.8618028251029413 0.7667312077103728 0.06414790302998351 0.04703512922136042
1 0.14851166926203788 0.29583277772709643 0.04748123636331684 0.046938165391177906
1 0.45214435584266083 0.2157250063014217 0.10753941991307746 0.05062056851316858
1 0.42260982424074667 0.24256620786241703 0.040349101298564276 0.02023271319243823
1 0.4763213506475247 0.26392259027249937 0.05379880173141904 0.02697695092325091
1 0.48135044242240504 0.26556016779011127 0.020232734199042854 0.013449689929552354
1 0.8233577748891501 0.3785821056543865 0.07104730389569303 0.06040724808676695
1 0.9495880649326114 0.3528451805449988 0.02374061818165842 0.023469082695588953
1 0.885527437227269 0.311546976433026 0.04391516883094027 0.033585439291808065
1 0.18171554977830018 0.7656873319818226 0.07806307186092407 0.08044603361883977
1 0.42474195930549913 0.26922317814606544 0.03701576796523094 0.020213320426401726
1 0.4785276753193686 0.7722947091379058 0.21992494545326735 0.18792719645904032
1 0.3681410467474379 0.8462777001334625 0.1991685593063779 0.144477506529488
1 0.38723076622766067 0.8895043732535949 0.03391516883094056 0.03352726099369837
0 0.8972194103893935 0.1614500126028434 0.20556117922121303 0.20786901816093079
1 0.7455265722876276 0.9807626806210209 0.05052365194784651 0.03029089149054774