1 0.5737650597374752 0.37696892507294333 0.24986676190350654 0.1962605855564835
1 0.508548331595763 0.8458121622203663 0.2832582787866007 0.20134084486591822
1 0.7888645558400246 0.5625426117913663 0.08420608657974413 0.05436731494025347
1 0.14913481731243386 0.5159962442337076 0.06397335238070131 0.03998582602125926
1 0.7398667619035065 0.14472626926149298 0.06069820259712875 0.04314446675698245
1 0.43301245887000805 0.6279013864023176 0.043915168830940654 0.03560433710226524
1 0.5697786216392242 0.8175803491645788 0.15186187359234318 0.11452783355912288
1 0.35603886839720705 0.13648258465332547 0.05742305281355613 0.046303107492705636
1 0.4257968337600369 0.8835128104939531 0.10794670476140264 0.07892349645685764
1 0.5842596199104414 0.4047781806134463 0.17858672380877047 0.1192587076733372
1 0.8860243225097668 0.32712714126545206 0.22795135498046648 0.14205378923509954
0 0.5 0.5 1 1
1 0.18622185454497522 0.06868980551792397 0.27244370908995047 0.13737961103584795
1 0.32216501211905524 0.298404203227037 0.17122185454497527 0.078909322478117
1 0.4188607705606023 0.29500478456300966 0.07075638614688946 0.04700187788314622
1 0.38260982424074663 0.2251723901712494 0.07408971948022279 0.047176570480756366
1 0.3997794865788655 0.15754491421772698 0.08098912034593231 0.060859289009309994
1 0.24579769869967816 0.2240014533399317 0.07742305281355613 0.04735126307836651
1 0.11392738960884896 0.21923514427886545 0.0943806372290264 0.06489139273308392
1 0.7331503471855652 0.046654974824574855 0.07403153593046208 0.04384323714742301
1 0.7377843748900288 0.2165676285257698 0.06403153593046189 0.043319159354592594
1 0.7588692060590883 0.18209879330797055 0.037190318614513176 0.031921618573711515
1 0.6550413125527887 0.1591809305005515 0.07753941991307746 0.05401792974503318
1 0.7942267428561386 0.10517717473425905 0.057306685714034605 0.03963644082603899