0 0.545 0.49833333333333335 0.85 0.9966666666666667
1 0.475 0.5316666666666666 0.023333333333333334 0.05333333333333334
1 0.4666666666666667 0.7066666666666667 0.01 0.03333333333333333
1 0.8283333333333334 0.4583333333333333 0.02666666666666667 0.03666666666666667
1 0.5833333333333334 0.5266666666666666 0.02666666666666667 0.05333333333333334
0 0.7933333333333333 0.805 0.41333333333333333 0.39
1 0.6233333333333333 0.865 0.03 0.065
1 0.4716666666666667 0.6383333333333333 0.01 0.023333333333333334
1 0.44333333333333336 0.84 0.015 0.03
1 0.5 0.7716666666666666 0.03166666666666667 0.05333333333333334
1 0.5966666666666667 0.7633333333333333 0.03833333333333333 0.05333333333333334
1 0.275 0.6116666666666667 0.023333333333333334 0.04666666666666667
1 0.3933333333333333 0.6633333333333333 0.028333333333333332 0.045
1 0.86 0.655 0.04666666666666667 0.08
1 0.59 0.68 0.02666666666666667 0.05
1 0.38666666666666666 0.7333333333333333 0.04666666666666667 0.04666666666666667
1 0.38666666666666666 0.43166666666666664 0.03166666666666667 0.07833333333333334
1 0.3333333333333333 0.46 0.02666666666666667 0.058333333333333334
1 0.3416666666666667 0.41333333333333333 0.041666666666666664 0.055
1 0.37 0.6066666666666667 0.02 0.043333333333333335
1 0.3933333333333333 0.5633333333333334 0.04 0.06
1 0.38666666666666666 0.53 0.041666666666666664 0.041666666666666664
1 0.2733333333333333 0.45666666666666667 0.08666666666666667 0.1
1 0.18166666666666667 0.49 0.058333333333333334 0.07833333333333334
1 0.655 0.2816666666666667 0.028333333333333332 0.08833333333333333
1 0.82 0.205 0.056666666666666664 0.07833333333333334
1 0.5016666666666667 0.15333333333333332 0.10833333333333334 0.10166666666666667
1 0.49 0.225 0.085 0.06
1 0.49 0.3466666666666667 0.045 0.07166666666666667
1 0.5033333333333333 0.415 0.02 0.041666666666666664
1 0.5983333333333334 0.39666666666666667 0.04666666666666667 0.075
1 0.5866666666666667 0.45666666666666667 0.055 0.03166666666666667
1 0.6466666666666666 0.6266666666666667 0.085 0.11666666666666667
1 0.6266666666666667 0.575 0.05333333333333334 0.09166666666666666
1 0.655 0.7383333333333333 0.021666666666666667 0.035
1 0.6633333333333333 0.6783333333333333 0.06833333333333333 0.07
1 0.715 0.9266666666666666 0.041666666666666664 0.05333333333333334
1 0.7433333333333333 0.8533333333333334 0.04666666666666667 0.04666666666666667
1 0.38666666666666666 0.9733333333333334 0.05 0.05333333333333334
1 0.2833333333333333 0.9716666666666667 0.03666666666666667 0.056666666666666664
1 0.2733333333333333 0.8666666666666667 0.04 0.06
1 0.24166666666666667 0.76 0.018333333333333333 0.06666666666666667
1 0.3 0.7716666666666666 0.041666666666666664 0.10666666666666667
1 0.18 0.6666666666666666 0.06 0.10833333333333334
1 0.22 0.6416666666666667 0.03166666666666667 0.06833333333333333
1 0.15 0.5533333333333333 0.056666666666666664 0.105
1 0.15333333333333332 0.42 0.06 0.09666666666666666
1 0.32666666666666666 0.3466666666666667 0.06333333333333334 0.065
1 0.24833333333333332 0.365 0.14166666666666666 0.16
1 0.375 0.17333333333333334 0.043333333333333335 0.14333333333333334
1 0.8983333333333333 0.31666666666666665 0.085 0.058333333333333334
0 0.13833333333333334 0.21666666666666667 0.27666666666666667 0.43333333333333335