1 0.41050359004184683 0.6007554593249054 0.08651950041030565 0.1632597502051529
1 0.3996264126935244 0.49715048014114266 0.02856818761967247 0.047753250068384434
1 0.2572806314007842 0.47471133915285124 0.04951894809617537 0.07190152095300581
1 0.5133842297992213 0.26717592837408666 0.19637233415394462 0.32747026088680864
1 0.3587803552437191 0.43392184983450693 0.03591396891241269 0.06469156258548026
1 0.24442834997127552 0.4043038703772071 0.04523485428633914 0.048432364694457795
1 0.6893604385086682 0.42076956422670314 0.11985283374363917 0.16461797945729983
1 0.1488907299359898 0.30556873993380274 0.08271645850429403 0.06992641687181958
1 0.7270995836752547 0.16273899664231628 0.04244481265386469 0.06162987510257641
1 0.171261959461674 0.4462478545598763 0.07550650013676857 0.05632143768805671
1 0.563398334701019 0.5419609249172535 0.43775877320968715 0.9160781501654931
1 0.6381662419853311 0.9490789043745534 0.06835878156627738 0.1018421912508931
1 0.5707214293314666 0.8969212975203766 0.07175435469664497 0.20615740495924684
1 0.5080672106242068 0.9125522772512136 0.08638367748509097 0.15992641687181958
1 0.5160044185130422 0.7398301470813464 0.050333885647463605 0.0919015209530058
1 0.46460939769680504 0.7443915584071853 0.029111479320531163 0.06108658340171776
1 0.06963208435909755 0.40217316680343523 0.04190152095300583 0.048296541769243126
0 0.4703734387822053 0.5 0.9407468775644106 1
1 0.08910856922560957 0.5943152137083534 0.10237122952568413 0.14393886483122628
1 0.28362184565621185 0.7536558756496506 0.035234854286339136 0.04802489591881378
1 0.2596716374938392 0.8192359589145997 0.03550650013676848 0.05469156258548045
1 0.2214797987512937 0.7394764848665121 0.04244481265386469 0.061629875102576455
1 0.33740511099485265 0.6443661101742413 0.050469708572678275 0.09523485428633914
1 0.277741906737238 0.20100165694239086 0.13767966694020384 0.11209958367525473
1 0.5886643088858752 0.6446207410279513 0.2501753760599562 0.42284093809836254
1 0.38651091864981085 0.787798474868699 0.0568647293889156 0.08883983347010181
1 0.37838422979922126 0.26167509990289123 0.03659308353848625 0.08135822925214702
1 0.7168448042972745 0.8911091215397399 0.07740802108977429 0.10298810435472357