1 0.19046140920610266 0.5466666666666666 0.1969863622821623 0.15
1 0.9102877754605888 0.5766666666666667 0.1794244490788223 0.12666666666666668
1 0.7721370194647328 0.08166666666666667 0.06519636327524324 0.04
1 0.4188128767565768 0.225 0.061397272456432575 0.03
1 0.5957900484135618 0.23166666666666666 0.05806393912309924 0.03
1 0.4768494910373577 0.43333333333333335 0.04457535329460673 0.02666666666666667
1 0.8758173732558799 0.05333333333333334 0.05821919161825841 0.03333333333333333
1 0.6356667160733095 0.12166666666666667 0.05806393912309924 0.03
1 0.5025800474204808 0.3416666666666667 0.03442010079944756 0.023333333333333334
1 0.870356211082991 0.115 0.027753434132780513 0.023333333333333334
1 0.15064398654357994 0.37166666666666665 0.05108676746611413 0.023333333333333334
1 0.6433836347385947 0.18 0.02775343413278089 0.023333333333333334
1 0.6107946437261504 0.30333333333333334 0.05457535329460654 0.02666666666666667
1 0.7435069670788471 0.29 0.027908686627940067 0.02666666666666667
1 0.5063699476141144 0.20833333333333334 0.02775343413278089 0.023333333333333334
1 0.7443059590843725 0.056666666666666664 0.027442929142462543 0.016666666666666666
1 0.34795463975382657 0.7433333333333333 0.044730605789765815 0.03
1 0.5643151497095498 0.2 0.027442929142462543 0.016666666666666666
1 0.46070782685339356 0.15833333333333333 0.02410959580912921 0.016666666666666666
1 0.5044430773623908 0.38166666666666665 0.020776262475795875 0.016666666666666666
1 0.09699095759475097 0.22166666666666668 0.08535161577040247 0.043333333333333335
1 0.3730777250608651 0.245 0.027753434132780797 0.023333333333333334
1 0.8083060084910151 0.17833333333333334 0.02775343413278089 0.023333333333333334
1 0.18140646308160976 0.17333333333333334 0.03806393912309915 0.03
1 0.338465856298763 0.25333333333333335 0.03442010079944746 0.023333333333333334
1 0.40686327697512376 0.6483333333333333 0.0412420199612733 0.02666666666666667
1 0.14743858086308761 0.5533333333333333 0.08907767565422234 0.12333333333333334
1 0.2270869650926852 0.51 0.06977171656984989 0.06666666666666667
1 0.3550091906251773 0.14333333333333334 0.03139727245643238 0.03
1 0.8193608558022225 0.30833333333333335 0.027442929142462543 0.016666666666666666
1 0.5685069670788471 0.29 0.020776262475795875 0.016666666666666666
1 0.14997267515768187 0.17833333333333334 0.03806393912309915 0.03
1 0.20594530090872093 0.235 0.051242019961273304 0.02666666666666667
1 0.4900551437510639 0.86 0.03124201996127321 0.02666666666666667
1 0.7958814605989073 0.4483333333333333 0.20156171557676886 0.17666666666666667
1 0.8685572684841086 0.47 0.027598181637621715 0.02
1 0.5501371182780184 0.325 0.013954343313970033 0.013333333333333334
0 0.5 0.5 1 1