1 0.8498582602125928 0.6666099500109353 0.07050990381408952 0.07604979183762736
1 0.2276675157530957 0.6312789744583934 0.03262038896415201 0.05122240632693244
1 0.7114304935910839 0.6909053871519178 0.03595372229748553 0.051358229252147114
1 0.5777383856467992 0.32955282956534393 0.036652492687925926 0.06469156258548035
1 0.5844711376441599 0.4262874076946179 0.05103398160692014 0.08523485428633913
1 0.79550511925108 0.5180417623912629 0.07489139273308372 0.09618561476284224
1 0.46723078425907033 0.6327248917405186 0.05595372229748534 0.05217316680343515
1 0.34658392522058307 0.7741623757864192 0.01858828524037809 0.037345781292740035
1 0.5043129214516513 0.7373485428633916 0.039287055630818676 0.051494052177361783
1 0.680991459670698 0.3004979183762737 0.0350802593094348 0.03469156258548035
1 0.7510198076281794 0.17695517898954516 0.05630310749270564 0.05883983347010191
1 0.7336401965923314 0.22614024143825698 0.01858828524037828 0.037345781292740125
1 0.6764824049430372 0.8491396891241266 0.03244569636654186 0.047889072993598916
1 0.44251408412359666 0.5419099541892304 0.03647780009031578 0.06135822925214711
1 0.6912818465245946 0.17951036633568057 0.021222848183271026 0.024148270884621563
1 0.520693985827431 0.4469721939862646 0.13030686325899826 0.20155629197439584
1 0.545141560077119 0.5643858867416122 0.04560433710226505 0.04509903136112447
1 0.18855515271988707 0.5831182556143649 0.059112363033208624 0.048975656395316494
1 0.20038233800542318 0.6501244795940684 0.024905566711824558 0.030950760476502904
1 0.3442255751528462 0.7291623757864193 0.02174692597610137 0.034148270884621565
1 0.15167127151938808 0.7678834013280258 0.021397540780881078 0.027481604217954897
1 0.9329082936813999 0.7598017887534808 0.049985826021259075 0.06523485428633914
0 0.5016666666666667 0.5000679114626073 0.9966666666666667 0.9998641770747854
1 0.17927518407843873 0.5012478545598763 0.04595372229748539 0.05176569802779113
1 0.24674214141309173 0.4557668026560517 0.10541547052591425 0.10740802108977449
1 0.30434126940913275 0.6028041465342722 0.08206796321384029 0.16965477102139023
1 0.2635197177730353 0.7441680474519924 0.09979695944490838 0.12713637523934496
1 0.4936189356242204 0.3111572564349764 0.0526203889641522 0.052037343878220475
1 0.4796080928685576 0.2024843657886063 0.11313029277824171 0.12767966694020383
1 0.5613691928233997 0.17587993891897383 0.11119450022578956 0.15421051068165573
1 0.8776226913905126 0.4665052469842377 0.10065624845421856 0.20700055231413028
1 0.6151273860983782 0.6304356785792395 0.04665249268792593 0.06509903136112447
1 0.6297992618712692 0.529583949463861 0.12278090758302142 0.12142046904918137
1 0.6881538561727135 0.43716458504294037 0.1012086742045303 0.09060553149789295
1 0.6882624634396297 0.3440349860974291 0.09770064827358681 0.08713637523934495
1 0.3423370890996258 0.15365020398407753 0.12084511503056926 0.14795131279063323
1 0.4063833668021403 0.10636666248837157 0.05454200753786362 0.08870401054488719
1 0.23758495401730026 0.21756929224793306 0.04262038896415201 0.05162987510257646
1 0.2732105520876765 0.16746458922123547 0.06681301130679533 0.1324448126538646
1 0.3677242116680586 0.3841934956849363 0.15241734840906057 0.17917371911756552
1 0.38535399004794174 0.7840576727597216 0.052969774159372304 0.05870401054488714
1 0.5035055437942946 0.8171448084755696 0.06716239650201562 0.13911147932053117