1 0.6944337767569206 0.6074647377455058 0.17682541028250814 0.10706279211116453
1 0.9217194870055017 0.6281608673682987 0.09256085642939449 0.07700055231413026
1 0.48933854471738264 0.5708857591088173 0.1362433974576455 0.0887662503419214
1 0.6454655396100558 0.484637904548941 0.06717461797742544 0.11258063557907937
1 0.8152697652371625 0.5309763572337172 0.12291006412431216 0.08822295864106271
1 0.2620634550564361 0.26393043159500174 0.40229633083621524 0.2726937718420015
1 0.613105697197537 0.8870515973042885 0.0339153461581958 0.018024895918813778
1 0.391507852400991 0.608157957273377 0.03414815128814079 0.024691562585480446
1 0.7295237691524757 0.2698473106023362 0.08659260515256316 0.09672890646370093
1 0.7338465242880752 0.24137815434378818 0.0579470948813641 0.03897565639531668
1 0.3408835691750938 0.199139837648397 0.023915346158195804 0.017617427143169568
1 0.26834388327113345 0.22706003054051307 0.16969313335595151 0.09345781292740175
1 0.9827353896270193 0.4059877005648635 0.004962969242948248 0.04680248959188134
1 0.2004920204293074 0.3113752442488664 0.27477250516387214 0.1476683236090575
1 0.13876715248015448 0.3155546350320051 0.16062435387573137 0.1197170108184243
0 0.5 0.5 1 1