1 0.46 0.655 0.045 0.1
1 0.16 0.51 0.07166666666666667 0.105
1 0.685 0.7233333333333334 0.05 0.09666666666666666
1 0.9033333333333333 0.295 0.015 0.04
1 0.7433333333333333 0.2866666666666667 0.058333333333333334 0.10666666666666667
1 0.6733333333333333 0.5183333333333333 0.01 0.02666666666666667
1 0.825 0.47833333333333333 0.02666666666666667 0.03666666666666667
1 0.7933333333333333 0.5166666666666667 0.01 0.015
1 0.7383333333333333 0.48333333333333334 0.01 0.016666666666666666
1 0.7566666666666667 0.13166666666666665 0.023333333333333334 0.056666666666666664
1 0.535 0.4533333333333333 0.03666666666666667 0.04666666666666667
1 0.66 0.515 0.011666666666666667 0.015
1 0.8 0.25166666666666665 0.008333333333333333 0.013333333333333334
1 0.79 0.15166666666666667 0.008333333333333333 0.016666666666666666
1 0.7466666666666667 0.12166666666666667 0.045 0.08333333333333333
1 0.73 0.12333333333333334 0.008333333333333333 0.023333333333333334
1 0.7366666666666667 0.10666666666666667 0.025 0.055
1 0.02 0.4533333333333333 0.03833333333333333 0.043333333333333335
1 0.325 0.23 0.016666666666666666 0.02
1 0.8466666666666667 0.175 0.013333333333333334 0.06
1 0.5283333333333333 0.44333333333333336 0.023333333333333334 0.025
1 0.725 0.47833333333333333 0.006666666666666667 0.013333333333333334
1 0.8466666666666667 0.15666666666666668 0.008333333333333333 0.02
1 0.815 0.49 0.006666666666666667 0.015
1 0.6916666666666667 0.7233333333333334 0.02666666666666667 0.035
1 0.5433333333333333 0.46166666666666667 0.015 0.02666666666666667
1 0.865 0.21166666666666667 0.006666666666666667 0.013333333333333334
1 0.8233333333333334 0.47 0.01 0.015
1 0.805 0.3333333333333333 0.006666666666666667 0.016666666666666666
1 0.8466666666666667 0.19833333333333333 0.01 0.013333333333333334
1 0.8466666666666667 0.17666666666666667 0.01 0.013333333333333334
1 0.8516666666666667 0.315 0.01 0.015
1 0.8133333333333334 0.20666666666666667 0.19666666666666666 0.25666666666666665
1 0.8133333333333334 0.49333333333333335 0.051666666666666666 0.07
1 0.7466666666666667 0.49666666666666665 0.18833333333333332 0.08
1 0.7433333333333333 0.09 0.011666666666666667 0.02
1 0.9016666666666666 0.30333333333333334 0.01 0.02
1 0.76 0.15333333333333332 0.011666666666666667 0.016666666666666666
1 0.8233333333333334 0.14 0.011666666666666667 0.015
1 0.8333333333333334 0.4666666666666667 0.008333333333333333 0.015
1 0.8266666666666667 0.20166666666666666 0.008333333333333333 0.013333333333333334
1 0.6666666666666666 0.5183333333333333 0.02666666666666667 0.03333333333333333
1 0.6133333333333333 0.6033333333333334 0.19333333333333333 0.345
1 0.8333333333333334 0.48833333333333334 0.008333333333333333 0.013333333333333334
1 0.5233333333333333 0.75 0.03166666666666667 0.04
0 0.49833333333333335 0.49833333333333335 0.9966666666666667 0.9966666666666667