1 0.6098438954877797 0.783104247247121 0.0414548514119258 0.05209631117132176
1 0.6731187134692727 0.44423266214221657 0.040581940564770394 0.02209631117132157
1 0.6139481394217521 0.5846835676149826 0.033818283803975266 0.018413592642768133
1 0.3239838095547202 0.6829933375538442 0.06783054779620727 0.04349385195220274
1 0.4273427927162456 0.4580594228845382 0.0374425874196938 0.028588285240378278
1 0.606949822187344 0.308897450925737 0.027442587419693798 0.028064207447547743
1 0.27805739350811254 0.5403729485896921 0.054497214462873936 0.042795081561762344
1 0.8541371094576207 0.41866606241316395 0.03744258741969361 0.028588285240378184
1 0.6115847070297026 0.5511755416840391 0.033721293709846806 0.0150802593094348
1 0.6363550567084777 0.4456443769018384 0.027054627043180138 0.014730874114214506
1 0.48628371644254115 0.21076715814749525 0.03410925408636028 0.028413592642768038
1 0.38241693759150175 0.22368502095491433 0.03705462704318023 0.01525495190704485
1 0.8021538226803769 0.6563077123454271 0.1220367919766962 0.0762889335139649
1 0.8093539348647497 0.6383237642073141 0.023721293709846804 0.01455618151660436
1 0.692712918026275 0.401860138095739 0.027054627043180138 0.01473087411421441
1 0.3175495978185983 0.3304532078991268 0.033721293709846896 0.015080259309434704
1 0.524229089399361 0.22610945635334517 0.04096990094128387 0.035429644504654995
1 0.6405613008889665 0.4158190694994485 0.0371516171373086 0.018588285240378186
1 0.5302140207978092 0.7088242786056727 0.08880044873749114 0.07787534087119695
1 0.6070746676527325 0.7061755416840392 0.054691194651130676 0.04946174822842901
1 0.2849665354101001 0.5323890004515791 0.03724860723143697 0.021921618573711613
1 0.4274654326385659 0.22437670435598453 0.03391527389810373 0.02174692597610137
1 0.44558915626022666 0.8062109766308909 0.04410925408636047 0.028937670435598573
0 0.4991270891528445 0.5162038896415205 0.998254178305689 0.9124077792830412
1 0.42874133431939926 0.6968294877118968 0.12232776225908121 0.0862889335139649
1 0.3058622914761278 0.7321198745657934 0.19672798662782687 0.12679883732805478
1 0.27427978998949354 0.842301654152774 0.13585507578067138 0.09365437057107215
1 0.14421345987594522 0.7804012965471735 0.1163400262513133 0.10927288165207794
1 0.0793439145599735 0.5912086742045303 0.158687829119947 0.17575068174239392