1 0.3234748934104524 0.5399006975599534 0.07698770390440549 0.13414785707616925
1 0.38207965505593205 0.8944352554211901 0.05700187788314622 0.07062058951835146
1 0.18339233167465693 0.12627763055379504 0.0605099038140897 0.07399270969658148
1 0.41567272485931983 0.5171479992361722 0.03560433710226505 0.04372120178230281
1 0.480273730738507 0.7315274097178209 0.042271003768931906 0.043798775472096735
1 0.3891807507902633 0.520791627328681 0.018064207447547838 0.026860600891151307
1 0.444636440826039 0.053418852238498266 0.059098189054467794 0.10683770447699653
1 0.4936589754237936 0.8914692294504755 0.03157223337849132 0.030349081604072504
1 0.17880780220057121 0.22972732442181923 0.040160518618869406 0.06709332196053311
1 0.4919616583732848 0.6363334754933362 0.03157223337849132 0.030349081604072504
1 0.45695226895755375 0.2865274097178209 0.025254951907044944 0.03693817458094533
1 0.41116615226830805 0.2720510321239297 0.0454296445046549 0.04050422898366037
1 0.4821269615551639 0.2895698417144272 0.021572233378491318 0.030232721069381702
1 0.4630758992896396 0.7534074040314208 0.018064207447547838 0.026860600891151498
1 0.46879362822183057 0.289724989094015 0.04911236303320872 0.047209682495224004
1 0.7211803262470489 0.20507173537028323 0.0680500334688069 0.09073695005304207
1 0.7480594228845382 0.4315638612349136 0.021572233378491318 0.030232721069381796
1 0.447806773403854 0.7802680049225722 0.02455618151660436 0.023604841247611905
1 0.7584725909840917 0.15293962656485316 0.024730874114214506 0.026938174580945332
1 0.7317917503386843 0.21662204150225903 0.04665249268792593 0.0638375623169937
1 0.7688384525844134 0.47801720025464706 0.017714822252327546 0.02019393422448464
1 0.7901699080346005 0.40772629891791995 0.018238900045157987 0.030193934224484735
1 0.7329933375538441 0.3350135551029378 0.22429644504654977 0.4023659975387139
1 0.698203465098306 0.18032384986211342 0.025080259309434798 0.033604841247612004
1 0.4417775763599436 0.28336861718652384 0.10384323714742304 0.07449693868024175
1 0.18134793185528855 0.2463745976660374 0.028588285240378184 0.036976961425842204
1 0.7433427227490644 0.3415638612349136 0.06997165204251853 0.12740361671970865
1 0.7306633354435887 0.1632693147464772 0.0454296445046549 0.04050422898366037
1 0.46658392522058306 0.7567019505198572 0.08471670013547358 0.09093088427752681
1 0.4536873233812751 0.7651904312327783 0.04595372229748553 0.05050422898366037
1 0.3682128545140371 0.5343770751538445 0.17136919282339969 0.15523388873328373
1 0.4350802593094347 0.02829104349672998 0.032795081561762154 0.05368241493740589
1 0.6679201652337798 0.27073111173353137 0.04314446675698245 0.060465442138763405
1 0.7446529172311405 0.3665638612349136 0.05366854454981289 0.0705818026734543
1 0.6338007152112008 0.2561189801825009 0.028588285240378278 0.036976961425842204
1 0.5076604287637253 0.6494922680246333 0.06998582602125926 0.06410907023127227
1 0.1611142409163548 0.11486307837895855 0.1055901631235244 0.10783027201357513
1 0.694855957786232 0.24373475688524063 0.042795081561762344 0.05379877547209674
1 0.7135245023360448 0.3135602160832044 0.04595372229748553 0.05050422898366037
1 0.7462464115777427 0.30150568096756825 0.03244569636654186 0.04701574827073917
1 0.7524834337397545 0.2614087138553258 0.025080259309434798 0.033604841247612004
1 0.7558474174569298 0.5165250743900166 0.0175401296547174 0.01686060089115131
1 0.6767704893705732 0.3123202047104041 0.018064207447547838 0.026860600891151498
1 0.3994121393028363 0.2705201194144024 0.017714822252327452 0.020193934224484737
1 0.40909340449145826 0.5188922395926328 0.06595372229748535 0.050736950053042164
1 0.4532435048978793 0.7885431579885601 0.03893767043559857 0.04375998862719977
1 0.7543625303772439 0.4881917410566833 0.017714822252327546 0.02019393422448464
0 0.5 0.5 1 1