0 0.5 0.5 1 1
1 0.5903622439753294 0.34291728279719436 0.04965477102139024 0.07523485428633914
1 0.79778160839625 0.4148074604190539 0.03564232306198316 0.058024895918813685
1 0.2747510408118632 0.34508201636440505 0.04992641687181958 0.0819015209530058
1 0.9092870039047579 0.5462279294682352 0.0384323646944578 0.044827385510695116
1 0.5430391493448816 0.6848923868783807 0.07033388564746361 0.09271645850429404
1 0.5431522856078038 0.35434909517752183 0.021222406326932248 0.030814937551288227
1 0.6252604510435534 0.8384916943965703 0.049111479320531164 0.06190152095300581
1 0.6553226908405876 0.7562449444649546 0.05230898972864983 0.05870401054488714
1 0.7739474465917213 0.5490604343303731 0.04577814598719783 0.06176569802779113
1 0.256895997811703 0.8652178392896197 0.045506500136768484 0.05509903136112446
1 0.5830080294463645 0.7282568401102312 0.04217316680343515 0.054963208435909794
1 0.9443917069314555 0.5860553149789302 0.025099031361124464 0.044284093809836236
1 0.4880278060137354 0.5190463294285753 0.021629875102576458 0.040814937551288226
1 0.18400125315253088 0.8104951568056223 0.0663214376880568 0.0759139689124125
1 0.5429739994529257 0.2358120274563665 0.03482738551069512 0.03802489591881368
1 0.9066441285286445 0.6930304190601165 0.024419916735050718 0.027617427143169757
1 0.9105150818972633 0.5980304190601164 0.01761742714316976 0.0240124479594067
1 0.5871647335672108 0.3394481265386463 0.038704010544887146 0.051494052177361783