1 0.03 0.24666666666666667 0.035 0.06333333333333334
1 0.5666666666666667 0.6733333333333333 0.08166666666666667 0.10666666666666667
1 0.5933333333333334 0.3883333333333333 0.12666666666666668 0.13333333333333333
1 0.45 0.6866666666666666 0.11833333333333333 0.21
1 0.8633333333333333 0.9816666666666667 0.045 0.03333333333333333
1 0.89 0.33166666666666667 0.03333333333333333 0.06666666666666667
1 0.08666666666666667 0.16 0.055 0.085
1 0.06166666666666667 0.20333333333333334 0.10666666666666667 0.175
1 0.5916666666666667 0.525 0.13333333333333333 0.405
1 0.5233333333333333 0.5583333333333333 0.26666666666666666 0.47333333333333333
1 0.10166666666666667 0.15166666666666667 0.02 0.043333333333333335
1 0.5983333333333334 0.5166666666666667 0.056666666666666664 0.08
0 0.49833333333333335 0.49833333333333335 0.9966666666666667 0.9966666666666667