1 0.8035979295763472 0.3047941990663656 0.23020108466671027 0.20706858384233054
1 0.55251858602836 0.4767486411936211 0.175936530813597 0.17791787725311736
1 0.686333460503035 0.9145705109488041 0.37717461797742563 0.12738827945782608
1 0.35989952831647903 0.4105980334176934 0.15062435387573145 0.12016444312033646
1 0.4254762308475243 0.28067106435268424 0.27089950005654534 0.22893161378424054
1 0.43222226932211166 0.3304381856099456 0.14705821541245315 0.11334252395851062
1 0.7594127475311546 0.3302234410843476 0.13384128464409212 0.11605484731120735
1 0.3423069514238496 0.5282738413028945 0.17512171285878964 0.15458454391978382
1 0.37228054125443216 0.8607532859128526 0.15039154874578647 0.11349777645366961
1 0.5062434681074799 0.5857440952876751 0.5262116769944112 0.29739747008300355
1 0.8759312205197799 0.1025795533540532 0.2481375589604401 0.1916439371369372
1 0.6615556450453456 0.6352691471770204 0.18325927181922982 0.10171696807192802
1 0.5112434681074799 0.5855112165449364 0.15325927181922983 0.10031969561549564
1 0.427698500169636 0.6311368218381618 0.11554498206781072 0.0686119181687449
1 0.8310000423899006 0.27680788619084606 0.1675238256723431 0.12760737226279892
1 0.5061799565311764 0.4405112165449365 0.6699048386102963 0.6002742365560368
1 0.3609894218022662 0.021967981031807672 0.17531217693786572 0.043935962063615344
1 0.5581216987288229 0.03041086076762739 0.14957673079097902 0.06082172153525478
1 0.21692602326569754 0.7144063148616815 0.12302646668928484 0.09225575649239659
1 0.37852917835606076 0.5616436901037234 0.27411643082490617 0.22575353294606637
1 0.4994286077627719 0.24717788321160314 0.10992593848589649 0.09830141317842656
1 0.3867936898192735 0.2724564680470147 0.1639576872090647 0.12078545310097316
1 0.3632699630566984 0.8895523767316634 0.1655873231186797 0.16745211976763963
1 0.28511116292098954 0.37234692164452826 0.1199259384858965 0.09876717066390407
1 0.4785503488814952 0.6053970748298614 0.2255873231186797 0.17024666468050478
0 0.5 0.5 1 1