1 0.2947273244218192 0.16666666666666666 0.09093088427752681 0.08
1 0.38664143492470754 0.7183333333333334 0.05065937636324814 0.056666666666666664
1 0.6123795526416516 0.5116666666666667 0.10438057814555085 0.09
1 0.42511285754298445 0.42 0.030349081604072504 0.03
1 0.7313528689157845 0.45666666666666667 0.030271507914278573 0.023333333333333334
1 0.6729784134097501 0.7466666666666667 0.04705453511563633 0.03333333333333333
1 0.7911771604498462 0.615 0.0570933219605331 0.03666666666666667
1 0.58255526110759 0.35333333333333333 0.03705453511563614 0.03333333333333333
1 0.07143161026948071 0.30666666666666664 0.03693817458094531 0.023333333333333334
1 0.2924741844260898 0.79 0.030349081604072504 0.03
1 0.8463311401655319 0.745 0.05713210880543007 0.04
1 0.8686401251008026 0.4033333333333333 0.13492359397410836 0.13666666666666666
1 0.14935417873968967 0.7716666666666666 0.06728725618501784 0.05333333333333334
1 0.6600147227668399 0.5716666666666667 0.04356605440271494 0.02
1 0.7537747113940397 0.535 0.05042665529386644 0.03666666666666667
1 0.9068559302355429 0.5566666666666666 0.023527267557817973 0.016666666666666666
1 0.2172220699342596 0.8116666666666666 0.04372120178230281 0.03333333333333333
1 0.7185796095056528 0.695 0.04372120178230281 0.03333333333333333
1 0.15096149747510879 0.92 0.03717089565032704 0.043333333333333335
0 0.49974788550816984 0.5216666666666666 0.9994957710163397 0.9566666666666667
1 0.9325711515383323 0.7816666666666666 0.040465442138763595 0.04