1 0.41134703444527104 0.7721003174809247 0.1861120316346616 0.15523746508293282
1 0.4804612753364538 0.260693961116063 0.18332199000218719 0.16847380832213787
1 0.20729212325620083 0.6731621983639487 0.044419916735050906 0.027927537890335544
1 0.8784522897860989 0.706903532683348 0.18903789619235076 0.14533445517706128
1 0.14742227451584236 0.5900050101523882 0.054555739660265674 0.031551841506054265
1 0.4315253206001491 0.889706225108295 0.037753250068384245 0.027733557702078998
1 0.5001500763512827 0.6762937367473175 0.03775325006838443 0.027733557702078998
1 0.515416050536139 0.5876209380845347 0.0444199167350511 0.02792753789033573
1 0.1845926797486262 0.9851198353130005 0.03067911462607351 0.017539577513822072
1 0.5011574049592467 0.4881543836022409 0.07788907299359911 0.03223077216495293
1 0.26043306553285833 0.8397497100029713 0.030679114626073554 0.017539577513822072
1 0.4633730349923453 0.5575061129239223 0.0374816042179549 0.02106689103541233
1 0.2821421954291884 0.9606404559166107 0.030679114626073554 0.017539577513822072
1 0.5171449569998399 0.5043360997982657 0.03761742714316957 0.024400224368745664
1 0.1545502165189628 0.864471564634682 0.027345781292740175 0.01744258741969361
1 0.3268026381161517 0.9676644229792107 0.02761742714316957 0.024109254086360277
1 0.018616322514909016 0.3258422508665754 0.03723264502981803 0.02792753789033573
1 0.41789198308852077 0.4889124692887839 0.037753250068384245 0.027733557702078998
1 0.4349576852946069 0.8463243967278976 0.02761742714316957 0.024109254086360277
1 0.22157054540046392 0.5678712280815635 0.027345781292740127 0.0174425874196938
1 0.07690166947727614 0.9316538417525707 0.034148270884621565 0.020969900941283866
1 0.13999447685869715 0.8948595250111957 0.02401244795940684 0.017345597325565145
1 0.85423610743887 0.7292491300089134 0.12407468775644095 0.103491643388622
1 0.4547991757070997 0.5227970832063075 0.030679114626073367 0.017539577513822072
1 0.07285810161935218 0.9900356701329682 0.05387662503419215 0.014885174839387219
1 0.3062677796515174 0.6136828189675589 0.02387662503419212 0.014012263992232004
0 0.5 0.5 1 1