1 0.495 0.7933333333333333 0.23333333333333334 0.405
0 0.41833333333333333 0.49666666666666665 0.83 0.9933333333333333
1 0.26666666666666666 0.33 0.058333333333333334 0.09
1 0.21666666666666667 0.10333333333333333 0.03 0.06333333333333334
1 0.3933333333333333 0.5366666666666666 0.045 0.09833333333333333
1 0.48 0.19166666666666668 0.06333333333333334 0.20333333333333334
1 0.45666666666666667 0.20166666666666666 0.041666666666666664 0.06333333333333334
1 0.15333333333333332 0.2866666666666667 0.09333333333333334 0.13166666666666665
1 0.11 0.21333333333333335 0.021666666666666667 0.03666666666666667
1 0.3416666666666667 0.17333333333333334 0.05 0.03666666666666667
1 0.13833333333333334 0.52 0.023333333333333334 0.045
1 0.41 0.11666666666666667 0.07166666666666667 0.10833333333333334
1 0.39666666666666667 0.12666666666666668 0.025 0.04666666666666667
1 0.39 0.31166666666666665 0.12333333333333334 0.15666666666666668
1 0.40166666666666667 0.26666666666666666 0.02666666666666667 0.056666666666666664
1 0.5783333333333334 0.5283333333333333 0.03666666666666667 0.07666666666666666
1 0.30666666666666664 0.04833333333333333 0.315 0.095
1 0.2866666666666667 0.018333333333333333 0.051666666666666666 0.03666666666666667
1 0.14833333333333334 0.41333333333333333 0.08333333333333333 0.1
1 0.2 0.5383333333333333 0.041666666666666664 0.04666666666666667
1 0.6833333333333333 0.4716666666666667 0.021666666666666667 0.03333333333333333
1 0.37166666666666665 0.4766666666666667 0.023333333333333334 0.025
1 0.5266666666666666 0.39666666666666667 0.015 0.035
1 0.54 0.22833333333333333 0.015 0.043333333333333335
1 0.2816666666666667 0.3016666666666667 0.02 0.03333333333333333
1 0.6066666666666667 0.42 0.095 0.15333333333333332
1 0.5666666666666667 0.425 0.04 0.10166666666666667
1 0.5916666666666667 0.38666666666666666 0.016666666666666666 0.043333333333333335
1 0.5233333333333333 0.3883333333333333 0.025 0.05333333333333334
1 0.5433333333333333 0.25333333333333335 0.04 0.09666666666666666
1 0.4483333333333333 0.11166666666666666 0.04 0.05333333333333334
1 0.7766666666666666 0.39 0.03666666666666667 0.09333333333333334
1 0.465 0.44 0.10166666666666667 0.125
1 0.37833333333333335 0.6633333333333333 0.06333333333333334 0.08166666666666667
1 0.37 0.745 0.06166666666666667 0.08166666666666667
1 0.28 0.45 0.075 0.105
1 0.73 0.4633333333333333 0.07 0.08
1 0.65 0.26666666666666666 0.06833333333333333 0.08
1 0.7116666666666667 0.34833333333333333 0.05333333333333334 0.1
1 0.18333333333333332 0.6683333333333333 0.07166666666666667 0.1
1 0.09833333333333333 0.3433333333333333 0.06833333333333333 0.07833333333333334
1 0.135 0.11333333333333333 0.043333333333333335 0.08666666666666667
1 0.07333333333333333 0.15166666666666667 0.07333333333333333 0.045
1 0.6866666666666666 0.225 0.03166666666666667 0.06333333333333334
1 0.6283333333333333 0.66 0.045 0.12
1 0.71 0.5633333333333334 0.07333333333333333 0.043333333333333335
1 0.6316666666666667 0.5483333333333333 0.075 0.13166666666666665
1 0.5683333333333334 0.16166666666666665 0.023333333333333334 0.058333333333333334