1 0.6262914156506139 0.686549434627504 0.25803585949006635 0.15769709956538766
1 0.2862063717781695 0.3002656112533456 0.23908401507572716 0.17734799826682338
1 0.719306014172569 0.4396125064884281 0.0275401296547174 0.01713213506475237
1 0.8848088309972885 0.33740531687694286 0.13349385195220292 0.06893582510733495
1 0.3152645210330641 0.7962256398243976 0.0175401296547174 0.016957584415470326
1 0.38956096607961394 0.39715657662056925 0.045080259309434705 0.0340897194802227
1 0.4825094792708752 0.246973590472801 0.17892349645685765 0.1096922112542244
1 0.6984915495258421 0.32748037142367553 0.3532766374183704 0.2592680554089274
1 0.5705217753664698 0.38196515497431505 0.0275401296547174 0.017132135064752467
1 0.4495326181221325 0.27142084675007416 0.0450802593094348 0.03408971948022279
0 0.5 0.5 1 1
1 0.7739801923718206 0.16031070908555675 0.3245278335591229 0.15552743722726892