1 0.2891889792488705 0.3699524193051481 0.0403490816040725 0.031396830779669926
1 0.5177573689793898 0.684476259107458 0.09127996588159931 0.11314286925425715
0 0.5 0.5 1 1
0 0.6225393706768481 0.09670907836736983 0.5984120746870294 0.17083605913007613
1 0.5713974940801924 0.28317997066114325 0.10713210880543007 0.0437248820791198
1 0.43655264145978007 0.2917990001130907 0.14399270969658137 0.06167197696048381
1 0.6897308274135256 0.2873122617176668 0.09050422898366037 0.046476202587590665
1 0.6476762922978895 0.25252389632217725 0.09709332196053311 0.04004234105086899
1 0.72228842384892 0.22180962070072505 0.0770933219605331 0.03934392566103403
1 0.4515344157012337 0.43393127703964735 0.18162904748567182 0.14628573850851467
1 0.52285316842773 0.5497090642374031 0.1582569273074415 0.1421375872203737