1 0.9134551168419572 0.7027461515143222 0.1058941897627282 0.07694181284748064
1 0.5343280654294167 0.1901164732148067 0.08911112053108904 0.07302646668928484
1 0.3850212411752687 0.5860794141978213 0.07507937180792074 0.05256085642939486
1 0.7974868655651255 0.7186720617402849 0.10612699489267319 0.08360847951414713
1 0.10265615911876708 0.5562433974576457 0.16605293337856958 0.17892065645201305
1 0.8064657232996247 0.8804551309719241 0.027248679491529135 0.017597887186446618
1 0.37087832953111083 0.18107941419782128 0.05139683077966992 0.04174603847458741
1 0.3836032398701643 0.49780428214697414 0.04724867949152914 0.018296302576281582
1 0.6442381436836958 0.3820582860622873 0.02379894359322331 0.01414815128814079
1 0.8107673079097898 0.8606297348193827 0.023915346158195804 0.01748148462147431
1 0.789560941209196 0.7300477219945204 0.07174603847458741 0.05244445386442218
1 0.2684021552034539 0.2973545321187015 0.0339153461581958 0.017830692316391606
1 0.7934604271357744 0.8417143886611871 0.023915346158195804 0.017481484621473933
1 0.8204127899210552 0.7078202130284257 0.05484656667797575 0.04519577437289324
0 0.5 0.5 1 1