0 0.57 0.49833333333333335 0.855 0.9966666666666667
0 0.15 0.69 0.29833333333333334 0.62
1 0.6783333333333333 0.6616666666666666 0.04 0.07333333333333333
1 0.43833333333333335 0.17666666666666667 0.07 0.095
1 0.305 0.6966666666666667 0.05 0.06666666666666667
1 0.32666666666666666 0.82 0.06333333333333334 0.065
1 0.9033333333333333 0.11 0.06 0.085
1 0.09333333333333334 0.705 0.07166666666666667 0.095
1 0.42 0.165 0.03166666666666667 0.065
1 0.3933333333333333 0.21833333333333332 0.021666666666666667 0.043333333333333335
1 0.03 0.6916666666666667 0.06 0.11666666666666667
1 0.03666666666666667 0.8916666666666667 0.07333333333333333 0.21666666666666667
1 0.16666666666666666 0.8966666666666666 0.04 0.08666666666666667
1 0.36833333333333335 0.06333333333333334 0.051666666666666666 0.043333333333333335