1 0.20087903721723996 0.711911621643618 0.16096963830182587 0.16945947705518166
1 0.4510147865794956 0.692942054542339 0.27110538766408143 0.1947128675306188
1 0.3874886367982709 0.4384741419886715 0.10720966411568914 0.09519520692567653
1 0.5285832168668604 0.5392802761868357 0.08372118865406378 0.06812125541068478
1 0.5582050579291482 0.6048039281346822 0.08368240312199059 0.06145458874401811
1 0.7172753163718693 0.48090098008165 0.14722905688172583 0.09922674285613861
1 0.5258219701316044 0.4408887593037416 0.14726784241379884 0.10589340952280528
1 0.8245808331052672 0.6594586121155401 0.2509114600037162 0.161030432898721
1 0.3154244184278556 0.5055565290021493 0.07029089149054774 0.05122185454497526
1 0.6861807363032799 0.38201490302558977 0.15395390184650182 0.10934310995566003
1 0.45508504502221664 0.5663335714254332 0.7128701293734048 0.5057264294323678
1 0.6224110657341249 0.45590941558013603 0.34817930241751505 0.2660510891751153
1 0.3658715632591695 0.14306685714034645 0.16060117574713198 0.10612614372184813
1 0.2369273577956858 0.24582679047455855 0.11375997418613669 0.07531157402519796
1 0.8293093343807559 0.7062125541068479 0.08362422482388107 0.051454588744018113
1 0.36067652438633035 0.46300867359058573 0.17081449617353373 0.14296736103779703
1 0.5472839015424137 0.7629627108187333 0.09060117574713217 0.10490428917687288
1 0.4702897802780739 0.2448996389578093 0.11377936695217329 0.07864490735853129
1 0.6402692762995635 0.5378960917704867 0.08717087858361613 0.08817943896044558
1 0.6074013693511067 0.4573142562728794 0.1138957235483925 0.09864490735853129
1 0.36532856581014694 0.23640019047367977 0.1539345090804654 0.1060097766223267
0 0.5 0.5 1 1
1 0.6968594831145579 0.26552278700820525 0.3108920672376799 0.1587444034610808
1 0.3280424418427855 0.055731079651431446 0.14717087858361613 0.08922674285613856