1 0.6533333333333333 0.6266666666666667 0.015 0.025
1 0.34833333333333333 0.19 0.013333333333333334 0.025
1 0.5 0.8716666666666667 0.03 0.041666666666666664
1 0.535 0.8666666666666667 0.02666666666666667 0.06666666666666667
1 0.5416666666666666 0.7416666666666667 0.03333333333333333 0.04666666666666667
1 0.415 0.7766666666666666 0.03 0.05
1 0.63 0.43333333333333335 0.045 0.08
1 0.565 0.385 0.01 0.02
1 0.7 0.435 0.03666666666666667 0.04
1 0.575 0.7116666666666667 0.02666666666666667 0.043333333333333335
1 0.6033333333333334 0.3433333333333333 0.015 0.023333333333333334
1 0.39 0.44166666666666665 0.025 0.043333333333333335
1 0.6016666666666667 0.7666666666666667 0.013333333333333334 0.025
1 0.4766666666666667 0.715 0.021666666666666667 0.06
1 0.7033333333333334 0.3233333333333333 0.013333333333333334 0.023333333333333334
1 0.5383333333333333 0.405 0.04666666666666667 0.265
1 0.685 0.02666666666666667 0.013333333333333334 0.02
1 0.8333333333333334 0.5183333333333333 0.013333333333333334 0.041666666666666664
1 0.8333333333333334 0.46166666666666667 0.015 0.02666666666666667
1 0.6633333333333333 0.5566666666666666 0.035 0.05333333333333334
1 0.6133333333333333 0.775 0.011666666666666667 0.02
1 0.865 0.8583333333333333 0.03166666666666667 0.04666666666666667
1 0.8933333333333333 0.765 0.03666666666666667 0.045
1 0.33666666666666667 0.6666666666666666 0.03666666666666667 0.041666666666666664
1 0.4116666666666667 0.6166666666666667 0.03 0.04
1 0.36666666666666664 0.6366666666666667 0.028333333333333332 0.04666666666666667
1 0.8266666666666667 0.33 0.03333333333333333 0.035
1 0.9233333333333333 0.3466666666666667 0.051666666666666666 0.085
1 0.8933333333333333 0.27166666666666667 0.015 0.02666666666666667
1 0.37333333333333335 0.575 0.023333333333333334 0.04
1 0.72 0.67 0.018333333333333333 0.025
1 0.61 0.35333333333333333 0.04666666666666667 0.056666666666666664
1 0.32166666666666666 0.19 0.013333333333333334 0.02
1 0.74 0.43833333333333335 0.011666666666666667 0.016666666666666666
1 0.625 0.9616666666666667 0.07 0.07666666666666666
1 0.6466666666666666 0.8666666666666667 0.018333333333333333 0.03333333333333333
0 0.5916666666666667 0.49666666666666665 0.7433333333333333 0.9933333333333333
1 0.8633333333333333 0.5716666666666667 0.04666666666666667 0.03833333333333333
1 0.9383333333333334 0.5233333333333333 0.051666666666666666 0.06666666666666667
1 0.925 0.6633333333333333 0.04666666666666667 0.065
1 0.6883333333333334 0.9683333333333334 0.03 0.058333333333333334
1 0.4 0.16833333333333333 0.05 0.08
1 0.26166666666666666 0.46166666666666667 0.055 0.07666666666666666
1 0.3433333333333333 0.4066666666666667 0.018333333333333333 0.03333333333333333
1 0.475 0.6266666666666667 0.085 0.06166666666666667
1 0.7216666666666667 0.13333333333333333 0.04 0.06
1 0.7083333333333334 0.285 0.028333333333333332 0.04
1 0.7433333333333333 0.195 0.03333333333333333 0.055
1 0.42333333333333334 0.575 0.035 0.03166666666666667