0 0.5 0.5 1 1
1 0.28179605328332563 0.8913280795593834 0.11052360468298597 0.09384128464409211
1 0.5058338889395703 0.16096832192666594 0.11054299744902248 0.09717461797742559
1 0.5313198193029571 0.5317831398814733 0.08029089149054774 0.05279366155933985
1 0.8212228554727745 0.5252434963674135 0.09036846255469394 0.06647620258759067
1 0.1624822740526743 0.4322539897853463 0.11050421191694947 0.09050795131075896
1 0.3296240634872356 0.5197407847006376 0.033410904397479346 0.014497358983058272
1 0.5026556977345291 0.1875185860283601 0.07354665375973506 0.039227523096061485
1 0.6249354589562938 0.869984210418217 0.013410904397479348 0.013798943593223308
1 0.6722021901576187 0.6883387142769848 0.060135749362255714 0.025428579502838222
1 0.26332697058773663 0.8673545321187015 0.06687998709306839 0.038994717966116546
1 0.8161452844086284 0.5117355591866215 0.07021332042640173 0.03911112053108904
1 0.8279670932035873 0.5388096348306919 0.06354665375973506 0.03887831540114405
1 0.09522412802189381 0.32825927181922976 0.05352726099369851 0.035195774372893236