1 0.42833333333333334 0.8133333333333334 0.05 0.1
1 0.5016666666666667 0.8833333333333333 0.03666666666666667 0.09
1 0.5283333333333333 0.445 0.06666666666666667 0.1
1 0.4533333333333333 0.31166666666666665 0.065 0.10333333333333333
1 0.5683333333333334 0.125 0.06 0.11
1 0.38666666666666666 0.7666666666666667 0.018333333333333333 0.03333333333333333
1 0.48 0.5433333333333333 0.02666666666666667 0.055
1 0.6533333333333333 0.9316666666666666 0.045 0.07666666666666666
1 0.55 0.09333333333333334 0.09833333333333333 0.18666666666666668
1 0.77 0.24833333333333332 0.02 0.03333333333333333
1 0.46 0.46166666666666667 0.03666666666666667 0.07666666666666666
0 0.5 0.49833333333333335 0.995 0.9966666666666667