1 0.25333333333333335 0.5416666666666666 0.11166666666666666 0.17666666666666667
1 0.8233333333333334 0.385 0.09 0.13
1 0.5766666666666667 0.6516666666666666 0.09166666666666666 0.14666666666666667
1 0.5083333333333333 0.48833333333333334 0.23666666666666666 0.5066666666666667
1 0.15333333333333332 0.8433333333333334 0.18666666666666668 0.165
1 0.49 0.6633333333333333 0.06166666666666667 0.155
1 0.48333333333333334 0.47833333333333333 0.12166666666666667 0.16333333333333333
1 0.33166666666666667 0.9166666666666666 0.10666666666666667 0.12333333333333334
1 0.43333333333333335 0.6133333333333333 0.075 0.13
1 0.4583333333333333 0.6433333333333333 0.12333333333333334 0.19333333333333333
1 0.43666666666666665 0.8483333333333334 0.06333333333333334 0.12666666666666668
1 0.7316666666666667 0.006666666666666667 0.09666666666666666 0.013333333333333334
1 0.49333333333333335 0.5 0.075 0.115
0 0.49833333333333335 0.4866666666666667 0.9966666666666667 0.9733333333333334
1 0.675 0.10833333333333334 0.13666666666666666 0.21666666666666667
0 0.3566666666666667 0.21666666666666667 0.6 0.43333333333333335
1 0.5066666666666667 0.20166666666666666 0.24833333333333332 0.14666666666666667
1 0.4166666666666667 0.08333333333333333 0.03666666666666667 0.04