1 0.11282545267240864 0.41843387566668855 0.1507407564407039 0.1217883795254563
1 0.2939683077966991 0.4097778154576893 0.1374074231073706 0.12132276926556633
1 0.6100847527515721 0.7387619834860057 0.13015874361584148 0.10442329746895476
1 0.3897514052882719 0.6261958167627938 0.11302646668928484 0.09050795131075877
1 0.46217992827124277 0.2691640821695923 0.12314286925425734 0.09419049233900978
1 0.24000531029381714 0.15153971416389406 0.11957673079097901 0.08740742310737057
1 0.0766667373165009 0.5270370448870185 0.12004234105086896 0.10074075644070377
0 0.5 0.5 1 1
1 0.2912116769944111 0.28316935007350896 0.12868785132206806 0.1576402282373156
1 0.0886719910904507 0.25112699489267315 0.08372488207911975 0.10946032822600651
1 0.12413229105652349 0.12252382567234306 0.11547092055370711 0.16050795131075893
1 0.34347621671755746 0.20675665906222174 0.12027514618081397 0.10740742310737052
1 0.4533386436271505 0.15898947832213356 0.26271960004523637 0.18229633083621527
1 0.797703739813619 0.2958625399493278 0.245703725683652 0.17171431801135278
1 0.6646984436497686 0.252931305299581 0.1377566308022881 0.13132276926556632
1 0.5030370872769191 0.3904445103842897 0.19523811542376224 0.15663494620343205
1 0.4379630257628156 0.48139159113568697 0.17337567438420232 0.10260319748026385
1 0.6048678078532445 0.6370371155368529 0.1655873231186797 0.1655873231186797
1 0.4965715052769629 0.5866455667910664 0.06934392566103384 0.07899471796611654
1 0.6364709629436076 0.49331754375155024 0.189386266711903 0.1797354744068205
1 0.6769312629096805 0.3648889783786789 0.2155873231186797 0.16733336159326692
1 0.14723288990974606 0.6410317628531351 0.17143917183053886 0.14248679491529137
1 0.25505827193232045 0.5349312487797137 0.1658201282486246 0.17225398978534637
1 0.0777196706950705 0.7001957743728933 0.11306880774015377 0.18705821541245313
1 0.22344456690415712 0.9166931474859183 0.13969313335595152 0.09143917183053872
1 0.3456350451132 0.9359418411074144 0.1539576872090648 0.11857144875709537
1 0.2579366155933982 0.808031776983102 0.21558732311867962 0.16733336159326712
1 0.33089957070637954 0.7523175013616498 0.22535451798873463 0.16101590262151794
1 0.5758466797177105 0.9023651527063358 0.1740740897740373 0.12260319748026405
1 0.7641958732826611 0.8140583001922542 0.2553545179887347 0.16206352570627036
1 0.7467884501752906 0.6969260232656974 0.16857144875709557 0.155703725683652
1 0.7835291783560607 0.604989520712034 0.2748889077288447 0.1494286077627718
1 0.9081508346949831 0.7026297489493497 0.18369833061003382 0.12973547440682048
1 0.8412222269322112 0.21100011303973476 0.3175555461355776 0.2345079795706926
1 0.8541322910565234 0.4263493207346522 0.2917354178869531 0.33047623084752425