0 0.49833333333333335 0.5233333333333333 0.9966666666666667 0.945
1 0.7033333333333334 0.6783333333333333 0.12833333333333333 0.16333333333333333
1 0.4 0.5383333333333333 0.10833333333333334 0.12666666666666668
1 0.26 0.64 0.08166666666666667 0.195
1 0.42333333333333334 0.3333333333333333 0.06833333333333333 0.12666666666666668
1 0.25333333333333335 0.5066666666666667 0.041666666666666664 0.06333333333333334
1 0.06166666666666667 0.9033333333333333 0.11666666666666667 0.18666666666666668
1 0.26666666666666666 0.5833333333333334 0.06666666666666667 0.07666666666666666
1 0.8233333333333334 0.42333333333333334 0.16166666666666665 0.19
1 0.475 0.6716666666666666 0.14 0.19333333333333333
1 0.29333333333333333 0.5166666666666667 0.03666666666666667 0.065
1 0.26 0.48333333333333334 0.055 0.10666666666666667