1 0.2866666666666667 0.6166666666666667 0.075 0.095
1 0.505 0.525 0.03 0.04
1 0.36333333333333334 0.8516666666666667 0.06666666666666667 0.09333333333333334
1 0.5433333333333333 0.5166666666666667 0.028333333333333332 0.045
1 0.5766666666666667 0.7 0.06 0.1
1 0.5233333333333333 0.52 0.06833333333333333 0.055
1 0.24166666666666667 0.5466666666666666 0.08333333333333333 0.12
1 0.28 0.7033333333333334 0.03166666666666667 0.06333333333333334
1 0.26 0.6083333333333333 0.12833333333333333 0.24666666666666667
1 0.215 0.65 0.03666666666666667 0.075
1 0.5383333333333333 0.67 0.03 0.055
1 0.5583333333333333 0.7133333333333334 0.09666666666666666 0.16
1 0.30666666666666664 0.8933333333333333 0.03 0.09666666666666666
1 0.29333333333333333 0.7083333333333334 0.20833333333333334 0.44666666666666666
1 0.2633333333333333 0.5433333333333333 0.03833333333333333 0.05333333333333334
1 0.4166666666666667 0.675 0.03166666666666667 0.045
1 0.08666666666666667 0.005 0.011666666666666667 0.01
1 0.22333333333333333 0.57 0.045 0.075
1 0.37833333333333335 0.85 0.03666666666666667 0.07
0 0.4666666666666667 0.495 0.7333333333333333 0.9483333333333334