1 0.5689529697330241 0.40265615911876707 0.18543291700858808 0.1396190718418479
1 0.7570882403441084 0.3226826399380187 0.2573344379615939 0.18873019237293695
1 0.5633615431369288 0.5921905488588771 0.1587662503419214 0.13868785132206804
1 0.45998865666885375 0.17916408216959231 0.1303338856474636 0.09442329746895467
1 0.23347191782919946 0.4608412987740591 0.05482738551069502 0.03852910770622657
1 0.06329363167432137 0.5730634974463366 0.07523485428633916 0.04922752309606153
1 0.6783785581336481 0.3515556450453456 0.4435200527244361 0.265132333446424
1 0.2350650013676856 0.5407830974915729 0.23101300027353716 0.11458204108479625
1 0.10556015817330792 0.7526190577118811 0.0685681876196725 0.04899471796611654
1 0.31494328334426863 0.8265026834068423 0.04469156258548035 0.034846566677975754
1 0.5771561518067159 0.31806356809617076 0.09298810435472338 0.07647620258759066
1 0.1696377560246707 0.3238042538870404 0.09951894809617537 0.07337567438420232
1 0.2807979225545688 0.2744286077627719 0.1363214376880568 0.07798943593223309
1 0.172498470690404 0.7616137756779976 0.06482738551069503 0.03887831540114386
1 0.1436699805514484 0.544248693621496 0.04455573966026568 0.03151323334464223
1 0.2912760643634717 0.7358042680170074 0.061629875102576455 0.04209524616950489
1 0.20402088119563141 0.3915767449209458 0.06176569802779113 0.045428579502838226
0 0.5 0.5 1 1