1 0.6389259785935066 0.668692839272335 0.06787534087119695 0.08850947845510594
1 0.46341837720577767 0.36593643635138395 0.04998582602125926 0.06469119465113077
1 0.4070350104036373 0.45743978281037395 0.05665249268792593 0.06488517483938759
1 0.6036191153345085 0.8660869316449645 0.06857411126163736 0.10184281178843928
1 0.484780483039807 0.18059697102193462 0.06454200753786343 0.08841248836097762
1 0.446102549074263 0.6010819214925767 0.04314446675698245 0.06116388112954079
1 0.28068938097470947 0.3279860532421761 0.10592537434000396 0.17947937939638992
1 0.8589424549986082 0.3444431101971702 0.057176570480756556 0.0748851748393875
1 0.5296341383996783 0.30909362456294465 0.06085928900930981 0.08164883160018253
1 0.35068707854834874 0.7070339873673763 0.06752595567597666 0.08184281178843927
1 0.4789637159667192 0.4503544957866137 0.04998582602125926 0.06469119465113067
1 0.16309733996803885 0.5078048979680153 0.0605099038140897 0.07498216493351587
1 0.27086885813532924 0.7376465879127267 0.0605099038140897 0.07498216493351587
1 0.6132814219813801 0.14191134744505593 0.15397540780881097 0.27074025062005885
1 0.6175165662602455 0.25162037716267077 0.05717657048075637 0.0748851748393875
1 0.5058546841565885 0.6675724430374704 0.04665249268792593 0.06459420455700221
1 0.48808795055230775 0.8478149182727914 0.043319159354592594 0.06449721446287413
1 0.30310442695740925 0.5353494856342256 0.06349385195220274 0.06841248836097767
1 0.29682488285917535 0.30588293115193166 0.07330498537585185 0.1286064685492344
1 0.7743768840662727 0.719667750366007 0.06314446675698245 0.061745821694311
1 0.05490804884847349 0.762235782317341 0.06805003346880703 0.09184281178843927
1 0.2498726139016217 0.598471003712818 0.046303107492705636 0.05792753789033573
0 0.5 0.5 1 1
1 0.37601750520181865 0.22370065403404296 0.07103398160692014 0.08527313521590107
1 0.38283760349798435 0.12531882565364547 0.09313029277824171 0.12585507578067137
1 0.452466957334653 0.0396744623561808 0.06787534087119695 0.0793489247123616
1 0.3318626202323879 0.08187066715969964 0.03366854454981289 0.07087291084715548
1 0.10965539936778936 0.41616889128192874 0.06120867420453024 0.0883154982668492
1 0.8506587305908674 0.5660127867697085 0.08173275199736053 0.09889743883161942
1 0.8590062379029414 0.6290066547735925 0.05822472606641706 0.0948851748393876
1 0.8977479547728187 0.4930852488793728 0.061208674204530474 0.0883154982668492
1 0.9155146883770992 0.3128427736440518 0.04700187788314603 0.07126087122366907
1 0.5353943892680914 0.9612630767667374 0.0822710037689319 0.04566109559241454
1 0.1958901191034403 0.8346833798894229 0.09927288165207804 0.116049055968928
1 0.0998419635177795 0.857447597572082 0.08173275199736063 0.09889743883161979
1 0.09099872637035648 0.9309264160466078 0.07244569636654194 0.04870345864336287
1 0.25960118558947537 0.9526465879127268 0.04192161857371152 0.03783054779620746
1 0.32693827468910114 0.8109007662184158 0.044192622342643324 0.08116388112954061
1 0.5561473734368458 0.40650555200205835 0.07962226684729823 0.12213378207082447
1 0.5563362400131967 0.4664085619079299 0.0429697741593723 0.05783054779620727
1 0.5866927121977873 0.49048715601371023 0.06506608533069387 0.09841248836097767
1 0.6656020346759044 0.31845036403701416 0.06752595567597666 0.08184281178843927
1 0.6122757883319414 0.3516203771626708 0.03700187788314622 0.07096990094128387
1 0.6480689920105575 0.36722015279392517 0.049287055630818866 0.05135786131779734
1 0.7353116478220078 0.1949408855819081 0.059098189054467794 0.11155184150605417