1 0.7846121157953159 0.6220167513671437 0.013799090818810858 0.010387960376513471
1 0.15968055141771817 0.4623584222396614 0.05077626247579578 0.01812151807859247
1 0.229210198619652 0.3828255376438192 0.04108676746611413 0.024497214462873937
1 0.48450716470541827 0.7897118343269347 0.027908686627940067 0.027442587419693798
1 0.7702742365560367 0.6715318008965018 0.02093151497095505 0.020581940564770397
1 0.4686851961369496 0.6644208640445495 0.051707777446750924 0.038121518078592466
1 0.8689316137842403 0.2882597875243286 0.04821919161825842 0.03469119465113077
1 0.37697741869019885 0.6251354648364164 0.0483744441134174 0.038024527984464006
1 0.41121494215216897 0.8241962238757126 0.03410959580912921 0.017636567607950536
1 0.16363489473168816 0.4757887456671231 0.06535161577040242 0.04517614512177261
1 0.5367764601023669 0.5182698078291048 0.04108676746611423 0.024497214462873937
1 0.33013252296542966 0.2625958873225942 0.03077626247579578 0.017539577513822072
1 0.6845572190774658 0.3677798472060748 0.03442010079944756 0.0243032342746172
1 0.39753458836102185 0.8520931017854683 0.08008222156016823 0.07556410549828607
1 0.15402302596958606 0.4838311087180712 0.03442010079944746 0.0243032342746172
0 0.5003881312378979 0.5028818474525912 0.9992237375242041 0.9724303615718491
1 0.8124659057054059 0.3981321374496201 0.12070323154080484 0.09006131996116021
1 0.3584842375491176 0.5496990094128387 0.10550686826556159 0.049673359584646734
1 0.5572284316500784 0.3141427186762603 0.10852969660857657 0.04310368301210834
1 0.6098996442226909 0.2657430552293787 0.07232878742738744 0.052036791976696105
1 0.6690868662793997 0.2857737152099588 0.07915070658921308 0.05556410549828627
1 0.6447489870401205 0.3349977944569317 0.07248403992254641 0.05537012531002944
1 0.3269043877552079 0.6935836233303622 0.062328787427387435 0.051745821694311
1 0.38643863026973035 0.6853294450246731 0.05930595908437245 0.05831549826684939
1 0.06088605591149601 0.5210668910354124 0.06566212076072077 0.051842811788439275