1 0.6 0.5866666666666667 0.04666666666666667 0.08
1 0.14666666666666667 0.48333333333333334 0.08 0.12333333333333334
1 0.6116666666666667 0.4033333333333333 0.06666666666666667 0.08666666666666667
1 0.6666666666666666 0.23666666666666666 0.045 0.10333333333333333
1 0.48 0.5366666666666666 0.056666666666666664 0.06666666666666667
1 0.39 0.6083333333333333 0.04833333333333333 0.06666666666666667
1 0.42333333333333334 0.7433333333333333 0.04833333333333333 0.075
1 0.35 0.49166666666666664 0.051666666666666666 0.07333333333333333
1 0.34833333333333333 0.5066666666666667 0.043333333333333335 0.043333333333333335
1 0.6966666666666667 0.9466666666666667 0.06166666666666667 0.10333333333333333
1 0.11666666666666667 0.8416666666666667 0.055 0.07666666666666666
1 0.24666666666666667 0.6266666666666667 0.041666666666666664 0.03666666666666667
1 0.13166666666666665 0.57 0.02666666666666667 0.05
1 0.205 0.41333333333333333 0.03666666666666667 0.055
1 0.19333333333333333 0.8466666666666667 0.035 0.06
0 0.5216666666666666 0.49666666666666665 0.95 0.9933333333333333