0 0.49833333333333335 0.49666666666666665 0.9966666666666667 0.9933333333333333
1 0.5633333333333334 0.5766666666666667 0.10333333333333333 0.16
1 0.465 0.42 0.06333333333333334 0.11
1 0.35 0.5816666666666667 0.03333333333333333 0.056666666666666664
1 0.8 0.5216666666666666 0.25 0.16666666666666666
1 0.29333333333333333 0.6133333333333333 0.08 0.09333333333333334
1 0.3383333333333333 0.15 0.12 0.14
1 0.5833333333333334 0.285 0.22333333333333333 0.175
1 0.6066666666666667 0.25333333333333335 0.058333333333333334 0.1
1 0.44666666666666666 0.6183333333333333 0.03166666666666667 0.04666666666666667
1 0.38 0.5016666666666667 0.035 0.056666666666666664
1 0.295 0.6166666666666667 0.15333333333333332 0.145
1 0.36833333333333335 0.12833333333333333 0.06 0.09666666666666666
1 0.04833333333333333 0.6233333333333333 0.09666666666666666 0.11333333333333333
1 0.23333333333333334 0.645 0.035 0.075
1 0.3566666666666667 0.5266666666666666 0.28 0.3233333333333333
1 0.36 0.5733333333333334 0.05333333333333334 0.07333333333333333
1 0.5233333333333333 0.5316666666666666 0.615 0.3416666666666667
1 0.6033333333333334 0.26166666666666666 0.10166666666666667 0.12333333333333334
1 0.9183333333333333 0.7183333333333334 0.11 0.13166666666666665
1 0.9833333333333333 0.6683333333333333 0.03333333333333333 0.13
1 0.12166666666666667 0.7533333333333333 0.065 0.08833333333333333
1 0.21833333333333332 0.49833333333333335 0.12166666666666667 0.09166666666666666