0 0.06468860453094184 0.7760052820338834 0.12937720906188369 0.20132276926556641
1 0.3491165179328646 0.4260528627287354 0.21784962539489433 0.21089950005654534
1 0.2745625515517045 0.35200525377394976 0.0668993798591049 0.04232805129944988
1 0.1993093343807559 0.6845661102033447 0.11050421191694947 0.09050795131075896
1 0.40590812636629475 0.6890158178417167 0.05019392766036523 0.03507937180792074
1 0.3385843280793342 0.23146027170613911 0.030135749362255618 0.024380956418085777
0 0.499515180849087 0.5558729485874594 0.999030361698174 0.8482541028250811
1 0.07525846870407138 0.8122063384406601 0.06697695092325096 0.05566138463278321
1 0.04455285516868623 0.7850370307570518 0.08910571033737245 0.12325927181922983
1 0.8763444636021164 0.5976030561805953 0.23098903106786262 0.17803177698310188
1 0.6366547478587007 0.5526507075252814 0.3908144961735337 0.1536191001017816
1 0.5572753163718693 0.44877770241795456 0.19738419901001786 0.1302010846667103
1 0.732304405520924 0.4376665677568987 0.20401208014461153 0.1237672231299886
1 0.9537189662291159 0.4732591305195613 0.08695755815721441 0.05302646668928484
1 0.6370124028179024 0.7775925062427952 0.39430297163515926 0.18040216933342093
1 0.40625719615495204 0.6290158178417168 0.14069813957731458 0.12488890772884474
1 0.323272932610276 0.5719258819660291 0.09377936695217329 0.07992593848589649
1 0.41142314587873635 0.3138994152767443 0.1337987597182098 0.08465610259889976