0 0.5 0.5 1 1
1 0.2539286911097254 0.6787133689123958 0.0844193649904479 0.09770064827358661
1 0.5045116614470817 0.49839463410101764 0.07775269832378133 0.09735126307836652
1 0.5845675063866228 0.7844286157079378 0.21321930812644685 0.28767230031610536
1 0.5554983906641496 0.7028563823294466 0.06434179130065407 0.08998582602125946
1 0.11359783526419917 0.8431302927782417 0.06131875272649628 0.11647780009031597
1 0.4389527551877824 0.11305942288453812 0.10876115629110189 0.18559016312352442
1 0.3054995583280518 0.5463337578765478 0.050736950053041976 0.06595372229748535
1 0.6249359814131439 0.7548582602125928 0.0841866439210662 0.07770064827358662
1 0.5571251028220172 0.8496977415937234 0.09159026064077504 0.14138336680214025
1 0.2314692294504755 0.4590698410969864 0.04414785707616924 0.07227100376893171
1 0.2571879537449712 0.2552926892802574 0.06124117903670234 0.10981113342364912
1 0.860925045958016 0.6821740883441074 0.06407028338637549 0.06665249268792593