0 0.5883333333333334 0.4953706461633314 0.8233333333333334 0.9907412923266627
1 0.6023890822202415 0.1653966916944521 0.1443645542357774 0.15733708909962577
1 0.6217486263036307 0.4865392805682884 0.07339465329449353 0.12033521121647955
1 0.48107250025405185 0.9295751400583545 0.024788184745259133 0.05122284818327065
1 0.5704955698416696 0.732929734359799 0.027927537890335544 0.0447308741142145
1 0.53905073873452 0.34064455661212656 0.021260871223669067 0.04438148891899412
1 0.5903779400717374 0.32627015468250276 0.04566109559241454 0.08227100376893182
1 0.4860262107500559 0.296685625208417 0.04507915502764415 0.06227100376893181
1 0.4413478410130212 0.3674646549082923 0.038121518078592466 0.05192161857371152
1 0.39574025062005885 0.11947361978080887 0.18083724071418733 0.15259204100667062
1 0.5052709296728327 0.6712488937143917 0.03242475235320967 0.08490556671182466
1 0.6686349229867462 0.7211096360636333 0.014109254086360466 0.027365437057107252
1 0.5145078338339016 0.7592328418525047 0.027636567607950534 0.03473087411421451
1 0.4951204343792521 0.838701677070304 0.020969900941283866 0.034381488918994216
1 0.37538295022412543 0.16560912166527475 0.23345597325565373 0.24521242997082268
1 0.4813963360600855 0.36703501040363734 0.024497214462874128 0.04122284818327102
1 0.43528094997760897 0.33106002713804084 0.04087291084715541 0.03209631117132166
1 0.6672157417077885 0.5576016101326899 0.0243032342746172 0.03455618151660436
1 0.5259242105035394 0.46318468626684395 0.025079155027644334 0.06122284818327103
1 0.5721315765277561 0.6744217084288556 0.013915273898103729 0.020698770390440588
1 0.5061973457194405 0.5309868548179765 0.4624660317048174 0.9095513969535948
1 0.6167129561706626 0.6003093453956471 0.020969900941283866 0.034381488918994216
1 0.6269476166442756 0.3210152027754579 0.03899442892574787 0.08192161857371151
1 0.6689587587927797 0.158569506408916 0.27455853442403416 0.17081676707308777
1 0.509331688712129 0.6960742011167815 0.020969900941283866 0.034381488918994216
1 0.5568584413118551 0.6084538121526295 0.27997995939044756 0.7002926892802573
1 0.5751432795981242 0.6058263361991071 0.017539577513822072 0.030873462988050732