1 0.22252825810233734 0.4512724571088635 0.11697352992566475 0.20225682979019097
1 0.7407104622325323 0.7082272082030661 0.08559016312352431 0.1108592890093098
1 0.5517775763599436 0.2602078251181012 0.03244569636654205 0.04823890004515789
1 0.6599030845751757 0.7926818694421246 0.09435314096151273 0.1512086742045301
1 0.5132908113971111 0.16362141776086925 0.029287055630818865 0.05139754078088108
1 0.4268932706162301 0.14140941233326107 0.028937670435598573 0.04473087411421441
1 0.25226391677956145 0.061985401478044766 0.025429644504654902 0.04122284818327095
1 0.29580259309434703 0.31874650143288685 0.1441784483639026 0.15049572983534895
1 0.42513447308774865 0.5542989271831987 0.09278090758302142 0.1212086742045301
1 0.3761000669376141 0.16078381426288488 0.028937670435598382 0.04473087411421441
1 0.5842161857371152 0.3370562713717484 0.02209631117132176 0.04104815558566079
1 0.994216185737115 0.7455690818657015 0.011567628525770033 0.12928705563081885
1 0.41780216855113256 0.008554091361850825 0.025080259309434704 0.01710818272370165
1 0.4362086742045303 0.06404397527615388 0.017889514849937692 0.02420679632138402
1 0.4686401965923314 0.17264643449527278 0.021572233378491318 0.031048155585660785
1 0.4723583500677368 0.020368343736970638 0.017889514849937692 0.02420679632138402
1 0.4454083835365439 0.11202792341426694 0.017889514849937692 0.02420679632138402
1 0.48826246343962965 0.29194766410483225 0.021572233378491318 0.03104815558566088
1 0.27473317654057516 0.3950566959149629 0.2557223337849123 0.3125778670279299
1 0.4012534985671131 0.2580689920105574 0.02455618151660436 0.02455618151660436
1 0.3298913927330838 0.07630080506634494 0.024905566711824652 0.031222848183270955
1 0.6045230489961132 0.5331988602455847 0.018064207447547838 0.0275401296547174
1 0.5407955061049767 0.33766060847401347 0.017889514849937692 0.024206796321384064
1 0.3518130113067953 0.11191931614735078 0.017714822252327546 0.020873462988050685
1 0.3972945671634036 0.31008504387244434 0.021572233378491224 0.03104815558566088
1 0.3810198076281794 0.1271010957343313 0.0175401296547174 0.01754012965471735
0 0.5 0.5 1 1