1 0.3399456065113978 0.6278622541042961 0.08874880385924759 0.10527293819629638
1 0.5715461878473704 0.5256871096268143 0.03560433710226524 0.044109175278518556
1 0.4298889105964349 0.8794111509637035 0.08190744459497087 0.10178443647392593
1 0.6128634693188169 0.5180506405286661 0.03244569636654205 0.04736492441733352
1 0.6548369992444816 0.7139802573474069 0.0755901631235243 0.10829593475155548
1 0.5912841489509553 0.5202216044597031 0.07647780009031598 0.06170685227940756
1 0.28584033046755963 0.5506926836887406 0.10014634464012867 0.13217235744651853
1 0.33650366591114833 0.7213895479239257 0.03682718528553607 0.06744250861185189
1 0.3110881953852341 0.6185217197577034 0.15748343373975446 0.2733361203642964
1 0.2616925324874992 0.663057608106074 0.044192622342643324 0.08093101033422234
1 0.6115107529005187 0.6832833931122217 0.03647780009031578 0.06077584194518522
1 0.6338691029682555 0.7278178879451106 0.11925870767333739 0.17922694508577783
1 0.3689139273308385 0.9258852506595554 0.04225682979019098 0.10752009280637063
1 0.3500990381408968 0.7260792111458517 0.26217178591774676 0.49217514447748156
1 0.3107529841687546 0.548444135563185 0.0429697741593723 0.057597677000889004
1 0.4815980991993238 0.6879758433651108 0.035779029699875384 0.04744250861185189
1 0.26715052494963565 0.5761581888558517 0.05085928900930999 0.08108617872325927
1 0.4465555772631016 0.8790232299911107 0.04384323714742303 0.07426434366755567
0 0.5278705563081872 0.49887502917948146 0.8624077792830411 0.9977500583589629