1 0.39362073167835404 0.4282002747088767 0.11864479575641099 0.17679505953816468
1 0.3826340024612861 0.22575702980927698 0.1594205326543501 0.24579146090363072
1 0.5577480276681727 0.512810430341424 0.11829571415233849 0.14679505953816488
1 0.1617795242096511 0.42970722791166394 0.08131875272649627 0.11799280273093207
1 0.3364862875451198 0.751760628443811 0.03391513600678763 0.05194144558233271
1 0.3790815031615089 0.9582264868423885 0.04434179130065407 0.08354702631522287
1 0.3833503914279776 0.30752076875506024 0.2146932082325308 0.4155644405020298
1 0.40615659936349563 0.784170997500043 0.09255993176319861 0.22524190307229844
1 0.5487906018247818 0.9790590425502288 0.04085331058773287 0.0418819148995423
1 0.6823966107362959 0.8369516625000718 0.027170895650327036 0.04488648979919958
1 0.3207334470613356 0.3855957610944113 0.06426421761086014 0.08368874660643219
1 0.1930753805219925 0.7500790791064467 0.06438057814555094 0.09368874660643238
1 0.18782443369406446 0.6280241233233134 0.06143511326118708 0.12682793538153228
1 0.581174825122042 0.9361273257530734 0.027403616719708642 0.06488648979919959
1 0.3801675348186235 0.8677149133132934 0.027170895650327036 0.04488648979919958
1 0.595885091449217 0.8185705706526732 0.033992709696581566 0.05860811224899938
1 0.264819620878453 0.7475865204417954 0.04065937636324814 0.05899640136546585
0 0.5 0.5 1 1