0 0.5 0.5 1 1
1 0.6417139731658985 0.638621238050581 0.18345133001598052 0.26557598914478375
1 0.18639293592815964 0.748458417005351 0.04033521121647955 0.07192161857371161
1 0.20900623790294134 0.6677525596255399 0.03998582602125926 0.06525495190704494
1 0.8254675615881557 0.9591027939071892 0.04033521121647955 0.07192161857371161
1 0.19108837509552226 0.5631963781089357 0.03822472606641715 0.0950802593094348
1 0.30523617307558265 0.6811519782895673 0.054192622342643326 0.08262038896415201
1 0.7440700208072747 0.9794310079894425 0.042271003768931906 0.04113798402111494
1 0.8135317690357035 0.9317373568500822 0.07681301130679534 0.1336685445498127
1 0.7401110894035651 0.9282482894608889 0.060845115030569254 0.1435034210782222
1 0.6116124528883528 0.5752076454078131 0.1062889335139649 0.12524077792830401
1 0.8035246820463331 0.8994592660917798 0.039287055630818676 0.051921618573711234
1 0.1752999559799159 0.9601250836720177 0.025604337102265142 0.04455618151660436
1 0.1832036448085943 0.9942728816520779 0.017889514849937598 0.011454236695844127
1 0.34168562520841705 0.49588285240378177 0.4209772856919572 0.35780447097749324
1 0.21434144911942088 0.5978399059243451 0.018064207447547744 0.0275401296547174