1 0.4533333333333333 0.295 0.08333333333333333 0.11
1 0.49666666666666665 0.81 0.041666666666666664 0.07
1 0.77 0.5433333333333333 0.08166666666666667 0.15333333333333332
1 0.76 0.4266666666666667 0.06833333333333333 0.07333333333333333
1 0.6866666666666666 0.18166666666666667 0.028333333333333332 0.03333333333333333
1 0.29833333333333334 0.6533333333333333 0.016666666666666666 0.03
1 0.35 0.6633333333333333 0.011666666666666667 0.02666666666666667
1 0.31333333333333335 0.5366666666666666 0.023333333333333334 0.02666666666666667
1 0.05333333333333334 0.6066666666666667 0.015 0.025
1 0.7366666666666667 0.12 0.028333333333333332 0.035
1 0.5383333333333333 0.15166666666666667 0.02 0.043333333333333335
1 0.36333333333333334 0.6683333333333333 0.01 0.023333333333333334
0 0.43833333333333335 0.49666666666666665 0.8766666666666667 0.9933333333333333