1 0.1738592910672464 0.33067763559880425 0.06108603165711458 0.09368240312199058
1 0.8324241778060593 0.20350453459024037 0.04740361671970864 0.06360483205784458
1 0.7493829134733553 0.3723323834575049 0.06441936499044801 0.09370179588802718
1 0.8104095971992222 0.31697361728582935 0.05438057814555085 0.09031028425658424
1 0.5722907591767242 0.4800365631071253 0.04077573689793894 0.0668993798591049
1 0.504655589051536 0.5404341148108739 0.03434179130065407 0.0868605943270317
1 0.4064991318480432 0.8426922608416544 0.027287256185017837 0.053488475461625364
1 0.5861512179078728 0.9549880811920339 0.054109070231272274 0.06697695092325072
1 0.12281321391893092 0.3843115568057036 0.04042665529386644 0.036899379859104894
1 0.9107392853808464 0.3447251676380672 0.03069816320814501 0.06017453489432872
0 0.502484693401209 0.49986425063774437 0.9116360534690847 0.9997285012754887