0 0.5 0.5 1 1
1 0.4431505089626423 0.44142084675007415 0.3508676746611415 0.2392680554089274
1 0.29253844257396905 0.9175141134176196 0.045972625751039116 0.05742305281355584
1 0.45610949699584363 0.2348123636331682 0.02155252495159156 0.033682434631897705
1 0.5440909675255607 0.8885445463163406 0.09085848403596401 0.09151277229377873
1 0.5211457654301253 0.8798039281346822 0.024885858284925084 0.03374061818165842
1 0.4427031327275193 0.1645214458843646 0.024730605789765908 0.030407284848325087
1 0.7800362684342818 0.6574719359251895 0.028529696608576766 0.04046546839808571
1 0.017746417647290905 0.8059309367961716 0.03549283529458181 0.057306685714034605
1 0.44172566463067775 0.9017699480486385 0.032018282437069084 0.04385698528118003
1 0.9092234904909905 0.6413786692576442 0.127762624757958 0.16876127445805272
1 0.6689405573762041 0.21350701904297428 0.0289954540940541 0.0504654683980858
1 0.47812293708711023 0.8723808753211262 0.03550686826556159 0.04724850216427399
1 0.32099075996817994 0.27081835497607254 0.01790868662793997 0.026957584415470328
1 0.5073466746113144 0.8895711939356393 0.17256626148271476 0.12957584415470288
1 0.5458628323153389 0.45655787012599 0.14869413972891304 0.18911037575661718
1 0.7769953058741258 0.32881859306817224 0.05465757485477487 0.10087275324641089
1 0.45901334127798116 0.8887275324641086 0.07070323154080484 0.08783033766188131
1 0.43172566463067774 0.898538868397207 0.33613706887137557 0.20292226320558598
1 0.4675843956998557 0.2033202476157837 0.10892242315906325 0.12180369004258249
1 0.4727807589750989 0.16337843116554443 0.014264848304288383 0.0202327341990429
1 0.5512233916777048 0.8786609134158622 0.017753434132780892 0.023624251082136803
1 0.5214927858879391 0.908166353242896 0.014264848304288383 0.020232734199043232
1 0.5674243008588941 0.8889518311646657 0.02868494910373575 0.043798801731419035
1 0.00978066016181342 0.8141479030299835 0.01956132032362684 0.0336824346318978
1 0.4828900583443715 0.8774681506457671 0.01806393912309924 0.03029091774880347
1 0.6269360608769009 0.04096759912989671 0.03155252495159175 0.033856985281179856
1 0.4661411701175366 0.9505687497800576 0.022173534932228258 0.04701576796523113
1 0.5287028362876628 0.8966160536757506 0.059926969065009154 0.07098912034593241
1 0.5382370788021853 0.9067906043250328 0.028529696608576766 0.04046546839808571
1 0.5687804625352424 0.8956475896062128 0.017753434132780892 0.023624251082136803