1 0.4666666666666667 0.39666666666666667 0.13 0.19
1 0.26666666666666666 0.7333333333333333 0.075 0.18666666666666668
1 0.48 0.4716666666666667 0.16 0.3433333333333333
1 0.495 0.5566666666666666 0.12666666666666668 0.17333333333333334
1 0.055 0.43166666666666664 0.05333333333333334 0.07666666666666666
0 0.4583333333333333 0.49666666666666665 0.9166666666666666 0.9933333333333333
1 0.03333333333333333 0.18333333333333332 0.065 0.155
1 0.11166666666666666 0.30833333333333335 0.07833333333333334 0.10666666666666667
1 0.03166666666666667 0.30666666666666664 0.06333333333333334 0.08666666666666667
1 0.32 0.03 0.115 0.06
1 0.8083333333333333 0.95 0.055 0.09833333333333333
1 0.5666666666666667 0.9233333333333333 0.1 0.15333333333333332
1 0.49833333333333335 0.9583333333333334 0.056666666666666664 0.08333333333333333
1 0.8266666666666667 0.6483333333333333 0.058333333333333334 0.115