1 0.6003808624655567 0.8302155428513495 0.05783027201357508 0.10032967702262074
1 0.6874206748143529 0.22568096923622585 0.07783027201357508 0.10044603361883986
1 0.7643212302143034 0.06278397313871417 0.05426421761086014 0.08031028425658429
1 0.4626122737110334 0.49439135029479736 0.05418664392106621 0.07364361758991776
1 0.42156619656271793 0.44081560738600756 0.04414785707616924 0.07025210595847474
1 0.7430571547634461 0.6010300390248832 0.01705453511563614 0.03343029716351604
1 0.44303892900489983 0.4576083270319117 0.10507874135369605 0.15060117574713217
1 0.4599771035858451 0.4343719575287609 0.02031029475917573 0.026783023262885876
1 0.8817213439423057 0.4301584757657137 0.02368241493740584 0.030135749362255715
1 0.9708327495013823 0.0773196579663116 0.044031496541478345 0.06025210595847474
1 0.5858645303628665 0.93180463845387 0.010232721069381796 0.0200581782981097
1 0.8917213439423057 0.4302166540638233 0.04705453511563633 0.03360483205784457
1 0.9725963832802912 0.06899602101599654 0.027054535115635946 0.03348847546162548
0 0.5 0.5 1 1