1 0.4483126569373341 0.9399307768983708 0.11883902411318521 0.0960487801414816
1 0.017218117121185563 0.4534885017223704 0.014264343667555591 0.04031033677807405
1 0.10416608307703785 0.9685674794323703 0.09139651550133338 0.06209477325200017
1 0.7541133558249631 0.2657509850027413 0.07108617872325947 0.04829593475155567
1 0.058927756431556115 0.6710085945287408 0.06837351894607413 0.07488501722370378
1 0.5189997665641485 0.3985370484280004 0.0644195120565926 0.048140766362518544
1 0.4974439021273334 0.11652125288600042 0.0778304295844445 0.05178443647392598
1 0.7455098713262966 0.3255182324191858 0.05085342613970359 0.0378304295844445
1 0.8267124263413337 0.379046919754297 0.05736492441733352 0.03131893130681485
1 0.36802717710170385 0.2101233438691855 0.05100859452874071 0.044497096251111166
1 0.377186292601334 0.8183403009107411 0.03736492441733333 0.03085342613970378
1 0.6209005793298523 0.4825312409302228 0.0712413471122962 0.054962601418222144
0 0.5 0.5 1 1