1 0.29145877102555495 0.7142327627400444 0.16519535400177782 0.085703725683652
1 0.4516984911865183 0.34060311270046273 0.1726378626136297 0.11926986414693043
1 0.1337170737594813 0.1935026268869749 0.06736492441733337 0.03232805129944988
1 0.4116236940229628 0.2021163460451051 0.07752009280637036 0.03934392566103398
1 0.23550011671792576 0.18495234865531388 0.0778304295844445 0.05267725899436736
1 0.7221307783182963 0.035888844143993875 0.1186838557241481 0.07177768828798775
1 0.024840651064518333 0.22061904358191423 0.03410917527851854 0.03449735898305827
1 0.08108060466133313 0.23697353331071522 0.04403159108400002 0.03151323334464242
1 0.3998406510645183 0.20752375502250883 0.053876422694963066 0.02519577437289319
0 0.5 0.44666666666666666 1 0.8933333333333333
1 0.32611800324311085 0.2983597435027508 0.10488501722370377 0.07027514618081397