1 0.7866666666666666 0.7 0.065 0.1
1 0.46 0.7033333333333334 0.075 0.15666666666666668
1 0.3283333333333333 0.47 0.08333333333333333 0.11
1 0.38666666666666666 0.5466666666666666 0.051666666666666666 0.105
1 0.6866666666666666 0.6266666666666667 0.26166666666666666 0.25333333333333335
1 0.5116666666666667 0.9416666666666667 0.05 0.07666666666666666
1 0.7066666666666667 0.6966666666666667 0.06166666666666667 0.1
0 0.49666666666666665 0.5116666666666667 0.99 0.9666666666666667
1 0.5633333333333334 0.12333333333333334 0.085 0.12666666666666668
1 0.535 0.225 0.07 0.06833333333333333
1 0.42333333333333334 0.30833333333333335 0.10166666666666667 0.09833333333333333
1 0.32666666666666666 0.22833333333333333 0.10333333333333333 0.14833333333333334
1 0.4216666666666667 0.165 0.10666666666666667 0.12
1 0.20333333333333334 0.29 0.08166666666666667 0.14333333333333334
1 0.265 0.78 0.05 0.08166666666666667