0 0.5 0.49833333333333335 0.9983333333333333 0.9966666666666667
1 0.02 0.8783333333333333 0.021666666666666667 0.03333333333333333
1 0.46 0.44 0.30833333333333335 0.175
1 0.42 0.9216666666666666 0.03166666666666667 0.05333333333333334
1 0.43 0.24 0.015 0.03
1 0.655 0.8466666666666667 0.07 0.08
1 0.63 0.8433333333333334 0.02 0.03
1 0.4033333333333333 0.17666666666666667 0.021666666666666667 0.02666666666666667
1 0.83 0.5833333333333334 0.021666666666666667 0.035
1 0.13 0.8666666666666667 0.028333333333333332 0.05333333333333334
1 0.5583333333333333 0.8766666666666667 0.023333333333333334 0.04
1 0.9516666666666667 0.5433333333333333 0.09333333333333334 0.15
1 0.6283333333333333 0.18166666666666667 0.02 0.04666666666666667
1 0.5866666666666667 0.8433333333333334 0.025 0.043333333333333335
1 0.30833333333333335 0.3016666666666667 0.013333333333333334 0.023333333333333334
1 0.6183333333333333 0.855 0.14666666666666667 0.1
1 0.5633333333333334 0.435 0.10833333333333334 0.165
1 0.7566666666666667 0.27 0.03333333333333333 0.095
1 0.5733333333333334 0.8616666666666667 0.05333333333333334 0.07666666666666666
1 0.5483333333333333 0.8783333333333333 0.2966666666666667 0.14666666666666667
1 0.43333333333333335 0.20666666666666667 0.08666666666666667 0.105
1 0.43 0.16833333333333333 0.01 0.016666666666666666
1 0.66 0.835 0.011666666666666667 0.02
1 0.6366666666666667 0.87 0.01 0.02
1 0.6766666666666666 0.8416666666666667 0.018333333333333333 0.03666666666666667
1 0.12666666666666668 0.875 0.015 0.03
1 0.5933333333333334 0.8466666666666667 0.015 0.02666666666666667
1 0.5533333333333333 0.02 0.025 0.04
1 0.5933333333333334 0.92 0.013333333333333334 0.045
1 0.6416666666666667 0.8566666666666667 0.043333333333333335 0.06333333333333334
1 0.6533333333333333 0.865 0.018333333333333333 0.035
1 0.68 0.8483333333333334 0.011666666666666667 0.016666666666666666