0 0.5 0.5 1 1
1 0.5615965695605911 0.5718494790291107 0.19133810085651967 0.23442229908755582
1 0.8492026741675551 0.6901384462032585 0.25257923788285663 0.44915214792222247
1 0.8347941535316689 0.5888209084119252 0.17471021972192602 0.2407010447816299
1 0.5878462917574726 0.6428954721396292 0.02354665375973506 0.0372097560282964
1 0.28774185396921953 0.09495563384081457 0.023624224823881074 0.050543089361629635
1 0.5583408072914039 0.5585937298902959 0.05375997418613679 0.07457468044562954
1 0.6050559558731617 0.5491742178337032 0.07052360468298598 0.09162926808488882
1 0.5117323189228468 0.5496799086135551 0.08401208014461152 0.11860627152962971
1 0.6837383589951526 0.48735098926251796 0.013469082695589047 0.023643670111407385
1 0.5202595799165453 0.5161526147939255 0.036938165391177905 0.04752009280637045
1 0.6520135140303762 0.49808803911044386 0.016763630496849372 0.017054587639259277
1 0.6638935011234446 0.4611498277629624 0.023469082695589047 0.023876422694963064
1 0.613234147078203 0.5756469240140736 0.023507868227662054 0.03054308936162973
1 0.49012383055428965 0.5401842058779255 0.03029089149054774 0.05069825775066685
1 0.5515093021134269 0.5870822316126663 0.09407025844272103 0.1288390241131852
1 0.5149299028939244 0.5729356577523699 0.04705452198739712 0.06775284538992613
1 0.6301238305542897 0.5369256697081477 0.35176474170932315 0.31147967375777813
1 0.8552196831719984 0.8016499444808882 0.15461325589174332 0.22356887294785185