1 0.12 0.035 0.028333333333333332 0.06
1 0.5233333333333333 0.4266666666666667 0.055 0.09666666666666666
1 0.345 0.775 0.08 0.1
1 0.115 0.8366666666666667 0.013333333333333334 0.015
1 0.6033333333333334 0.5666666666666667 0.05 0.085
0 0.49833333333333335 0.49666666666666665 0.9966666666666667 0.9933333333333333
1 0.58 0.10833333333333334 0.056666666666666664 0.09333333333333334
1 0.5233333333333333 0.03333333333333333 0.06666666666666667 0.06666666666666667
1 0.41 0.115 0.07833333333333334 0.08166666666666667
1 0.04833333333333333 0.29833333333333334 0.09 0.11333333333333333
1 0.97 0.09333333333333334 0.056666666666666664 0.06666666666666667
1 0.74 0.13 0.07333333333333333 0.08666666666666667
1 0.7566666666666667 0.016666666666666666 0.04833333333333333 0.03333333333333333
1 0.975 0.8883333333333333 0.04833333333333333 0.07833333333333334
1 0.99 0.8183333333333334 0.018333333333333333 0.041666666666666664
1 0.4683333333333333 0.835 0.021666666666666667 0.06
1 0.43 0.8683333333333333 0.07166666666666667 0.07