1 0.5903282139818905 0.1988358533195201 0.05713637523934494 0.09581737325587994
1 0.690560158173308 0.7807399940415142 0.07046970857267827 0.09643838323651664
1 0.7669438356583989 0.9406669631065233 0.05645726061327139 0.07915070658921347
1 0.47010179293177584 0.5142924201798202 0.05298810435472357 0.07566212076072076
1 0.769864028550515 0.99668964322961 0.028160718844028453 0.00662071354078004
1 0.43047247014332973 0.5623517639903307 0.042716458504294036 0.06852969660857658
1 0.7326937718420016 0.4267126197925533 0.014691562585480445 0.033954343313970035
1 0.45146002218392295 0.5466942385421987 0.10570456285901741 0.14465757485477487
1 0.4690774493270925 0.5708038343513278 0.021086583401717575 0.027598181637621715
1 0.8710157618441887 0.5961784266846735 0.021086583401717388 0.027598181637621715
1 0.9647338772908733 0.9365711532351599 0.04244481265386488 0.0618630299419101
1 0.5730560158173308 0.10154817667221679 0.010814937551288229 0.02046575748547748
1 0.8792811837149145 0.5948998912559047 0.044691562585480446 0.03535161577040242
1 0.9650734346039103 0.9449044865684932 0.02802489591881378 0.03457535329460673
0 0.5 0.5 1 1