0 0.49833333333333335 0.49666666666666665 0.9966666666666667 0.9933333333333333
1 0.5266666666666666 0.6283333333333333 0.145 0.14666666666666667
1 0.5 0.36 0.095 0.12
1 0.8 0.49666666666666665 0.023333333333333334 0.035
1 0.5266666666666666 0.5016666666666667 0.15166666666666667 0.4066666666666667
1 0.6283333333333333 0.5766666666666667 0.03 0.06
1 0.6866666666666666 0.6633333333333333 0.09333333333333334 0.10666666666666667
1 0.78 0.5916666666666667 0.03666666666666667 0.04666666666666667
1 0.685 0.81 0.03 0.055
1 0.75 0.49 0.04 0.065
1 0.7633333333333333 0.48333333333333334 0.013333333333333334 0.02
1 0.5833333333333334 0.5716666666666667 0.07166666666666667 0.07666666666666666