0 0.5416666666666666 0.49666666666666665 0.91 0.9933333333333333
1 0.5133333333333333 0.6183333333333333 0.06166666666666667 0.09333333333333334
1 0.5366666666666666 0.18 0.055 0.07
1 0.37333333333333335 0.7133333333333334 0.07833333333333334 0.10333333333333333
1 0.5166666666666667 0.27666666666666667 0.06833333333333333 0.10333333333333333
1 0.6483333333333333 0.5416666666666666 0.21666666666666667 0.4266666666666667
1 0.36666666666666664 0.9033333333333333 0.04666666666666667 0.05
1 0.58 0.5566666666666666 0.06166666666666667 0.10666666666666667
1 0.3233333333333333 0.145 0.08333333333333333 0.09
1 0.43166666666666664 0.14833333333333334 0.06666666666666667 0.10666666666666667
1 0.43833333333333335 0.3383333333333333 0.08166666666666667 0.10833333333333334
1 0.33 0.35333333333333333 0.09166666666666666 0.115
1 0.265 0.4266666666666667 0.10333333333333333 0.17
1 0.19833333333333333 0.31333333333333335 0.1 0.13833333333333334
1 0.165 0.46166666666666667 0.08166666666666667 0.11833333333333333
1 0.25333333333333335 0.5933333333333334 0.11333333333333333 0.09166666666666666
1 0.27166666666666667 0.77 0.10333333333333333 0.17166666666666666
1 0.17 0.7283333333333334 0.08 0.175
1 0.5433333333333333 0.975 0.06 0.04833333333333333