1 0.8123684679550327 0.290797911856666 0.257543844014989 0.10922973211674095
1 0.8529004163247452 0.11335540324481409 0.1512846461239667 0.11674703789214827
1 0.4057753844165466 0.38018559939340707 0.12618561476284204 0.0728706151971853
1 0.5343549153673653 0.4937488982793329 0.10618561476284204 0.07240511003007422
1 0.12863333751162842 0.39829175420511104 0.11217316680343524 0.055893611752444484
1 0.42942558840062406 0.051586295441185065 0.28114882319875184 0.10317259088237013
1 0.38204025397314223 0.4723177712271848 0.17114882319875183 0.1138792097259261
1 0.7830957174763428 0.47796887578770303 0.30311258394879187 0.24682740911762988
1 0.8039022217914065 0.8254875750785919 0.09645726061327158 0.0788390241131852
1 0.7891002845136553 0.739247621481777 0.09019806272224894 0.0886838557241481
1 0.17913416598282383 0.2622443675791109 0.08632143768805677 0.07527293819629638
1 0.14607815016549305 0.33794262532977765 0.1403338856474636 0.09318095197525934
1 0.5107385928524563 0.3377804893633329 0.07856818761967248 0.048451103140592595
1 0.04686334860358987 0.3253477353598518 0.09372669720717974 0.1022499416410371
1 0.49993776020296576 0.07161811996103662 0.11911147932053116 0.06271544680814825
1 0.6885937843768868 0.7948696885534068 0.13700055231413028 0.09310336778074088
1 0.39432379546884816 0.5386353090185182 0.16366721898079695 0.09372404133688898
1 0.2562309880874272 0.5768162609937775 0.1783587815662773 0.12736771144829656
1 0.41164412852864446 0.6447976784208144 0.16543291700858806 0.1370573746702223
1 0.8484409464549526 0.5497117331334067 0.13060553149789295 0.09961486605837043
1 0.2959154239598735 0.5592961681874071 0.591830847919747 0.3369105673740745
1 0.9317713696933644 0.016609758868147365 0.09108658340171738 0.028761439918666743
1 0.6098897738319996 0.8466541250273328 0.12380304190601162 0.09612636433599997
1 0.48148699972646286 0.470106621683407 0.9629739994529257 0.5587781621044453
1 0.13160166529898104 0.5297644603854813 0.2478777296624527 0.198919395338667
1 0.6392558840062409 0.5345995373880735 0.1128522814295087 0.07256027841911115
0 0.5 0.5 1 1