1 0.8129225684702089 0.450715938533742 0.11759755094419347 0.08203642424162542
1 0.7383492237640754 0.4153584017366916 0.0504654421387634 0.04087275324641098
1 0.7142219277742569 0.3407947783598971 0.0605818026734543 0.05104730389569302
1 0.695288566008923 0.24947721299179473 0.07395392285168441 0.0546133714280693
1 0.8733686171865239 0.4113353013047156 0.06720968249522381 0.04783033766188121
1 0.8952063216635205 0.8258698329066299 0.07387634916189048 0.047946704761402545
1 0.9062923533206351 0.7323619489240142 0.05375998862719977 0.03759760346283827
1 0.8261942185444904 0.8853959290100579 0.18810177992785385 0.12659161211993403
1 0.7110778580097997 0.897403261476803 0.06062058951835108 0.054380637229026356
1 0.7116596606832538 0.847403261476803 0.06050422898366037 0.04438063722902636
1 0.6959843938892637 0.4760856961087006 0.12438057814555084 0.09215279134114686
1 0.598871678506282 0.5161063523850951 0.0538375623169937 0.04426427012950493
1 0.6011007544239544 0.4677439272768813 0.0673260430299149 0.05783033766188131
1 0.732397778400198 0.6404165852864524 0.1109308842775268 0.08192005714210382
1 0.6133480561001733 0.5608445264111718 0.07724846934012097 0.05133822164449668
0 0.5 0.5 1 1
1 0.2056388152768975 0.4547259532481684 0.411277630553795 0.5705480935036633
1 0.5256388152768975 0.08466776969840764 0.21538903611287158 0.16933553939681528
1 0.7937200341184006 0.09612322338206701 0.0976751246339874 0.0883539896097277
1 0.7189139683428855 0.08076568658501668 0.08740361671970864 0.06484610562711218
1 0.7443406236367519 0.04366264329514456 0.05042665529386644 0.03753941991307755
1 0.6661430442605579 0.033363290047854946 0.12740361671970882 0.06554430822424089
1 0.4484997004880546 0.9803040034663533 0.08693817458094524 0.02484610562711206
1 0.40433361765333903 0.9094228147214563 0.15096967112242368 0.08595159307256608
1 0.3286366221090961 0.8274277030326198 0.24162904748567182 0.1441892155827721
1 0.4230753805219925 0.7307985636393194 0.20124117903670236 0.11015767965231021
1 0.6539845360492665 0.9350590484894019 0.2912411790367023 0.11172863549584994
1 0.46954928062807655 0.6033464190508829 0.18845086153192633 0.15659161211993403
1 0.7187723760662355 0.8089535610439482 0.043721201782302994 0.03408971948022289
1 0.802319037046502 0.7891656389665967 0.060543015828557145 0.04771397056235969
1 0.7062729598981864 0.7375196285763245 0.06724846934012096 0.05116367099521464
1 0.8102474438362217 0.537411696975289 0.11120239219180537 0.10525339047543715
1 0.5130788835136989 0.2993148831204209 0.1412023921918054 0.10577704242328376
1 0.6643200625504012 0.1900299567145216 0.11434179130065407 0.08864490735853134
1 0.9143770751538445 0.3239704320409202 0.11767512463398741 0.08870309090829209
1 0.846198889200099 0.3118298614776817 0.07069816320814501 0.06122185454497526
1 0.8390291612136741 0.21197532035208355 0.11120239219180537 0.10525339047543725
1 0.15953222253343236 0.7304823393950577 0.3190644450668647 0.16570198787655122
1 0.5847990597921024 0.8662809030343772 0.04705453511563633 0.0341479030299835
1 0.5605360098451445 0.8033839463242494 0.07728725618501775 0.054671554977830016
1 0.6306911572247323 0.7888287584459408 0.04399270969658157 0.05742305281355622
1 0.8343541787396895 0.7569462285772032 0.06050422898366037 0.04438063722902636
1 0.3910449094844134 0.18980100779490108 0.11802420623805991 0.11870309090829205
1 0.2832158051347404 0.14835863982879133 0.11151268695098102 0.13192005714210392
1 0.532108044727373 0.5256033567136429 0.04372120178230281 0.03408971948022289
1 0.47718561841716695 0.5198967186180281 0.07062058951835108 0.05455518787830859
1 0.4143759074899424 0.476002206063482 0.08484602028431444 0.1314545887440181
1 0.1632340308932867 0.2920908225119637 0.24252114491830165 0.22085588224943886
1 0.24284499478041505 0.4673319922094926 0.27380111079990094 0.33137953419728544
1 0.07118066344155266 0.4603866285719307 0.14236132688310532 0.18589340952280528
1 0.503213469806936 0.4311270086614894 0.08104724481221752 0.0913964051942575
1 0.9416220415022591 0.7034176883181933 0.030349081604072882 0.030523651947846512
1 0.870188095904974 0.6846686346380488 0.03697696142584239 0.027306685714034606
1 0.9439286911097254 0.6483885965433129 0.05395392285168479 0.05426427012950493
1 0.34032151453430914 0.9688616355002434 0.04689938773604837 0.020814569696650173
1 0.29728141786550716 0.6580095385302269 0.04050422898366037 0.04403153593046189
1 0.2285408226607559 0.6942023013003219 0.03705453511563614 0.033973352380701274
1 0.19887051084237994 0.666392619914835 0.05042665529386644 0.03753941991307746
1 0.15106079991515542 0.6222362813863656 0.07387634916189062 0.047946704761402545
1 0.07635170125188254 0.5985454112559819 0.1115902606407749 0.1385867238087705
1 0.11053600984514446 0.8112387255419473 0.0404654421387634 0.04069820259712856
1 0.40482545919796376 0.011741721213399383 0.06368241493740584 0.023483442426798767