1 0.3624204387003711 0.881725182018507 0.1034912887533335 0.1529097028238516
1 0.8203270589638527 0.8500557107425207 0.08256027841911115 0.11232776225908121
1 0.6124204387003711 0.8744509249588782 0.21504297264370392 0.22277704259675526
1 0.7150831582564446 0.2693896049977179 0.031086178723259462 0.047539577513822075
1 0.600785596553556 0.5178812483863399 0.03155168389037044 0.06753957751382207
1 0.4372596962494079 0.5860155913790283 0.11930452928029638 0.11672798662782687
1 0.1451233438691855 0.3593567394740695 0.041241347112296343 0.054497214462873936
1 0.9855091745685559 0.5432000740399853 0.028981650862888272 0.054497214462873936
1 0.802448082673778 0.2968678625503799 0.03093101033422234 0.04087291084715541
1 0.42683995075696374 0.9265490368967344 0.03759767700088901 0.04106689103541233
1 0.3007925641309637 0.8851861654265489 0.03201718905748161 0.08753957751382208
1 0.7647811825712599 0.6848923905348439 0.031086178723259462 0.047539577513822075
1 0.5472222976676303 0.6528634133198556 0.07209477325200017 0.0920367919766962
1 0.2691979075968894 0.6025802577991785 0.03077584194518522 0.03420624418048874
1 0.9330799043537786 0.8934732092558864 0.05178443647392593 0.07812151807859247
1 0.4789540068894814 0.020119835313000583 0.05790801377896287 0.040239670626001166
1 0.780088732318371 0.5543589450171378 0.031086178723259462 0.047539577513822075
1 0.7824592307976304 0.871171096824997 0.03116376291777783 0.0508729108471554
1 0.7176891963502229 0.7396320802330387 0.03100859452874071 0.04420624418048874
1 0.2806622526843705 0.1636164888540106 0.07635911691955566 0.13213378207082452
1 0.8281533080018524 0.6847162454130713 0.034186759473036926 0.03763656760795053
0 0.5 0.5 1 1
1 0.1853117302935556 0.08301170307036808 0.0972901272537779 0.16602340614073616