1 0.5591947307414771 0.8266822961900825 0.05122185454497526 0.0714548514119258
1 0.4477523627753673 0.715051299656384 0.06841217315948844 0.10193980188256774
1 0.4468205610395544 0.09971183432693463 0.054729738527590825 0.0815518415060542
1 0.43397800259976493 0.357802692424947 0.04438063722902636 0.061260871223669064
1 0.6525900329039935 0.5392525336844847 0.05461337142806921 0.0748851748393876
1 0.7534834424267988 0.3954470747946054 0.08922674285613842 0.14918840911400472
1 0.35856228225295383 0.2839052535933274 0.06490428917687287 0.09184281178843927
1 0.22465176364107692 0.6952196300164488 0.05794670476140264 0.07498216493351587
1 0.503408387880066 0.2014091609741814 0.06151277229377873 0.08841248836097762
1 0.48796444069801587 0.7995970091663221 0.037772154112120496 0.06440022436874566
1 0.5595560528179497 0.6149186394292874 0.0650788398261551 0.10184281178843928
1 0.5245353965415553 0.7106154051546701 0.06145458874401811 0.08507915502764414
1 0.060395064070416705 0.17017614512177268 0.027655787012599003 0.05744258741969375
1 0.5732384874498475 0.595306599805801 0.03759760346283827 0.05440022436874566
1 0.61131378008868 0.3246098340804181 0.05122185454497526 0.0714548514119258
1 0.17062022771061489 0.7336677885103946 0.09519520692567653 0.10938238930226153
1 0.8202496051960149 0.2006232199163781 0.04122185454497526 0.0711638811295406
1 0.28318408917950916 0.3033896431421054 0.04087275324641088 0.0511638811295406
1 0.6541196761947444 0.6426828571119465 0.051163670995214454 0.06812151807859247
1 0.7554701186171494 0.37716223650833625 0.027306685714034606 0.0374425874196938
1 0.24453539654155548 0.7024682372478858 0.027364869263795413 0.040775920753027134
1 0.15757781212608515 0.7166131614672143 0.05122185454497526 0.0714548514119258
1 0.5882798000026362 0.40231273180191696 0.03742305281355622 0.04440022436874557
1 0.5763766138575043 0.7021187516136602 0.027190318614513178 0.030775920753027132
1 0.5695644883164358 0.7102581047587367 0.040930936796171595 0.054497214462873936
1 0.6626566519522402 0.6312586656806007 0.033973352380701274 0.03763656760795053
1 0.6268167757601322 0.3917614512177267 0.040989120345932405 0.05783054779620727
0 0.5 0.5 1 1