1 0.7283333333333334 0.6115250743900166 0.043333333333333335 0.03050422898366037
1 0.7283333333333334 0.6648584077233499 0.023333333333333334 0.01693817458094524
1 0.48833333333333334 0.764317727222597 0.06 0.04736482987481168
1 0.4533333333333333 0.6813916557606816 0.09333333333333334 0.07108603165711468
1 0.41333333333333333 0.731857097899445 0.04666666666666667 0.037209682495223814
1 0.775 0.4843153918947927 0.06333333333333334 0.04407028338637531
1 0.7066666666666667 0.6501105222151802 0.023333333333333334 0.01693817458094524
1 0.7483333333333333 0.421292353320635 0.06333333333333334 0.040736950053041975
1 0.9466666666666667 0.35231786938259985 0.023333333333333334 0.01693817458094524
1 0.2966666666666667 0.8565479708041716 0.05333333333333334 0.03728725618501774
1 0.5916666666666667 0.7897820016974583 0.04666666666666667 0.037209682495224
1 0.3283333333333333 0.39617949577765055 0.04666666666666667 0.037209682495224
1 0.25666666666666665 0.42368007960960163 0.03333333333333333 0.023721201782302803
1 0.20333333333333334 0.4593006691279528 0.07 0.04414785707616924
1 0.98 0.338596667600297 0.02 0.016899387736048366
1 0.44 0.5415468031402694 0.043333333333333335 0.03050422898366037
1 0.8716666666666667 0.4631905733927812 0.05 0.0405818026734543
1 0.6 0.32301836791854927 0.06333333333333334 0.06073695005304198
1 0.575 0.5466426025886096 0.04 0.03379877547209673
1 0.5933333333333334 0.4880959416083431 0.07333333333333333 0.04418664392106621
1 0.5166666666666667 0.5289880390409729 0.04666666666666667 0.030543015828557334
1 0.6916666666666667 0.3669517296838831 0.06666666666666667 0.047442403564605606
1 0.6533333333333333 0.6540644450668647 0.03666666666666667 0.030426655293866435
1 0.1 0.1655030613197582 0.04666666666666667 0.04054301582855729
1 0.7333333333333333 0.3364668941226713 0.04 0.0404654421387634
1 0.36333333333333334 0.5307722339062326 0.03333333333333333 0.027054535115636137
1 0.39 0.2437952724803903 0.38666666666666666 0.3178326073413794
1 0.20333333333333334 0.14096733579461945 0.07666666666666666 0.06422543076596317
1 0.545 0.7419916841926821 0.04666666666666667 0.037209682495223814
1 0.6816666666666666 0.29873475688524065 0.04666666666666667 0.04387634916189067
1 0.19666666666666666 0.7393782428177467 0.04666666666666667 0.030543015828557146
1 0.2733333333333333 0.3701528120517835 0.07333333333333333 0.05751997725439954
1 0.7933333333333333 0.28076873091452614 0.04666666666666667 0.047209682495224004
1 0.9816666666666667 0.29191060751118186 0.03666666666666667 0.027093321960533105
1 0.5333333333333333 0.4637941048164882 0.06333333333333334 0.040736950053041975
1 0.6783333333333333 0.8054402103968042 0.03666666666666667 0.030426655293866435
0 0.5 0.5 1 1
1 0.37166666666666665 0.09734193346065688 0.13 0.10151268695098101
1 0.6283333333333333 0.18768867973692516 0.30666666666666664 0.16356838973051932
1 0.9616666666666667 0.6504766619138969 0.03333333333333333 0.04372120178230281
1 0.865 0.9282681470825751 0.07 0.0408145237428361
1 0.49166666666666664 0.8909456070443668 0.09666666666666666 0.06779148516867811
1 0.575 0.8766426025886096 0.14 0.09496238081900515
1 0.5283333333333333 0.9505189517505003 0.09666666666666666 0.08779148516867812
1 0.6616666666666666 0.9706341446212889 0.07666666666666666 0.044225430765963365
1 0.7566666666666667 0.919528719541726 0.08 0.07759755094419309
1 0.6966666666666667 0.9252268827498711 0.04 0.03379877547209693
1 0.87 0.636543300148563 0.06666666666666667 0.04410907023127227
1 0.43 0.46166316367496035 0.06333333333333334 0.0540702833863755
1 0.19 0.03778914984087391 0.043333333333333335 0.03050422898366033
1 0.97 0.4903796948016545 0.056666666666666664 0.040659376363248234
1 0.9433333333333334 0.5356899895608302 0.05333333333333334 0.03728725618501774
1 0.7983333333333333 0.5657105506471807 0.07333333333333333 0.04418664392106621
1 0.5333333333333333 0.6787941048164882 0.06333333333333334 0.03407028338637531