1 0.36367059311971434 0.6376522282198325 0.12740691728672554 0.14143511326118718
1 0.5932698078291048 0.5066038157437127 0.12112821099657253 0.15469087290472658
1 0.7751583100552886 0.11102084540635633 0.09653400643957014 0.11108603165711457
1 0.8078333524055271 0.4891020642478595 0.12132219118482908 0.16135753957139323
1 0.09843312803678152 0.4606776021217945 0.1684738083221378 0.17856722206661704
1 0.12726924690724087 0.4203285205177219 0.09271572263559481 0.09438057814555104
1 0.40514047498880446 0.17201224527903278 0.24630435611834514 0.219459319499247
1 0.36963768945167846 0.21243890057289921 0.1572129370984688 0.13511752819859302
1 0.08136066592711722 0.504224263102061 0.11271572263559482 0.09461329921493264
1 0.4634916433886219 0.11464741540422106 0.10947937939638981 0.09790784570336901
0 0.5 0.5 1 1