1 0.07666666666666666 0.48 0.1 0.125
1 0.23 0.5166666666666667 0.02666666666666667 0.035
1 0.31333333333333335 0.5733333333333334 0.051666666666666666 0.07333333333333333
1 0.33666666666666667 0.4033333333333333 0.03666666666666667 0.06333333333333334
1 0.535 0.8766666666666667 0.013333333333333334 0.023333333333333334
1 0.225 0.525 0.043333333333333335 0.09
1 0.6116666666666667 0.25666666666666665 0.016666666666666666 0.02666666666666667
0 0.3516666666666667 0.5016666666666667 0.7033333333333334 0.9933333333333333
1 0.395 0.08 0.05333333333333334 0.043333333333333335
1 0.44333333333333336 0.20666666666666667 0.17666666666666667 0.16333333333333333
1 0.47333333333333333 0.35833333333333334 0.17 0.11666666666666667
1 0.4083333333333333 0.705 0.05333333333333334 0.08166666666666667
1 0.485 0.6833333333333333 0.07333333333333333 0.18333333333333332
1 0.5716666666666667 0.555 0.05 0.12833333333333333
1 0.49833333333333335 0.5133333333333333 0.08833333333333333 0.10833333333333334
1 0.6116666666666667 0.425 0.08666666666666667 0.12
1 0.535 0.44166666666666665 0.075 0.07666666666666666
1 0.5733333333333334 0.7916666666666666 0.02 0.055
1 0.5516666666666666 0.6733333333333333 0.06333333333333334 0.11833333333333333
1 0.6033333333333334 0.6433333333333333 0.04 0.085
1 0.64 0.5516666666666666 0.03666666666666667 0.065
1 0.605 0.5233333333333333 0.04 0.056666666666666664