1 0.09839065194345281 0.6676301017925285 0.0913964051942574 0.08419181736929734
1 0.2672438519452103 0.4028903053775853 0.14887764155757424 0.1334977764536698
1 0.16258916796435227 0.14088121356569355 0.04777215411212045 0.0655068682655616
1 0.5197748363598019 0.5362463682406481 0.08151277229377873 0.09039272655048648
1 0.36171554977830017 0.7504427809225342 0.05432245367926574 0.05915070658921328
1 0.5311252787822069 0.8042691965836631 0.11893582510733496 0.13543383733057074
1 0.2697786216392242 0.8347898507869908 0.10928492640589922 0.15496807984509323
1 0.7500619688291831 0.2553010673319272 0.11986676190350655 0.18876717066390397
1 0.6888523350621163 0.37991753140661794 0.07157095584353973 0.09326030239834239
1 0.49053965800517724 0.48589934778283433 0.14343282943588292 0.20318727146335144
1 0.22578082770270616 0.41649762823374153 0.061396405194257396 0.08279454491286486
1 0.46685722337327956 0.4669861152489485 0.09589340952280527 0.15101373653112318
0 0.5 0.5 1 1
1 0.6503697575749587 0.08647005635820956 0.14618432727160893 0.1700091906251773
1 0.5250788398261551 0.08952045657675653 0.1501576796523102 0.17904091315351306
1 0.5972194103893935 0.018703083320876602 0.08110548744545364 0.037406166641753204
1 0.6844839186109982 0.5118947030636029 0.1128509939382756 0.16845666567358572
1 0.628876776617933 0.7663559146431345 0.12372374718468639 0.21892242315906324
1 0.45082592553491724 0.8864062160483961 0.14314191168707927 0.18652060479668459
1 0.13945861211554023 0.8225113647648647 0.13893582510733496 0.1363653523015256
1 0.0595176606049422 0.16069404091562758 0.04087275324641088 0.05186302994190996
1 0.03202333852407577 0.5923241921147988 0.037655787012599 0.058374444113417405
1 0.022601388742260645 0.3392237375242042 0.034031535930462035 0.04155252495159156
1 0.6267286354958498 0.2610454096528162 0.12320009523683988 0.18892242315906316
1 0.8162716025962499 0.1304517245144977 0.1691103757566172 0.14776262475795812
1 0.8100619688291831 0.2525065224190623 0.07829580605996701 0.09690414072199408
1 0.805693552378065 0.38448369407604727 0.07525339047543715 0.11341555489350157
1 0.6915785264023843 0.6316618243208642 0.1050206562763943 0.10147949401660071