0 0.5 0.47 1 0.94
1 0.3565109326108069 0.4644482750629167 0.09998582602125926 0.06727219816455962
1 0.7998442659441403 0.44638382600936133 0.07630310749270564 0.05965477102139024
1 0.24443588240759634 0.6037266972071798 0.11120867420453019 0.09101300027353716
1 0.7007248159215612 0.46539060230319496 0.11050990381408951 0.07767966694020383
1 0.4484112902164073 0.3293181238032751 0.4560858929588735 0.26139778238688866
1 0.05452322870640141 0.6098019372777511 0.05595372229748539 0.05217316680343515
1 0.42658410493087123 0.39673181655862255 0.11349385195220274 0.07114882319875183
1 0.8118225804328147 0.6620997321995251 0.09787534087119695 0.09046970857267828
1 0.8209207694872824 0.5519639092743104 0.11384323714742303 0.0778154898654185
1 0.6300402195098613 0.5447737274741556 0.11787534087119676 0.0912846461239665
1 0.6026960434208654 0.6539899098213846 0.12524077792830401 0.10488962530772937
1 0.5245515766638829 0.7170459256387154 0.18611424091635476 0.12400110462826054
1 0.6290416728497932 0.785965013902571 0.15225682979019098 0.11264287537611342
1 0.477644132068912 0.8187437122038991 0.12805003346880692 0.09502544823294405
1 0.35271021739960606 0.7273741396206058 0.10611424091635475 0.12074135442310763
1 0.17752843781262553 0.7062394213236517 0.18593954831874465 0.1206677712949272
1 0.20877963395337795 0.8080787024796234 0.18489139273308383 0.10066777129492721
1 0.015351777476725094 0.43058008326494907 0.030703554953450188 0.06537067721155382