0 0.5 0.5 1 1
1 0.49030207869598846 0.6366948767570758 0.06192161857371161 0.040161268714865625
1 0.4911188457690762 0.9059182985241424 0.07155805939975039 0.09721622449799876
1 0.47531146811171954 0.9759124124397799 0.04665249268792593 0.0481751751204403
1 0.5673441760889961 0.1410466913956407 0.04928705563081868 0.052718023815265885
1 0.7818507486800079 0.397792437168754 0.052431522387801126 0.11271802381526594
1 0.7443106190252905 0.3789901803615212 0.018762977837988425 0.040970722791166356
1 0.7508757654144114 0.4408509915864212 0.02946174822842901 0.05488648979919958
1 0.7526297783798831 0.4426147305322045 0.014206796321384066 0.01744324489959979
1 0.8100046048527215 0.8081807262852206 0.06016051861886941 0.0699671241566324
1 0.8920867420453025 0.9159793844579194 0.02455618151660398 0.024692345240966158
1 0.9015768382312126 0.8434226293575191 0.03542964450465509 0.04194144558233271
1 0.15580259309434707 0.3413903325000144 0.08068459641169985 0.08113199150603208
1 0.7200093894157311 0.39086742950810505 0.021921618573711613 0.03783153401606635
1 0.2902147323971834 0.6233795365964124 0.19802168551132562 0.2275387619277304
1 0.1697921748818988 0.5449178103915809 0.15030686325899809 0.20482073811246437
1 0.13995978049013855 0.5780734370883649 0.03157223337849122 0.03174730102409967
0 0.9801911690027115 0.8361077773294173 0.03961766199457695 0.27760451361446525
1 0.22601732549153047 0.9519563282530306 0.032620388964152106 0.05174730102409967