1 0.5116666666666667 0.325 0.10666666666666667 0.15
0 0.49666666666666665 0.49833333333333335 0.9933333333333333 0.9966666666666667
1 0.41 0.7066666666666667 0.105 0.21333333333333335
1 0.3333333333333333 0.465 0.105 0.195
1 0.5533333333333333 0.81 0.135 0.215
1 0.14666666666666667 0.975 0.075 0.045
1 0.10333333333333333 0.20333333333333334 0.025 0.025
1 0.7966666666666666 0.30666666666666664 0.085 0.175
1 0.43 0.7416666666666667 0.056666666666666664 0.11333333333333333
1 0.62 0.9616666666666667 0.10833333333333334 0.07333333333333333
1 0.8966666666666666 0.47 0.07666666666666666 0.17