1 0.5616666666666666 0.8816666666666667 0.10333333333333333 0.16333333333333333
1 0.5916666666666667 0.35 0.04 0.075
1 0.79 0.27166666666666667 0.11666666666666667 0.17666666666666667
1 0.19666666666666666 0.6783333333333333 0.085 0.08666666666666667
1 0.69 0.5366666666666666 0.14 0.15666666666666668
1 0.7516666666666667 0.6066666666666667 0.03 0.045
1 0.7683333333333333 0.235 0.07333333333333333 0.11
1 0.5316666666666666 0.54 0.1 0.1
0 0.5333333333333333 0.5683333333333334 0.7483333333333333 0.8633333333333333
1 0.795 0.385 0.02666666666666667 0.04
1 0.49333333333333335 0.705 0.028333333333333332 0.05
1 0.4716666666666667 0.8583333333333333 0.03666666666666667 0.14
1 0.4766666666666667 0.7983333333333333 0.02666666666666667 0.03166666666666667
1 0.31666666666666665 0.8583333333333333 0.04833333333333333 0.06833333333333333
1 0.31833333333333336 0.5716666666666667 0.24 0.16166666666666665
1 0.31166666666666665 0.49833333333333335 0.058333333333333334 0.06833333333333333
1 0.22 0.515 0.04666666666666667 0.11833333333333333
1 0.27666666666666667 0.49833333333333335 0.055 0.07666666666666666
1 0.38 0.6383333333333333 0.03166666666666667 0.06166666666666667
1 0.3983333333333333 0.3283333333333333 0.045 0.08333333333333333
1 0.335 0.335 0.065 0.095
1 0.2866666666666667 0.36666666666666664 0.015 0.04
1 0.45 0.2683333333333333 0.03666666666666667 0.05
1 0.47333333333333333 0.30833333333333335 0.051666666666666666 0.055
1 0.5016666666666667 0.40166666666666667 0.03166666666666667 0.04833333333333333
1 0.6266666666666667 0.43666666666666665 0.018333333333333333 0.028333333333333332
1 0.6633333333333333 0.205 0.04666666666666667 0.05
1 0.5916666666666667 0.21333333333333335 0.03 0.07166666666666667
1 0.6333333333333333 0.14333333333333334 0.02666666666666667 0.013333333333333334
1 0.7483333333333333 0.7616666666666667 0.09 0.15333333333333332
1 0.7833333333333333 0.6666666666666666 0.03166666666666667 0.05
1 0.8816666666666667 0.59 0.04666666666666667 0.06833333333333333
1 0.785 0.485 0.03166666666666667 0.03833333333333333
1 0.8233333333333334 0.44 0.04666666666666667 0.04833333333333333
1 0.8 0.5266666666666666 0.025 0.05
1 0.7516666666666667 0.43833333333333335 0.055 0.06333333333333334
1 0.7233333333333334 0.2833333333333333 0.065 0.10666666666666667
1 0.48833333333333334 0.9616666666666667 0.018333333333333333 0.043333333333333335
1 0.43166666666666664 0.9466666666666667 0.028333333333333332 0.03833333333333333
1 0.4166666666666667 0.84 0.051666666666666666 0.06
1 0.33 0.93 0.025 0.04