1 0.6033333333333334 0.2733333333333333 0.08166666666666667 0.16
1 0.6133333333333333 0.04666666666666667 0.06166666666666667 0.09333333333333334
1 0.5766666666666667 0.47333333333333333 0.06833333333333333 0.12
1 0.48833333333333334 0.3333333333333333 0.1 0.05333333333333334
1 0.5266666666666666 0.165 0.06833333333333333 0.11
1 0.295 0.725 0.21333333333333335 0.36
1 0.875 0.31666666666666665 0.013333333333333334 0.03
1 0.6183333333333333 0.5616666666666666 0.02 0.03333333333333333
1 0.28 0.2783333333333333 0.085 0.07333333333333333
1 0.08 0.99 0.02 0.015
1 0.25333333333333335 0.27666666666666667 0.03 0.05333333333333334
1 0.23333333333333334 0.6583333333333333 0.015 0.023333333333333334
1 0.26 0.7233333333333334 0.06833333333333333 0.15333333333333332
1 0.4 0.01 0.04666666666666667 0.02
1 0.345 0.78 0.11 0.25
1 0.3516666666666667 0.8366666666666667 0.09333333333333334 0.14333333333333334
0 0.5 0.49833333333333335 0.995 0.9966666666666667