1 0.09022805041377314 0.5583994186640273 0.08755876409929651 0.08120867420453029
1 0.31079162732868104 0.3781751171408247 0.14480723343941737 0.13417844836390258
1 0.2872085148313218 0.11177757635994354 0.04740361671970864 0.06577902969987529
1 0.49858077716955496 0.5781325952046025 0.07763633778909043 0.08735126307836652
1 0.30183536914919223 0.7179130782444094 0.04728725618501784 0.05577902969987519
1 0.43572994406962917 0.8199881284476201 0.11147390010608414 0.13243152238780112
1 0.1962729598981865 0.7607435947530234 0.10837328784213242 0.15225682979019098
1 0.7790667803946689 0.40771942710504894 0.11876115629110189 0.18611424091635476
1 0.6913140820708877 0.4965107529005187 0.07100845796732073 0.09033521121647956
1 0.48584863993212435 0.5257671581474953 0.14221085015912613 0.19733708909962577
1 0.2691055672395659 0.3776581263373646 0.06085331058773287 0.07647780009031578
1 0.471120147846403 0.5016477081249163 0.09500116766390211 0.14822472606641723
0 0.5 0.5 1 1
1 0.7344946033524375 0.225273730738507 0.14182298171015664 0.16400375576629245
1 0.6301927665605827 0.1597709139137877 0.1525987186080956 0.23119450022578955
1 0.7140885091449217 0.11580489552070777 0.0812799658815993 0.11419262234264332
1 0.6516038157437126 0.6128351213613353 0.11186176855505361 0.16576485572113445
1 0.5341408510927563 0.8184748934104523 0.12569933087204732 0.20979695944490837
1 0.34346208130705985 0.8668507486800079 0.13868358260130806 0.18049572983534895
1 0.08685476257164072 0.7049787390318889 0.13476844659452045 0.13032103723773883
1 0.19234426878846111 0.09513217066138796 0.04050422898366037 0.045429644504654976
1 0.03962802198177258 0.46402501673440355 0.06069816320814508 0.06314446675698245
1 0.10559886076809843 0.2406775094223295 0.043798775472096735 0.04227100376893172
1 0.6677491953320748 0.37186722508510933 0.12205570277953826 0.18295560018063164
1 0.8718000852960017 0.32085680687266105 0.1615514737958779 0.1417185780186199
1 0.832225572925966 0.42551450866681106 0.07438057814555085 0.09384323714742303
1 0.7925347000212395 0.5401722104609612 0.07449693868024175 0.10384323714742304
1 0.6236765766178952 0.7197709139137878 0.09775269832378133 0.09839941866402721