1 0.74 0.5866666666666667 0.07833333333333334 0.14
1 0.51 0.43333333333333335 0.08333333333333333 0.11666666666666667
1 0.65 0.14166666666666666 0.14666666666666667 0.25333333333333335
1 0.38333333333333336 0.06666666666666667 0.08166666666666667 0.13333333333333333
1 0.77 0.7833333333333333 0.06166666666666667 0.09666666666666666
1 0.4266666666666667 0.6666666666666666 0.065 0.11
1 0.49 0.29833333333333334 0.095 0.13666666666666666
1 0.32666666666666666 0.58 0.06666666666666667 0.105
1 0.6266666666666667 0.6666666666666666 0.015 0.03333333333333333
1 0.6133333333333333 0.19666666666666666 0.075 0.14333333333333334
1 0.14666666666666667 0.085 0.13166666666666665 0.13
1 0.14666666666666667 0.6866666666666666 0.09666666666666666 0.20333333333333334
1 0.32666666666666666 0.46 0.06166666666666667 0.105
1 0.25666666666666665 0.6233333333333333 0.058333333333333334 0.10666666666666667
0 0.49833333333333335 0.49666666666666665 0.9966666666666667 0.9933333333333333