1 0.8075432849197717 0.22214449624446572 0.07357080738866065 0.07748119040950258
1 0.29799525646748304 0.432962522979008 0.048529696608576575 0.040543015828557336
1 0.5285659650428582 0.5968559302355428 0.08116898902628236 0.09755876409929651
1 0.5876482360096692 0.40127412756208863 0.027908686627940067 0.026976961425842206
1 0.5989083901880834 0.6959832262253616 0.0212420199612734 0.026899387736048462
1 0.31359788519776505 0.7059661681307173 0.028529696608576575 0.04031029475917554
1 0.4579722799045397 0.7892401535328031 0.03248403992254661 0.05368241493740584
1 0.6746938432890566 0.5351880959049741 0.028219191618258418 0.03364362809250887
1 0.6392602529916996 0.04420019902400401 0.014885858284924893 0.03348848071292114
1 0.21474414469431796 0.36063764761299544 0.027753434132780797 0.023643628092508872
1 0.34424622002071986 0.8705201194144024 0.03248403992254661 0.05368241493740584
1 0.6716526336956868 0.8150717353702832 0.1286119181687449 0.11476844659452051
1 0.20959808282433612 0.22077340157013473 0.04597262575103907 0.057170895650327035
1 0.47910475346332665 0.6573989460641002 0.015196363275243242 0.04015514737958786
1 0.52871202691284 0.736778356545749 0.03217353493222826 0.04701574827073917
1 0.5318032908782574 0.8849953293443915 0.014264848304288383 0.020155147379587863
1 0.1829268208450808 0.29271157615108007 0.028529696608576623 0.04031029475917554
1 0.37037869357950676 0.7386207316783541 0.028374444113417403 0.036976961425842204
1 0.06971222453941116 0.2557163889666914 0.037908686627939975 0.027093321960533105
0 0.46 0.5 0.92 1
1 0.3229219784992783 0.9707140536388871 0.038995454094054104 0.05042665529386644