1 0.6418477143921961 0.3645962213161775 0.1152970940833734 0.13576485572113456
1 0.6138680432736973 0.6574999101448559 0.16679114626073518 0.17505191135195333
1 0.525082016364405 0.31523599336529445 0.17991507354067324 0.2522426558114502
1 0.904029314431856 0.7991027939071893 0.04979059394660491 0.07911236303320872
1 0.05841811126838979 0.7398182204130195 0.06060553149789302 0.09963644082603897
1 0.06811534551944329 0.6920963111713216 0.0881493755128821 0.20419262234264332
1 0.6365647252106205 0.5206514638912088 0.24792862612834066 0.45205378923509953
1 0.5744594698697927 0.4658403304675596 0.4021391368099963 0.5632482894608889
1 0.06562806963591526 0.7535009389415731 0.03203734387822053 0.05157223337849132
1 0.6435709491903239 0.5293341824197624 0.08046970857267828 0.09735126307836652
0 0.5 0.5 1 1