0 0.5 0.5 1 1
1 0.3729100424276775 0.5172183916037499 0.1282376225102062 0.09516127115815873
1 0.4741656389665968 0.8315647252106205 0.08139640519425749 0.08325975020515292
1 0.14277680433118406 0.32437745350538755 0.11484610562711216 0.0912846461239665
1 0.7451087965406767 0.5974305592277966 0.06765578701259907 0.0593831251709607
1 0.07501308571754961 0.4800622397970343 0.057306685714034654 0.03897565639531649
1 0.01785564415733916 0.4608828490138956 0.03571128831467832 0.048432364694457795
1 0.37171727965758267 0.5855517249370833 0.05408971948022279 0.045506500136768484
1 0.3661354441599754 0.6186813238825947 0.03403153593046208 0.04135822925214711
1 0.6594059437244844 0.2520287621177257 0.03707395151499175 0.024827385510695025
1 0.6726106891803878 0.45104121007713255 0.18256007618947176 0.15400110462826053
1 0.6186955203494474 0.48220137660703066 0.291030432898721 0.26168077156846437
1 0.6992895766249629 0.26032530388696873 0.023624251082136803 0.017617427143169568
1 0.6122493671039152 0.6603988870151493 0.027073951514991753 0.0244199167350511
1 0.6895851445928302 0.6251894809617541 0.18957584415470288 0.1742727504786899
1 0.056031297838362304 0.4209139689124127 0.05713213506475247 0.028975656395316587
1 0.008306566667984782 0.39894453649679945 0.016613133335969563 0.027345781292740224
1 0.5535294051986511 0.5846207410279511 0.03403153593046208 0.04135822925214711
1 0.5812724675358911 0.5240406577630022 0.030465468398085706 0.027889072993599107
1 0.3680930285754457 0.6020825686785353 0.061338221644496684 0.07911147932053117
1 0.14900709437464527 0.34964909935581695 0.060523651947846514 0.03244481265386459
1 0.3566300043329415 0.5899405217736172 0.023624251082136994 0.017617427143169568