1 0.6033333333333334 0.795 0.056666666666666664 0.1
1 0.62 0.7183333333333334 0.03166666666666667 0.041666666666666664
1 0.685 0.6816666666666666 0.03833333333333333 0.05
1 0.7666666666666667 0.6466666666666666 0.03833333333333333 0.06333333333333334
1 0.6483333333333333 0.8433333333333334 0.03333333333333333 0.055
1 0.27666666666666667 0.9516666666666667 0.03 0.07
1 0.3616666666666667 0.9383333333333334 0.02666666666666667 0.04666666666666667
1 0.20833333333333334 0.9016666666666666 0.08333333333333333 0.16833333333333333
1 0.17666666666666667 0.7916666666666666 0.041666666666666664 0.05
1 0.22166666666666668 0.7833333333333333 0.03333333333333333 0.05
1 0.5583333333333333 0.6916666666666667 0.06333333333333334 0.105
1 0.505 0.6116666666666667 0.03 0.045
1 0.5483333333333333 0.6033333333333334 0.043333333333333335 0.05333333333333334
1 0.415 0.7583333333333333 0.056666666666666664 0.09333333333333334
1 0.4666666666666667 0.6333333333333333 0.035 0.065
0 0.49833333333333335 0.49666666666666665 0.9966666666666667 0.9933333333333333
1 0.4866666666666667 0.2 0.4666666666666667 0.36666666666666664
1 0.8916666666666667 0.455 0.12833333333333333 0.17333333333333334
1 0.9233333333333333 0.7033333333333334 0.06666666666666667 0.07666666666666666
1 0.9233333333333333 0.6316666666666667 0.045 0.07333333333333333
1 0.975 0.6466666666666666 0.05 0.045
1 0.9683333333333334 0.575 0.055 0.11333333333333333
1 0.03666666666666667 0.5733333333333334 0.04 0.08333333333333333
1 0.11 0.5133333333333333 0.04833333333333333 0.135
1 0.17166666666666666 0.42833333333333334 0.09 0.20833333333333334
1 0.2783333333333333 0.495 0.065 0.17666666666666667
1 0.105 0.755 0.09833333333333333 0.25833333333333336
1 0.4 0.51 0.11 0.15833333333333333
1 0.25833333333333336 0.7816666666666666 0.02666666666666667 0.03833333333333333
1 0.29 0.855 0.03166666666666667 0.051666666666666666
1 0.32166666666666666 0.755 0.035 0.058333333333333334
1 0.5216666666666666 0.81 0.08 0.08833333333333333
1 0.6883333333333334 0.48833333333333334 0.075 0.11833333333333333
1 0.8133333333333334 0.605 0.06333333333333334 0.095
1 0.7366666666666667 0.8633333333333333 0.06166666666666667 0.09833333333333333
1 0.735 0.7966666666666666 0.04666666666666667 0.05333333333333334
1 0.825 0.7683333333333333 0.08 0.085
1 0.225 0.23333333333333334 0.08166666666666667 0.33166666666666667
1 0.18166666666666667 0.6716666666666666 0.021666666666666667 0.04
1 0.235 0.6333333333333333 0.03833333333333333 0.06666666666666667
1 0.26 0.6966666666666667 0.045 0.03166666666666667
1 0.32666666666666666 0.8766666666666667 0.03 0.04833333333333333
1 0.7666666666666667 0.355 0.09166666666666666 0.09333333333333334
1 0.785 0.24666666666666667 0.105 0.08166666666666667
1 0.48333333333333334 0.5516666666666666 0.025 0.03666666666666667
1 0.47833333333333333 0.5 0.03833333333333333 0.06
1 0.5083333333333333 0.43333333333333335 0.11333333333333333 0.055
1 0.6316666666666667 0.16666666666666666 0.165 0.19166666666666668
1 0.485 0.275 0.2683333333333333 0.20333333333333334
1 0.45666666666666667 0.10166666666666667 0.15166666666666667 0.135
1 0.565 0.505 0.07333333333333333 0.065
1 0.395 0.9716666666666667 0.025 0.03666666666666667
1 0.3983333333333333 0.895 0.018333333333333333 0.03333333333333333
1 0.4483333333333333 0.9633333333333334 0.03833333333333333 0.05333333333333334
1 0.04 0.4666666666666667 0.021666666666666667 0.041666666666666664
1 0.32166666666666666 0.36333333333333334 0.035 0.03166666666666667
1 0.27666666666666667 0.30833333333333335 0.02666666666666667 0.03
1 0.295 0.275 0.023333333333333334 0.041666666666666664
1 0.32666666666666666 0.22166666666666668 0.03 0.06333333333333334
1 0.335 0.14833333333333334 0.11333333333333333 0.08333333333333333
1 0.14666666666666667 0.22333333333333333 0.03 0.03333333333333333
1 0.95 0.325 0.05 0.05