0 0.5 0.4891513600678757 1 0.9783027201357514
1 0.37717052727776007 0.739538060852943 0.08414790302998351 0.04763633778909044
1 0.4043524103937872 0.6148289621896701 0.05058183549760732 0.03391513600678763
1 0.6266835376636387 0.19733071368552335 0.0678303376618813 0.06744240356460561
1 0.19374991861978563 0.7424047843836108 0.09081456969665012 0.04771391147888418
1 0.2603162242442616 0.2714168875026408 0.1013964051942574 0.08116360534690842
1 0.34517541558892345 0.6624835257373068 0.04052365194784651 0.030465442138763402
1 0.05981322857280945 0.44407028338637533 0.1196264571456189 0.08147390010608395
1 0.6613550926414687 0.12105191546782616 0.07461337142806922 0.0741866439210662
1 0.5571245645059077 0.5532604302991481 0.06122185454497526 0.07069816320814501
1 0.3631680831221784 0.7777162468066886 0.06391516883094056 0.0340702833863755
1 0.5523151212125206 0.06477194958622685 0.06087275324641079 0.05069816320814508
1 0.58442746494052 0.8036289053256689 0.044089719480222694 0.0438375623169937
1 0.4667961194837378 0.4755271253978153 0.09719031861451317 0.031124818502011445
1 0.7722371463260068 0.8358203620623467 0.06122185454497526 0.07069816320814501
1 0.5942613497897238 0.9087646592828083 0.05069820259712856 0.0405818026734543
1 0.6377814545502477 0.707563434754905 0.040640019047367935 0.03713210880543007
1 0.6858230051951362 0.056323423382104804 0.11467155497783002 0.07798541939316295
1 0.5652120779226486 0.08992709696581463 0.09502065627639429 0.09775269832378124
1 0.04224471688485155 0.5355430158285573 0.0844894337697031 0.05775269832378133
1 0.7132629290056642 0.203339171652844 0.06461337142806921 0.0740702833863754
1 0.40717431255718245 0.4531622955230034 0.04742305281355603 0.043876349161890475
1 0.04071972381316431 0.5322484693401208 0.040407284848325085 0.023798775472096734
1 0.5102411696975289 0.08762044735834831 0.027015767965231134 0.020310294759175587
1 0.378719961905264 0.07775503365158551 0.05058183549760732 0.03391513600678756
1 0.5053415307397195 0.559325900869912 0.04385698528118003 0.03050422898366037
1 0.4824108320356478 0.15397681926583937 0.05087275324641079 0.050581802673454204
1 0.4442482640721742 0.4302556174835365 0.09116367099521445 0.06771391147888418
1 0.06887007099872948 0.4475587640992965 0.07736486926379536 0.04089209743262984
1 0.7195804943737666 0.22341674534263792 0.043915168830940654 0.033837562316993704
1 0.042336642428556254 0.6306205895183512 0.0841479030299835 0.04763633778909044
1 0.3467838987058294 0.6658362524930888 0.05098912034593231 0.05724846934012097
1 0.5621827480556685 0.54998527723316 0.04742305281355603 0.04387634916189067