1 0.8093553307335685 0.32630220912103636 0.1146133714280694 0.07597119594696304
1 0.8970693012959282 0.3842850200635548 0.10104730389569302 0.06232752583555566
1 0.45919300086219456 0.5161928004066663 0.11823762251020639 0.09271544680814828
1 0.3066826727239974 0.47138954792392573 0.11817943896044548 0.08938211347481494
1 0.14277972467096517 0.6336020909831852 0.12484610562711215 0.08953728186385206
1 0.7521650121190552 0.2976211404278512 0.037132135064752374 0.027520092806370446
1 0.5463044796505526 0.4441368192519255 0.06064001904736794 0.03806318216799999
1 0.9678425584397896 0.5259115011174806 0.06431488312042082 0.0650401856127409
1 0.11588032380525563 0.6208894312059999 0.19571885887352308 0.14116654994874087
1 0.31755921124983066 0.8079398382988145 0.037132135064752464 0.027520092806370446
1 0.45960872120900564 0.44448734164274034 0.08765578701259907 0.058683855724148276
0 0.5 0.5 1 1