1 0.44 0.5333333333333333 0.18333333333333332 0.305
1 0.515 0.5266666666666666 0.016666666666666666 0.03
1 0.47 0.42333333333333334 0.025 0.035
1 0.8833333333333333 0.49333333333333335 0.02666666666666667 0.05
1 0.485 0.6366666666666667 0.013333333333333334 0.023333333333333334
1 0.9216666666666666 0.47333333333333333 0.023333333333333334 0.02666666666666667
1 0.24333333333333335 0.5433333333333333 0.011666666666666667 0.016666666666666666
1 0.41 0.4066666666666667 0.018333333333333333 0.04
1 0.96 0.46 0.015 0.03
1 0.9316666666666666 0.09666666666666666 0.01 0.015
1 0.9333333333333333 0.47333333333333333 0.12833333333333333 0.095
1 0.5033333333333333 0.4633333333333333 0.013333333333333334 0.025
1 0.37666666666666665 0.45166666666666666 0.016666666666666666 0.02666666666666667
1 0.3883333333333333 0.6266666666666667 0.02 0.03
1 0.9933333333333333 0.44 0.008333333333333333 0.025
0 0.49833333333333335 0.49666666666666665 0.9966666666666667 0.9933333333333333