0 0.5 0.5 1 1
1 0.3054549896722556 0.26600162695133306 0.20171431801135278 0.2444998832820742
1 0.72342318442922 0.6959156816639253 0.15849738724299187 0.24682462208666683
1 0.3195184588586585 0.43553612178422196 0.03128042821469743 0.03736492441733333
1 0.018174589717491894 0.09949570273562962 0.020814817954807444 0.023798838500444456
1 0.4352750755309797 0.4111928004066663 0.031047623084752445 0.03069825775066666
1 0.42731736006198123 0.7344485495454811 0.04577778719775571 0.07100859452874071
1 0.46137027931058405 0.6653781663642218 0.031047623084752445 0.03069825775066685
1 0.32227501901111233 0.8334815341449626 0.07787303336726059 0.13170685227940757
1 0.2643226844857653 0.49011080222985165 0.024380956418085777 0.03054308936162973
1 0.45952376915247567 0.2890606285728885 0.034613761548030766 0.03744250861185189
1 0.39150254210717383 0.7585965169212588 0.024613761548030764 0.0372097560282964
1 0.3264813715817394 0.8084039499504441 0.04946032822600652 0.08108617872325946