1 0.3146456233109338 0.883470204578138 0.14055029236162786 0.2128767664730329
1 0.524799056632958 0.8302783378021977 0.1960529333785697 0.18218272555740556
1 0.6584815270113747 0.30821434927245583 0.08729102054239812 0.11721464571231242
1 0.13151330399447664 0.5631323747455014 0.09108996413562138 0.13070323154080485
1 0.08400009890976792 0.7322830813347146 0.05325927181922978 0.09566212076072077
1 0.7147408553504718 0.8197622789114589 0.07717461797742563 0.11341555489350147
1 0.5483280936893503 0.3567486411936211 0.3729206847119466 0.3867672694771896
1 0.03784131290402593 0.3187579800387267 0.057291020542398076 0.11581737325587994
1 0.8894868796950925 0.7565338966680232 0.11453970003392745 0.1351233323402524
1 0.6267990001130906 0.404844500471627 0.09407408977403729 0.12085848403596401
1 0.17596308228268298 0.8799131831272431 0.19124870775146283 0.23520555390042053
1 0.9866984577797355 0.6779219784992784 0.02660308444052892 0.1089954540940541
1 0.19453977068376144 0.6470044964993031 0.06291006412431234 0.08612787824619829
1 0.06215351810182534 0.5847260104771772 0.08868785132206798 0.15721464571231233
1 0.0612857385085146 0.17743833382987384 0.10120636670059388 0.13450232235961573
1 0.15708469623170473 0.2915022235463302 0.06969313335595151 0.08977171656984997
1 0.0905926334124968 0.29960727344951343 0.10822224106217801 0.14481282734993403
1 0.09582550919227603 0.8318949500968167 0.032793661559339805 0.08139727245643258
1 0.1956984860396692 0.5367716177565643 0.3851112335708238 0.9264567644868712
1 0.5693916476555544 0.8165157624508824 0.09833864362715038 0.14768040319778986
1 0.46246038474587386 0.47927379189625186 0.10442329746895476 0.13132424152144154
0 0.5 0.5 1 1