0 0.5 0.49833333333333335 0.995 0.9966666666666667
1 0.7333333333333333 0.7033333333333334 0.13 0.185
1 0.30666666666666664 0.41 0.12833333333333333 0.18
1 0.5066666666666667 0.575 0.11833333333333333 0.17
1 0.22666666666666666 0.09666666666666666 0.06833333333333333 0.085
1 0.54 0.4066666666666667 0.06833333333333333 0.12333333333333334
1 0.14 0.9033333333333333 0.06833333333333333 0.18333333333333332
1 0.16666666666666666 0.7866666666666666 0.31833333333333336 0.415
1 0.31 0.48333333333333334 0.02666666666666667 0.03
1 0.5433333333333333 0.615 0.04 0.075
1 0.22333333333333333 0.6183333333333333 0.04833333333333333 0.04666666666666667
1 0.5133333333333333 0.5 0.12833333333333333 0.325