1 0.2833333333333333 0.7283333333333334 0.145 0.18333333333333332
1 0.49 0.53 0.13166666666666665 0.13
1 0.9116666666666666 0.7483333333333333 0.10666666666666667 0.33666666666666667
1 0.4666666666666667 0.3383333333333333 0.07833333333333334 0.12333333333333334
1 0.3333333333333333 0.37333333333333335 0.16 0.21666666666666667
1 0.37666666666666665 0.39 0.075 0.12
1 0.31666666666666665 0.6933333333333334 0.08 0.105
1 0.5766666666666667 0.345 0.10833333333333334 0.14
1 0.88 0.43666666666666665 0.07166666666666667 0.125
1 0.6 0.5083333333333333 0.15333333333333332 0.4666666666666667
1 0.07 0.7616666666666667 0.14 0.21666666666666667
1 0.6166666666666667 0.6616666666666666 0.05 0.16333333333333333
1 0.6 0.5133333333333333 0.058333333333333334 0.13333333333333333
1 0.6566666666666666 0.44333333333333336 0.04 0.10333333333333333
1 0.25333333333333335 0.7466666666666667 0.08333333333333333 0.14
1 0.465 0.48 0.42333333333333334 0.53
1 0.05333333333333334 0.255 0.10666666666666667 0.15
1 0.045 0.44666666666666666 0.09 0.12666666666666668
1 0.7733333333333333 0.26666666666666666 0.06 0.10333333333333333
1 0.6 0.385 0.15166666666666667 0.22
1 0.2866666666666667 0.43666666666666665 0.06833333333333333 0.08666666666666667
1 0.3333333333333333 0.33666666666666667 0.07666666666666666 0.13666666666666666
1 0.9133333333333333 0.43666666666666665 0.14166666666666666 0.12666666666666668
1 0.44333333333333336 0.26166666666666666 0.06666666666666667 0.09666666666666666
1 0.6233333333333333 0.4866666666666667 0.10666666666666667 0.18666666666666668
0 0.49833333333333335 0.49666666666666665 0.9966666666666667 0.9933333333333333