1 0.47833333333333333 0.49666666666666665 0.02666666666666667 0.05333333333333334
1 0.7283333333333334 0.77 0.04666666666666667 0.085
1 0.46 0.72 0.06666666666666667 0.14
1 0.38 0.35833333333333334 0.03166666666666667 0.04666666666666667
1 0.18166666666666667 0.655 0.04666666666666667 0.125
0 0.43833333333333335 0.515 0.8733333333333333 0.965
1 0.32666666666666666 0.44666666666666666 0.10166666666666667 0.15666666666666668
1 0.23333333333333334 0.3283333333333333 0.02666666666666667 0.043333333333333335
1 0.2 0.2866666666666667 0.02666666666666667 0.043333333333333335
1 0.23833333333333334 0.27 0.03166666666666667 0.043333333333333335
1 0.24333333333333335 0.21666666666666667 0.02666666666666667 0.045
1 0.46166666666666667 0.36833333333333335 0.04666666666666667 0.041666666666666664
1 0.44666666666666666 0.43666666666666665 0.035 0.043333333333333335
1 0.35333333333333333 0.24333333333333335 0.04666666666666667 0.13
1 0.415 0.20666666666666667 0.043333333333333335 0.07833333333333334
1 0.4666666666666667 0.22166666666666668 0.043333333333333335 0.06833333333333333
1 0.41833333333333333 0.31333333333333335 0.07333333333333333 0.08666666666666667
1 0.515 0.26 0.03166666666666667 0.041666666666666664
1 0.5483333333333333 0.2866666666666667 0.045 0.07833333333333334
1 0.57 0.35333333333333333 0.03666666666666667 0.055
1 0.6066666666666667 0.23333333333333334 0.06333333333333334 0.10333333333333333
1 0.5716666666666667 0.61 0.065 0.095
1 0.6633333333333333 0.7083333333333334 0.135 0.18
1 0.5 0.92 0.041666666666666664 0.05
1 0.36 0.95 0.07666666666666666 0.07833333333333334
1 0.075 0.9316666666666666 0.025 0.028333333333333332