1 0.6383333333333333 0.14666666666666667 0.04666666666666667 0.06666666666666667
1 0.39666666666666667 0.41333333333333333 0.04 0.07666666666666666
1 0.5216666666666666 0.495 0.04 0.08
1 0.575 0.9033333333333333 0.04 0.06
1 0.61 0.7016666666666667 0.03833333333333333 0.06333333333333334
1 0.30666666666666664 0.705 0.07166666666666667 0.175
1 0.395 0.6866666666666666 0.03 0.056666666666666664
1 0.4066666666666667 0.8466666666666667 0.035 0.075
1 0.66 0.4866666666666667 0.041666666666666664 0.06333333333333334
1 0.39166666666666666 0.2966666666666667 0.056666666666666664 0.04666666666666667
1 0.25833333333333336 0.7933333333333333 0.03333333333333333 0.06
1 0.9066666666666666 0.47333333333333333 0.051666666666666666 0.07333333333333333
1 0.6283333333333333 0.755 0.02666666666666667 0.045
1 0.5016666666666667 0.14333333333333334 0.03333333333333333 0.045
1 0.845 0.14166666666666666 0.03333333333333333 0.04666666666666667
1 0.7733333333333333 0.29333333333333333 0.035 0.04666666666666667
1 0.7633333333333333 0.05 0.05333333333333334 0.06
0 0.5733333333333334 0.49833333333333335 0.8483333333333334 0.9966666666666667