0 0.5 0.49833333333333335 0.9983333333333333 0.9966666666666667
1 0.31833333333333336 0.15666666666666668 0.06 0.13666666666666666
1 0.8133333333333334 0.3333333333333333 0.09 0.145
1 0.49833333333333335 0.5066666666666667 0.08333333333333333 0.14333333333333334
1 0.5216666666666666 0.5933333333333334 0.06 0.06666666666666667
1 0.42333333333333334 0.2633333333333333 0.12833333333333333 0.145
1 0.38666666666666666 0.21 0.2 0.25
1 0.43333333333333335 0.555 0.021666666666666667 0.05
1 0.4033333333333333 0.49833333333333335 0.023333333333333334 0.03666666666666667
1 0.46166666666666667 0.2916666666666667 0.04666666666666667 0.08333333333333333
1 0.44666666666666666 0.4683333333333333 0.02 0.03333333333333333