1 0.48768780893216745 0.18752117111296698 0.0858941897627282 0.0777006482735868
1 0.26454486902807595 0.7919522689575538 0.05806349744633659 0.04296977415937249
1 0.4065396435140598 0.3118365747012672 0.05484656667797575 0.04612841489509549
1 0.7117829985818049 0.5599243455432867 0.06817990001130908 0.046827185285536074
1 0.6196136908981965 0.5216996194768696 0.0919788436045324 0.061383366802140245
1 0.6143121345479652 0.29100084908642904 0.10279366155933985 0.0852407779283042
1 0.36263484729366413 0.5650023024263607 0.06221164873447738 0.06647780009031579
1 0.17329092163263018 0.6318861836268597 0.04081481795480746 0.025429644504655093
1 0.2766877665422669 0.4920396152563588 0.058179900011309085 0.046303107492705824
1 0.7832592011693955 0.4735055437942945 0.04139683077966993 0.04209631117132176
1 0.9344232268191204 0.44803337735341736 0.07209524616950488 0.06366854454981288
1 0.8792486229716617 0.45015094949285017 0.040814817954807646 0.025429644504655093
1 0.23367192044061644 0.2894192262922067 0.05128042821469743 0.039287055630818676
1 0.4442221421524101 0.6193696173666141 0.06473016411300327 0.04331915935459278
1 0.9057777165479214 0.503302503239203 0.027481484621474313 0.024730874114214506
1 0.5692433126778446 0.5774999101448559 0.21500531029381706 0.154338966982772
1 0.46300522551401607 0.5118224007225265 0.051746038474587405 0.052620388964152005
1 0.29762422670602984 0.8487865412324601 0.05209524616950489 0.0626203889641522
1 0.23539671773993515 0.8138007152112008 0.03093122051977995 0.028238900045157986
1 0.21776711009025396 0.6492445336945966 0.03759788718644662 0.02858828524037809
1 0.09838084337835101 0.8166383187091852 0.03414815128814079 0.025080259309434798
1 0.43147089229377344 0.07604337102265117 0.07519577437289324 0.05717657048075637
0 0.5 0.5 1 1
1 0.3749099369546107 0.8828918172762983 0.05841270514125407 0.05296977415937249
1 0.44838084337835105 0.8349810414582496 0.12062435387573146 0.11944757424968809
1 0.3252062536608591 0.7283427227490644 0.180042341050869 0.10592537434000406
1 0.16853958699419244 0.7201321706613879 0.1403915487457864 0.1138290631686823
1 0.6936401293275477 0.6491382288540412 0.061978843604532395 0.05981113342364912
1 0.797068694700419 0.6996410456787604 0.14430689490398227 0.13067042243295912
1 0.8579628844631471 0.6293648328036044 0.16764022823731542 0.13189327061623013
1 0.698365053796568 0.226947484394544 0.22074075644070396 0.12802168551132562
1 0.42603169220330095 0.4230594228845381 0.07519577437289324 0.05717657048075637
1 0.533841213994258 0.4437369323068676 0.14143917183053892 0.1438290631686823
1 0.6482221704123438 0.41967648062561225 0.1038412846440921 0.11524077792830412
1 0.7422909498925638 0.45132188632416786 0.10027514618081397 0.1083994186640272
1 0.7886718497907823 0.8444663530811503 0.16120636670059393 0.13821055208767652
1 0.8653014857003973 0.8017302698607117 0.09554498206781091 0.06822472606641725
1 0.6823702510506503 0.9240508825552362 0.05507937180792074 0.052795081561762346
1 0.7464019997738186 0.9073700419098287 0.14267725899436737 0.08400375576629245
1 0.5700898510958867 0.7445159620067427 0.199153461581958 0.1767988373280548
1 0.17813748831060588 0.5887275428911365 0.07209524616950488 0.06366854454981288
1 0.19738618193210186 0.46784699291371545 0.1460105923277007 0.08417844836390259