0 0.5 0.5 1 1
1 0.45607417455383825 0.751670169658373 0.05682541028250815 0.10062058951835108
1 0.47338636562167086 0.9134725902821792 0.04267725899436736 0.07713210880543026
1 0.578164110429526 0.6697913430086754 0.03934392566103403 0.0770933219605331
1 0.22356620911311254 0.534052057627829 0.15311114879102272 0.2816678343305688
1 0.25323286164981235 0.4294399260767985 0.04577778719775571 0.07050422898366036
1 0.22246569503969102 0.6456605440271502 0.038645510271199064 0.0570933219605331
1 0.29196298337291504 0.15500233532780427 0.1977566308022881 0.12891630367068965
1 0.05535451798873465 0.15391513600678755 0.0653121769378657 0.057403616719708686
1 0.8679683360566328 0.619851858603825 0.020931220519779952 0.026899387736048462
1 0.13195243343511495 0.39137693299384174 0.03151323334464242 0.043682414937405836
1 0.11911643082490618 0.21463269263738113 0.03496296924294825 0.047054535115636134
1 0.5511640962995591 0.5645198350943966 0.03197884360453221 0.05701574827073917
1 0.3771270372825737 0.3992277660937674 0.05547092055370721 0.15724846934012096
1 0.5262963590961489 0.4726010539358998 0.054074089774037284 0.11724846934012097
1 0.42473023476283744 0.5697126016549793 0.069809535920924 0.09077573689793894
1 0.8035238680622436 0.4441730888181284 0.03209524616950489 0.060349081604072506
1 0.7626720193503844 0.46702158659024995 0.03612699489267319 0.08038786844896965
1 0.7208889501187452 0.4632034176957046 0.020814817954807458 0.023566054402715128
1 0.7996720334803513 0.5724094550392194 0.02794709488136391 0.03697696142584239
1 0.7602910770622655 0.5419634063229045 0.03864551027119887 0.0570933219605331
1 0.7670635257062702 0.2588240072140559 0.03174603847458741 0.050349081604072504
1 0.9516190859718147 0.2959572836833881 0.06577778719775551 0.07073695005304198
1 0.5586931616158852 0.30304710265221474 0.025195774372893234 0.053604841247611903
1 0.4882275513559952 0.2888992455760455 0.03244445386442237 0.07034908160407251
1 0.4069682936667322 0.29961563454273693 0.04027514618081388 0.10375998862719978
1 0.347470934683674 0.265603531423707 0.061978843604532395 0.057364829874811674
1 0.10760319748026378 0.17118299876935694 0.04197884360453235 0.05713210880543007
1 0.24751327573454296 0.3610678058985682 0.03151323334464242 0.043682414937405836
1 0.2128624834294604 0.37066054402715026 0.028296302576281532 0.046976961425842206
1 0.30503179111306883 0.3384132423509315 0.024264553853113283 0.026938174580945332
1 0.32596832192666597 0.5085877831529677 0.028063497446336592 0.040310294759175726
1 0.35101066297753486 0.6055065643114645 0.014031748723168296 0.020155147379587863
1 0.3451376437402412 0.5804483840441192 0.01736508205650163 0.02019393422448464
1 0.31575668732215545 0.5501186958624952 0.027830692316391605 0.03364362809250887
1 0.28932813607925095 0.699750220835974 0.021396830779669928 0.0402327210693818
1 0.306153546361759 0.7999053682155619 0.017830692316391606 0.03352726755781797
1 0.2417355591866215 0.815815691406738 0.01736508205650163 0.02019393422448464
1 0.5476032681300981 0.701089534648821 0.027597887186446617 0.026976961425842393
1 0.5630159874013189 0.8562058951835119 0.018179900011309088 0.043527267557817974
1 0.6553228681753342 0.8756058667515113 0.027597887186446617 0.026976961425842393
1 0.4767990001130907 0.43870531135156077 0.03911112053108904 0.07042665529386644
1 0.4498783577910445 0.3834144100148336 0.02507937180792074 0.05027150791427857
1 0.29162963590961494 0.050041122172701215 0.05911112053108904 0.07065937636324814
1 0.14079895772319015 0.11992359397410823 0.12349207694917477 0.10139632641629016