1 0.28309728650347354 0.8865706591687325 0.11422540057101316 0.1586119181687449
1 0.7312172994104053 0.9023558652364918 0.09065935404524149 0.11752515070263068
1 0.5297251676380672 0.8817486411936212 0.22441932823137828 0.19706858384233025
1 0.7145722479347227 0.32662071354078004 0.033624224823881076 0.05155252495159156
1 0.5682826289932943 0.5550408637468702 0.037073914753433426 0.07170777744675093
1 0.39804021941783785 0.6046254076666543 0.12403147291064794 0.1257443423208891
1 0.14956255155170448 0.35460267813692475 0.043643617589917624 0.055351615770402415
1 0.9494547801260298 0.6222644530511462 0.05699634368928742 0.05930595908437245
1 0.7943492311253028 0.3612279869902935 0.033585439291808065 0.04488585828492499
1 0.33778700224688923 0.9373423263319395 0.04025210595847473 0.045196363275243435
1 0.2247833459361767 0.8859542445006844 0.04052360468298597 0.0918630299419101
1 0.7005202710455644 0.7371640972738371 0.033624224823881076 0.05155252495159156
1 0.49756509664994314 0.681634499478546 0.08056239021505898 0.10039272655048649
1 0.23474567161657756 0.6055661132627866 0.03354665375973506 0.038219191618258416
1 0.8326415565016153 0.9392873308008041 0.0569187726251414 0.04597262575103893
1 0.5296994121264339 0.04010035577730906 0.06726784241379884 0.08020071155461812
1 0.7362474997719338 0.610533946074666 0.033624224823881076 0.05155252495159175
1 0.6911300319632409 0.9192188951784017 0.03364361758991777 0.054885858284925086
1 0.6502584687040714 0.7844928847012246 0.033585439291808065 0.04488585828492489
1 0.3105418862365486 0.17881722503595163 0.08412843674083054 0.1405479790456457
1 0.7638148188468247 0.7408809665324797 0.036899379859104894 0.04170777744675092
0 0.5 0.5 1 1
1 0.2361236692176442 0.08921914221161553 0.12108599489804495 0.17843828442323106