1 0.4666666666666667 0.36 0.06833333333333333 0.08
1 0.7583333333333333 0.07 0.03 0.05
1 0.5033333333333333 0.7066666666666667 0.05 0.075
1 0.755 0.18666666666666668 0.04 0.08333333333333333
1 0.46 0.12333333333333334 0.043333333333333335 0.05
1 0.23666666666666666 0.5333333333333333 0.051666666666666666 0.08333333333333333
1 0.7566666666666667 0.6 0.03833333333333333 0.05
1 0.7466666666666667 0.2783333333333333 0.03166666666666667 0.056666666666666664
1 0.08666666666666667 0.305 0.056666666666666664 0.075
1 0.9016666666666666 0.7533333333333333 0.023333333333333334 0.04
1 0.15333333333333332 0.6266666666666667 0.015 0.03333333333333333
1 0.18333333333333332 0.5016666666666667 0.023333333333333334 0.03666666666666667
1 0.72 0.125 0.03 0.055
1 0.22166666666666668 0.365 0.05 0.06
1 0.53 0.49333333333333335 0.01 0.013333333333333334
1 0.31 0.4166666666666667 0.075 0.09
1 0.67 0.028333333333333332 0.028333333333333332 0.056666666666666664
1 0.6083333333333333 0.37333333333333335 0.02666666666666667 0.07666666666666666
1 0.43166666666666664 0.44333333333333336 0.03333333333333333 0.07
1 0.7033333333333334 0.21166666666666667 0.043333333333333335 0.03333333333333333
1 0.645 0.36666666666666664 0.02666666666666667 0.03333333333333333
1 0.45666666666666667 0.785 0.04666666666666667 0.095
1 0.49666666666666665 0.385 0.013333333333333334 0.035
1 0.6466666666666666 0.44 0.03833333333333333 0.065
1 0.6266666666666667 0.37333333333333335 0.06333333333333334 0.085
1 0.15666666666666668 0.6166666666666667 0.021666666666666667 0.055
1 0.4633333333333333 0.385 0.015 0.025
1 0.1 0.4066666666666667 0.023333333333333334 0.056666666666666664
1 0.62 0.72 0.035 0.1
1 0.47 0.12166666666666667 0.021666666666666667 0.043333333333333335
1 0.64 0.37666666666666665 0.035 0.06
1 0.325 0.395 0.10666666666666667 0.14
1 0.22 0.35833333333333334 0.02666666666666667 0.04666666666666667
0 0.5016666666666667 0.49666666666666665 0.9833333333333333 0.9933333333333333