1 0.6766666666666666 0.6833333333333333 0.025 0.035
1 0.36 0.505 0.095 0.075
0 0.5 0.5 1 1
0 0.9333333333333333 0.32666666666666666 0.13 0.5566666666666666
1 0.735 0.4033333333333333 0.025 0.09833333333333333
1 0.7383333333333333 0.53 0.03666666666666667 0.13166666666666665
1 0.72 0.29 0.03333333333333333 0.08166666666666667
1 0.7566666666666667 0.32666666666666666 0.023333333333333334 0.08666666666666667
1 0.7816666666666666 0.25166666666666665 0.023333333333333334 0.07166666666666667
1 0.6033333333333334 0.5366666666666666 0.11333333333333333 0.16166666666666665
1 0.4866666666666667 0.48333333333333334 0.11333333333333333 0.13666666666666666