1 0.4266666666666667 0.6716666666666666 0.021666666666666667 0.04666666666666667
1 0.455 0.3466666666666667 0.03666666666666667 0.13
1 0.7383333333333333 0.6933333333333334 0.06333333333333334 0.11666666666666667
1 0.555 0.6016666666666667 0.02 0.03666666666666667
1 0.4666666666666667 0.5516666666666666 0.085 0.8333333333333334
1 0.4033333333333333 0.715 0.075 0.14
1 0.4633333333333333 0.14333333333333334 0.02666666666666667 0.035
1 0.7533333333333333 0.6583333333333333 0.025 0.043333333333333335
0 0.4716666666666667 0.49666666666666665 0.67 0.9933333333333333
1 0.29 0.165 0.075 0.10666666666666667
1 0.6366666666666667 0.25666666666666665 0.12666666666666668 0.13
1 0.7 0.41 0.10166666666666667 0.16666666666666666
1 0.4683333333333333 0.8933333333333333 0.08 0.15333333333333332
1 0.19666666666666666 0.2866666666666667 0.043333333333333335 0.07833333333333334