0 0.4525 0.49997575247646786 0.905 0.9999515049529357
1 0.22722421179359345 0.6742469244658451 0.03496320843590979 0.04096990094128387
1 0.6611828531921907 0.36031101089193757 0.018024895918813778 0.033818283803975266
1 0.07204025397314226 0.478999439078136 0.028296541769243077 0.040775920753027134
1 0.5768308479197471 0.3877357632451472 0.12597620870944676 0.15015831005528868
1 0.7794482750629167 0.35853452921704654 0.02802489591881378 0.034109254086360466
1 0.6163922592455858 0.43819005373520914 0.031629875102576456 0.04087291084715541
1 0.7408914307743903 0.569407440064202 0.08317482374582597 0.3253701253100295
1 0.4258773258725927 0.8649002052965519 0.021629875102576458 0.04058194056477002
1 0.4076062323362936 0.782197307575053 0.02230898972864992 0.057248607231437064
1 0.695294332512722 0.2993896049977179 0.021222406326932248 0.030581940564770396
1 0.5692275256783752 0.12493587542952002 0.0689756563953165 0.0586064685492344
1 0.5469950291728274 0.7931237236216607 0.22474245905136817 0.2862073660242167
1 0.46654509716751996 0.683930304355268 0.021629875102576458 0.040581940564770394
1 0.43826833196564774 0.5199487003436161 0.05053194836971253 0.17792753789033575
1 0.5151868679153729 0.7158087862766755 0.041901520953005804 0.04783054779620746
1 0.3049349986323144 0.5238283041087515 0.02856818761967247 0.0474425874196938
1 0.17651397726900286 0.7339866141640401 0.058975656395316586 0.0583154982668492
1 0.6823825728568305 0.011894914683231738 0.02496320843590979 0.023789829366463476
1 0.03292310298703781 0.45849665354101 0.01748160421795487 0.020484950470641933
1 0.5806395614913318 0.3759721064843522 0.03135822925214711 0.034206244180488836
1 0.7318535345820396 0.7095044301583304 0.038296541769243124 0.04106689103541233
1 0.44190443104792754 0.47156687196321856 0.04298810435472338 0.07449721446287412
1 0.7288540868961699 0.6196984103465871 0.02856818761967247 0.0474425874196938
1 0.5486644574101456 0.3436086740923027 0.055506500136768486 0.054885174839387506
1 0.37349475301576235 0.8431187134692726 0.03455573966026558 0.03096990094128387
1 0.42483596727118994 0.5636214990063987 0.023531396055582264 0.08724860723143707
1 0.7495897696537045 0.4376437833034069 0.02856818761967247 0.0474425874196938
1 0.4613073327862591 0.19965773006123083 0.04604979183762737 0.06792753789033569
1 0.5740267013854747 0.6608266213431597 0.02135822925214711 0.03391527389810373
1 0.6227872800618232 0.44466274021361896 0.01775325006838424 0.0271516171373086
1 0.7506509048224782 0.534164964828881 0.1828295947672162 0.401516171373086
1 0.5479514613149036 0.8513600668608656 0.06992641687181958 0.08193980188256773
1 0.5465621121642393 0.9263115718138014 0.042308989728649826 0.05783054779620746