0 0.5 0.5 1 1
1 0.5758836398249281 0.324817187637556 0.13980953592092382 0.09318095197525944
1 0.7853756885141692 0.21978257608674143 0.07221164873447738 0.06496260141822234
1 0.5301059232770066 0.7783818800389634 0.16074075644070376 0.12031312380903728
1 0.26093129116961417 0.5572915207692595 0.07209524616950488 0.06162926808488881
1 0.46338105532785373 0.7751635294819262 0.020465610259889976 0.013798838500444313
1 0.22201594501141836 0.5397326358656298 0.034264553853113285 0.027442508611851886
1 0.5839683784465334 0.9378401841928151 0.020465610259889976 0.013798838500444313
1 0.6523334322431013 0.749585828569482 0.013682541028250814 0.010310336778074051
1 0.8626613987627502 0.19160580465792665 0.01701587436158434 0.01038792097259261
1 0.6279736463504499 0.7673372804439264 0.08174603847458722 0.05186202066844449
1 0.5587302630227712 0.7873746790257041 0.09577778719775551 0.07217235744651854