0 0.5 0.5 1 1
1 0.7873893108196122 0.4324094550392194 0.13455518787830859 0.07155147379587788
1 0.3497541800834075 0.46730898493527057 0.07753941991307756 0.05089209743262965
1 0.05898935843803205 0.5155818026734543 0.087655787012599 0.057675124633987405
1 0.18986211168444295 0.5670944896244352 0.10133822164449668 0.07783027201357527
1 0.7282245367926566 0.5750252317419592 0.12151277229377892 0.08806299308295687
1 0.2338232432872359 0.41263750545299255 0.11098912034593231 0.05794663254826598
1 0.676956719475829 0.6927379755569413 0.10110548744545383 0.06449693868024174
1 0.8222645082216047 0.5211306568215222 0.09443882077878697 0.06441936499044801
1 0.08625008138021435 0.7408533105877328 0.0606982025971287 0.04069816320814501
1 0.6208267904745585 0.24550889963926886 0.07753941991307746 0.05089209743262984
1 0.4786233861424957 0.6904301582855727 0.1651370233759159 0.10523388873328372
1 0.6334037376610024 0.20233071368552333 0.14110548744545384 0.0649623808190052
1 0.38499913506035877 0.6726774599617916 0.10438063722902645 0.06120239219180538
1 0.2986853549716788 0.9764157198387386 0.07753941991307746 0.047168560322522805
1 0.5397786216392242 0.8527755947379361 0.19847035670924926 0.10562175718225338
1 0.8365578701259899 0.5762858042011101 0.05759760346283808 0.05399270969658156
1 0.055390413851353085 0.21393452942923602 0.060872753246410886 0.0506981632081451
1 0.906237860602306 0.5587669946106126 0.06759760346283808 0.054109070231272274
1 0.37915547358882823 0.6242859463611129 0.05403153593046208 0.04062058951835126
1 0.9622645082216047 0.522759704307194 0.06197824069186481 0.11403149654147834
1 0.9114499385249546 0.47551123496707315 0.060698202597128936 0.04069816320814501
1 0.49830337661881174 0.6723295460216212 0.11449700432854779 0.06798541939316294
1 0.4904064199086838 0.697232578909379 0.09455518787830859 0.07108603165711468
1 0.46897248744106007 0.7103137977508821 0.13455518787830859 0.07155147379587788
1 0.4408718883067696 0.7233174429025913 0.07069820259712875 0.04081452374283591
1 0.9220486450195338 0.31899971567999424 0.07221097489090766 0.12748119040950256