1 0.6155025703671075 0.5287577330055129 0.11938626671190301 0.17861191816874492
1 0.604169251163741 0.4244563692337291 0.038412705141254076 0.05170777744675083
1 0.7391904216891755 0.3699129360940293 0.06624339745764568 0.08628313074135746
1 0.4363280089095493 0.22760712522958515 0.26578840778539 0.368465856298763
1 0.6298888370790104 0.35503626843428165 0.049111120531089035 0.07217353493222826
1 0.7366930768360841 0.29847914817010135 0.05531217693786554 0.05915070658921328
1 0.294867666553576 0.4188948512835312 0.15295240517518124 0.18683110978700312
1 0.8090422986609684 0.18029647201933852 0.09635980002261818 0.09101373653112323
1 0.19508992174572085 0.178940557376204 0.05566138463278316 0.06915070658921328
1 0.8190369883671512 0.32293116912445563 0.08911112053108904 0.07403656487413816
1 0.45184119986429117 0.49810939818255806 0.6401906053787445 0.9882559541189676
1 0.47050781001109043 0.9165568732309665 0.0975238256723431 0.12434706986445652
1 0.5260527920789012 0.8507394999750866 0.11423283338987858 0.22163474651175988
1 0.5909945907964149 0.8493787429861495 0.12271960004523635 0.17876717066390407
1 0.5434813857117061 0.6851961162420295 0.07004234105086898 0.09977171656984979
1 0.5969893228924983 0.6777120763194828 0.042211648734477386 0.06519636327524343
1 0.9111904358191424 0.25707268508849157 0.0518624410395599 0.05566212076072077
0 0.5 0.5 1 1
1 0.9278888229490436 0.44598591762237744 0.11558732311867971 0.1651233323402524
1 0.7794708075139724 0.6459174819999752 0.04519577437289324 0.055351615770402415
1 0.8191004292936204 0.702310159143819 0.045428579502838226 0.06201828243706928
1 0.8387353613670857 0.6165338966680232 0.0557777871977557 0.07248403992254661
1 0.6995131485648413 0.5531321277122875 0.07015874361584148 0.10310504990318312
1 0.6550528909886691 0.11092667262515249 0.1581058384972054 0.14380828144398813
1 0.4495501793218931 0.6113651052683118 0.3392804847345648 0.4717261586971055
1 0.6843332344235654 0.7019312185310984 0.07337567438420213 0.09992696906500916
1 0.5673174307118155 0.1932189445850445 0.05302646668928484 0.0889954540940541
1 0.3770210433557329 0.8776482360096692 0.09729102054239812 0.11768040319778986