0 0.49833333333333335 0.49666666666666665 0.9966666666666667 0.9933333333333333
1 0.5816666666666667 0.7366666666666667 0.04666666666666667 0.095
1 0.5833333333333334 0.895 0.03166666666666667 0.07
1 0.4533333333333333 0.6633333333333333 0.03 0.07333333333333333
1 0.79 0.5116666666666667 0.12166666666666667 0.26666666666666666
1 0.75 0.41 0.041666666666666664 0.065
1 0.8 0.6183333333333333 0.03166666666666667 0.05333333333333334
1 0.6816666666666666 0.145 0.18333333333333332 0.11
1 0.915 0.13166666666666665 0.06 0.05333333333333334
1 0.16333333333333333 0.6316666666666667 0.016666666666666666 0.02666666666666667
1 0.8633333333333333 0.36666666666666664 0.025 0.03666666666666667
1 0.8566666666666667 0.19333333333333333 0.03 0.043333333333333335
1 0.47 0.5583333333333333 0.025 0.05333333333333334
1 0.6233333333333333 0.38666666666666666 0.041666666666666664 0.15
1 0.485 0.4683333333333333 0.041666666666666664 0.10833333333333334
1 0.595 0.5566666666666666 0.06 0.085
1 0.21 0.45666666666666667 0.025 0.056666666666666664
1 0.25166666666666665 0.475 0.025 0.07833333333333334
1 0.2916666666666667 0.47 0.021666666666666667 0.023333333333333334
1 0.22666666666666666 0.5816666666666667 0.023333333333333334 0.035
1 0.26166666666666666 0.55 0.03166666666666667 0.055
1 0.22666666666666666 0.2733333333333333 0.02666666666666667 0.04666666666666667
1 0.04833333333333333 0.32 0.058333333333333334 0.065
1 0.43666666666666665 0.305 0.021666666666666667 0.05
1 0.5016666666666667 0.285 0.028333333333333332 0.065
1 0.5833333333333334 0.29333333333333333 0.02666666666666667 0.1
1 0.64 0.25666666666666665 0.056666666666666664 0.05333333333333334
1 0.865 0.15 0.035 0.05333333333333334
1 0.7466666666666667 0.3433333333333333 0.025 0.04
1 0.7816666666666666 0.35 0.021666666666666667 0.045
1 0.6883333333333334 0.325 0.018333333333333333 0.02666666666666667
1 0.685 0.49166666666666664 0.023333333333333334 0.041666666666666664
1 0.6716666666666666 0.5883333333333334 0.015 0.02
1 0.6733333333333333 0.5633333333333334 0.015 0.02
1 0.7 0.5316666666666666 0.023333333333333334 0.03166666666666667
1 0.74 0.675 0.015 0.03666666666666667
1 0.735 0.775 0.013333333333333334 0.03166666666666667
1 0.8 0.7866666666666666 0.016666666666666666 0.02
1 0.4866666666666667 0.6933333333333334 0.023333333333333334 0.028333333333333332
1 0.48833333333333334 0.845 0.011666666666666667 0.043333333333333335
1 0.4 0.87 0.02 0.025
1 0.53 0.43333333333333335 0.03333333333333333 0.06666666666666667
1 0.55 0.37666666666666665 0.02 0.04833333333333333
1 0.6716666666666666 0.041666666666666664 0.051666666666666666 0.06333333333333334
1 0.8266666666666667 0.10166666666666667 0.11166666666666666 0.09