1 0.35006352550422853 0.49846072302232347 0.0920367919766961 0.07366721898079694
1 0.31753176275211425 0.24342393145823324 0.12252174244733803 0.09155629197439595
1 0.5794994200059422 0.5656876963865684 0.20986733977290328 0.11842102136331145
1 0.11710031748092462 0.43803623924995994 0.13242475235320966 0.08863042741670672
1 0.4640707793440724 0.29904647795284567 0.07498216493351587 0.059654771021390045
1 0.5430523833557244 0.33078672774769285 0.09880044873749114 0.07727219816455971
1 0.5299358754295199 0.5527250402647889 0.09889743883161942 0.08060553149789294
1 0.3122892875167933 0.25196099917938863 0.03753957751382217 0.03149405217736169
1 0.16039517607196993 0.7808630724465248 0.075758085686543 0.0863214376880569
1 0.46960142025245877 0.7382994518641649 0.16967335958464655 0.11012447959406851
1 0.24032884595842166 0.7226712337039792 0.09909141901987634 0.08727219816455961
0 0.5 0.5 1 1
1 0.8137898293664635 0.6377109353629912 0.12701895691021187 0.13169211489961072
1 0.9212987468997055 0.6616300236268466 0.08035229024354522 0.12979059394660492