1 0.486097916886609 0.4955969710219347 0.06069820259712875 0.04174582169431081
1 0.7001041463216131 0.16453509013891046 0.0978303376618813 0.0694793793963899
1 0.7184918779252847 0.4471894928133451 0.1618618735923432 0.11132219118482926
1 0.372074816454633 0.6338461391752355 0.05748123636331684 0.048315498266849395
1 0.7216468753299136 0.7436136842446908 0.14145458874401812 0.08740691728672555
0 0.5 0.5 1 1
1 0.4748844978401199 0.6608394462572557 0.18583522597304447 0.1486677885103946
1 0.37934018961587884 0.790221835559517 0.05397335238070127 0.03821850817272093
1 0.3452504701356562 0.8345250698341342 0.05397335238070127 0.03821850817272093
1 0.31919473074147714 0.8003009905871613 0.054089719480222696 0.044885174839387594
1 0.2639910883173146 0.8135679938069464 0.05397335238070127 0.03821850817272093
1 0.3635294051986511 0.5508037761242874 0.05432245367926574 0.05821850817272093
1 0.4352542554150785 0.5453851557671938 0.054147903029983506 0.04821850817272093
1 0.26438993766715363 0.6952831555206773 0.1413964051942574 0.0840735839533922
1 0.21029178268844487 0.645216825407129 0.0911636709952145 0.06928539920813326
1 0.21291847792616353 0.5901683303600648 0.08110548744545373 0.06566109559241454
1 0.31587361818605214 0.6088283041087514 0.10829580605996701 0.09643701634544168
1 0.23896578182185654 0.5294409046541019 0.05075638614688936 0.044788184745259134
1 0.2579973177523186 0.4889074591363957 0.09116367099521445 0.06928539920813308
1 0.32036218701611396 0.4471131423950206 0.06759760346283826 0.05527313521590107
1 0.1887827956740884 0.44594425111309194 0.12162913939330035 0.09682497672195534
1 0.5782798000026362 0.3679782384804682 0.11490428917687306 0.09329766320036507
1 0.655345316019142 0.24746262802924615 0.21986676190350654 0.18963768945167847
1 0.9101210173185852 0.34832772411469376 0.06432245367926574 0.05850947845510594
1 0.9577936753281561 0.48020620603610126 0.06835398960972763 0.0986064685492344