1 0.3268489969709302 0.7769913264094143 0.09946121157953162 0.061687322943060965
1 0.6814565174536574 0.24289782164976914 0.09977171656984997 0.06835398960972773
1 0.892433738517285 0.11098620000615121 0.0931050499031835 0.06823762251020625
1 0.34109111574548895 0.5069622346345338 0.09821919161825822 0.035020656276394294
1 0.8694747504840836 0.31788560087186074 0.14628313074135726 0.06583522597304446
1 0.22673050697648028 0.20920230130032183 0.03868494910373575 0.04397335238070132
1 0.4019176796265462 0.309393722946576 0.05930595908437245 0.05765578701259898
1 0.41823273052281046 0.35240704675622536 0.06597262575103911 0.0577721541121205
1 0.41098616465559124 0.32921917229729386 0.08481282734993405 0.10472973852759072
1 0.8361414171507504 0.318467436369468 0.07263929241770578 0.057888521211641925
0 0.49961186876210206 0.5 0.9992237375242041 1