1 0.6580423975707363 0.5464751457372259 0.09969313335595151 0.09116898902628236
1 0.8839788577344992 0.20257569914110596 0.06151323334464261 0.046127878246198246
1 0.2974815552713083 0.5612969166791234 0.09232805129944988 0.07085848403596401
1 0.7682434115876124 0.22380852847720198 0.09531217693786573 0.061013736531123186
1 0.9016455667910664 0.5178862041314243 0.06197884360453221 0.059461211579531624
1 0.537412804051022 0.8087536317593519 0.09911112053108885 0.0745023223596157
1 0.34776194109610525 0.28575812825865504 0.06174603847458741 0.052794544912864956
1 0.6758995000565453 0.24779479194607873 0.06817990001130908 0.04643838323651655
1 0.8045292207459613 0.929351912210259 0.09256085642939486 0.07752515070263068
1 0.15862965003958177 0.15880828144398815 0.044497358983058274 0.03535161577040242
1 0.4626879502318359 0.9084385314564448 0.03736508205650163 0.021707777446750544
1 0.5824339745764564 0.8591052475297543 0.044497358983058274 0.035351615770402606
1 0.8390582295424199 0.2504021642088777 0.06484656667797556 0.04628313074135747
1 0.7118307912261596 0.8002377210885411 0.07554498206781053 0.06674888822683481
1 0.5100953026893723 0.502977369283556 0.013798943593223308 0.013954343313970033
1 0.6373122617176668 0.7152331257759525 0.11004234105086899 0.10163474651175988
1 0.9435555885254782 0.28854832489214505 0.05473016411300326 0.04248403992254661
1 0.6130952885594053 0.4029454491286492 0.08473016411300326 0.04388131237897899
1 0.58484663732781 0.5946486312628114 0.08162963590961492 0.05039272655048649
1 0.7552804564746312 0.281443225582319 0.041862441039559904 0.05519636327524324
1 0.6100899923955551 0.3645344895477363 0.037830692316391606 0.03504111078008407
1 0.22969320400578566 0.6213699476141143 0.10887831540114405 0.06830141317842656
1 0.6271111770509564 0.5184112066141268 0.040698415389834965 0.02186302994190991
1 0.535555602655445 0.3743746417399885 0.07519577437289324 0.056748888226834895
1 0.6090635398362372 0.38279019663349007 0.09957673079097883 0.08783565569294903
1 0.4692382143335301 0.9054157031134298 0.06104762308475244 0.032794544912865146
1 0.6350582719323206 0.5553883782711118 0.03058201282486247 0.01806393912309924
1 0.6980371579267534 0.9293838323651656 0.06461376154803077 0.03961646407469061
1 0.2567407988306044 0.4429224725657059 0.11197884360453239 0.06178999900691906
1 0.899571491146996 0.506141911217178 0.051047623084752254 0.032328787427387436
1 0.6002645962430139 0.3690687320622589 0.07162963590961491 0.04992696906500915
1 0.656672047610318 0.6978313074135742 0.1681058384972056 0.14427403892946566
1 0.7184974578928263 0.8005482260788596 0.054613761548030576 0.039150706589213276
0 0.5 0.5 1 1