0 0.5 0.5 1 1
1 0.7020215865902499 0.7062845985541448 0.16911023789517457 0.21970722791166394
1 0.33267745996179166 0.35421009434735545 0.16566054402715036 0.20951308335343063
1 0.5016907307447237 0.5461695331023583 0.15224963700402308 0.20206983845383092
1 0.3088957425843391 0.040567551004002216 0.08445815183534487 0.08113510200800443
1 0.5631622955230035 0.38248078649592593 0.09155147379587789 0.13857523640563188
1 0.07465792437934027 0.8262141811144511 0.10228842384892 0.2024910034136648
1 0.16337795849774095 0.7109722780421526 0.3155077319753667 0.49138877724902824
1 0.32184471046040936 0.4265562669678386 0.033721201782302805 0.03527477891566614
1 0.5289198066623961 0.5929497099698253 0.05426421761086014 0.0831063129317325
1 0.2099077035433662 0.5531571819477701 0.0539539228516845 0.056439646265065826
1 0.5208568135794392 0.4733379990862918 0.19403383186928258 0.35773290648596345