1 0.5435026975368091 0.36198151993635985 0.04461376154803077 0.03868494910373575
1 0.7381905205989434 0.2961549560553026 0.0440317487231683 0.022018282437069086
1 0.3037355026667541 0.3798263662544862 0.08852910770622657 0.0573698982074716
1 0.7818518911017598 0.2557257140373206 0.030814817954807457 0.024730605789765815
1 0.13337043474021934 0.4728994960027627 0.048063497446336596 0.04217353493222826
1 0.2371111770509564 0.4797533353194953 0.044264553853113286 0.02868494910373575
0 0.5012804282146974 0.47171212572612564 0.9974391435706051 0.889909081881082
1 0.728534488649878 0.6889083901880834 0.07899471796611654 0.0702374740553273
1 0.7038201847684921 0.5548399051590384 0.14085715900567644 0.1263653523015256
1 0.574095330949306 0.6643833382987382 0.09659260515256317 0.09768040319778985
1 0.5320582860622873 0.6079130349073147 0.11577778719775571 0.07527858483541157
1 0.45400009890976795 0.7150500543720476 0.12291006412431216 0.08892242315906325
1 0.46685196175159394 0.7962509635532369 0.11291006412431234 0.08845666567358573
1 0.2125397565537946 0.5409953552807686 0.1318624410395599 0.059388180644540774
1 0.47067731551423475 0.47555232732502056 0.14934392566103402 0.08349777645366979
1 0.6529524051751813 0.14988101593912248 0.10221164873447738 0.0679909081881082
1 0.7503756885141691 0.16704536024617345 0.10244445386442237 0.07465757485477487