1 0.5785713781072612 0.39910856922560956 0.24295240517518132 0.18964342769024378
1 0.4846983023501002 0.840916730483064 0.2797354744068203 0.1944708132009388
1 0.7734866960055234 0.6006591895344324 0.08507937180792055 0.053395573130367587
1 0.16490469731062773 0.4874023494242012 0.06473016411300327 0.04258063557907917
1 0.7559629409830145 0.1943688717448927 0.05806349744633659 0.042308989728649916
1 0.42708986522585346 0.6266015167747107 0.04116402564972494 0.03496320843590979
1 0.5471797869715743 0.8200961212662027 0.14694181284748045 0.10917371911756542
1 0.3871851679152257 0.1442925270460608 0.05473016411300326 0.04217316680343525
1 0.40192581131619487 0.8692557354819704 0.10566138463278321 0.07087717734832268
1 0.5875819563049951 0.427849371334587 0.1737248820791198 0.11359363585261652
1 0.8795607999095275 0.3829992991615994 0.22108996413562143 0.13549515680562224
0 0.5 0.5 1 1
1 0.2064126910112872 0.06348893282591887 0.3005079513107589 0.12208824034410845
1 0.3434973165931577 0.29606389673942507 0.1656613846327832 0.07332199000218707
1 0.43671424736151854 0.30320027197877003 0.07151323334464242 0.04618561476284204
1 0.4057671666101213 0.23350870939328972 0.07151323334464242 0.04618561476284204
1 0.42803701662708493 0.1693236469445779 0.07519577437289324 0.05632143768805676
1 0.2745079089208584 0.21647703718064232 0.07817990001130909 0.04645726061327148
1 0.1483068525140817 0.1979824326891503 0.09542857950283823 0.0638030419060116
1 0.05396823714686487 0.12737690119125727 0.018179900011309064 0.04401244795940684
1 0.7542804140847306 0.09916513735707065 0.07128042821469743 0.0395189480961754
1 0.7469100217344118 0.2624305592277966 0.06484656667797575 0.04591396891241269
1 0.7680158461016504 0.23157883011241817 0.03771428975141911 0.031494052177361787
1 0.6706719345705833 0.19923872048525115 0.07496296924294825 0.04965477102139009
1 0.8104602999660728 0.16320870521499461 0.05128042821469743 0.038704010544887195