1 0.5234243939373968 0.27356606781344406 0.060523651947846514 0.03209524616950489
1 0.6881747887413819 0.44458721007894486 0.05719031861451318 0.031978843604532396
1 0.31585966752886124 0.5159576306891974 0.12098912034593232 0.060857159005676446
1 0.5527843748900287 0.235851778062025 0.03379880173141904 0.027830692316391605
1 0.6849784787839645 0.548095147259737 0.06748123636331683 0.04899471796611654
1 0.7723058207743935 0.6784602151862718 0.09110548744545383 0.06647620258759047
1 0.7280124588700081 0.6249734485309141 0.06058183549760732 0.035428579502838224
1 0.3742258779164973 0.8024285229829707 0.34349101298564355 0.2118730616271942
1 0.4553979844101978 0.7712433268078114 0.07765578701259908 0.059343925661034025
1 0.6935942943676154 0.6595290087964586 0.03379880173141904 0.027830692316391605
1 0.5454561679599585 0.7714337908868875 0.06443882077878697 0.06554498206781052
1 0.8359760346283828 0.5044654972201552 0.060523651947846514 0.03209524616950489
1 0.33928027618683565 0.52014281273439 0.060756386146889364 0.045428579502838226
1 0.660830575753981 0.5022432985478777 0.060523651947846514 0.03209524616950489
0 0.5006109272724877 0.49920628192079275 0.9987781454550247 0.9282541028250811