1 0.25833333333333336 0.7610127750751855 0.10666666666666667 0.08248269422459278
1 0.3 0.43364924417333356 0.17 0.10062346058711133
1 0.555 0.34125110172066714 0.12333333333333334 0.1028706151971853
1 0.4683333333333333 0.3875672459965189 0.11333333333333333 0.06930452928029637
1 0.3466666666666667 0.6747354228965929 0.29333333333333333 0.30682740911762985
1 0.05333333333333334 0.4462413471122964 0.08666666666666667 0.06535052239081475
1 0.27166666666666667 0.6829897785199261 0.10666666666666667 0.07914936089125944
0 0.5 0.5 1 1
1 0.8733333333333333 0.6353270589638526 0.13666666666666666 0.10651428530859278
1 0.7733333333333333 0.5879995331282969 0.08 0.08186202066844449
1 0.705 0.46307572380733397 0.11333333333333333 0.11930452928029638
1 0.7983333333333333 0.3785814145871858 0.16666666666666666 0.13054587639259277
1 0.85 0.4847839696022229 0.13333333333333333 0.1264367011140742
1 0.755 0.2459061533917784 0.15666666666666668 0.10697979047570386
1 0.25 0.2258188145888891 0.09 0.06209477325200008