0 0.9736097166666667 1 0.9971656099999999 0.77825239 0.99020072 0.76503089 0.9168393466666667 0.6273601766666667 0.7878492166666666 0.3265017233333333 0.6633045666666666 0.04495113333333334 0.5349634033333334 0.021798086666666664 0.06535663333333333 0.00266308 0.03133925 0.3228917966666666 0.03961929333333333 0.3701968466666667 0.05036801666666667 0.4104239866666667 0.09264721333333333 0.41645591666666665 0.11608584000000001 0.43823299 0.15354282333333333 0.4896597033333333 0.17487489666666667 0.5413681166666667 0.19836773333333332 0.6030383466666667 0.2177604433333333 0.6528015633333334 0.27827019000000003 0.6589316533333334 0.31074141666666666 0.6663848766666667 0.3248158033333333 0.6753052666666667 0.28610399000000003 0.9803691433333334 0.39492108000000004 1 0.9736097166666667 1
1 0.5916403271470836 0.8812194962320106 0.14043388979665528 0.2087662503419214
1 0.5517566590622217 0.3586699805514484 0.09027514618081378 0.1068647293889156
1 0.4285344180000437 0.21384826670632642 0.07062435387573146 0.11604979183762737
1 0.9761535463617592 0.8353082888902493 0.042910064124312156 0.08496320843590979
1 0.6075133463843772 0.9068306993954768 0.0419788436045324 0.05829654176924313
1 0.920026551469086 0.7531351220868141 0.02128042821469762 0.0374816042179549
1 0.5744868796950923 0.8189416264018778 0.056010592327700504 0.07883983347010182
1 0.5382328616498123 0.4479908659253749 0.059809535920924 0.09230898972864983
1 0.11302122704530186 0.4722721981645596 0.05922752309606153 0.07564232306198315
1 0.5442011129266441 0.42826251177580427 0.11849738724299186 0.2478154898654185