1 0.3333333333333333 0.07666666666666666 0.035 0.09
1 0.71 0.35833333333333334 0.135 0.15333333333333332
1 0.7233333333333334 0.4066666666666667 0.035 0.05
1 0.6633333333333333 0.02666666666666667 0.021666666666666667 0.035
1 0.3466666666666667 0.075 0.06166666666666667 0.105
1 0.6683333333333333 0.37333333333333335 0.02 0.03
1 0.205 0.195 0.03333333333333333 0.065
1 0.36666666666666664 0.07666666666666666 0.016666666666666666 0.04666666666666667
1 0.4066666666666667 0.44333333333333336 0.08 0.12
0 0.4666666666666667 0.49833333333333335 0.9333333333333333 0.9966666666666667
1 0.28833333333333333 0.675 0.10333333333333333 0.11666666666666667
1 0.31833333333333336 0.8333333333333334 0.10833333333333334 0.18333333333333332
1 0.485 0.8683333333333333 0.07833333333333334 0.11833333333333333
1 0.5616666666666666 0.9033333333333333 0.07166666666666667 0.13166666666666665