1 0.40612248317420724 0.1709815693430026 0.05430300445575711 0.08581737325587994
1 0.18211154771907945 0.09646111276624607 0.054380578145550945 0.09248403992254661
1 0.32711154771907947 0.0897076292268225 0.05802420623805991 0.11930595908437246
1 0.7338740138340863 0.2056891985698251 0.06089209743262984 0.07946121157953162
1 0.1864075461914237 0.8725067694522761 0.03065937636324814 0.05806393912309924
1 0.7128996720560541 0.8629768752171284 0.08790784570336901 0.11070323154080483
1 0.11433595298114334 0.6243332839266906 0.05407028338637536 0.06581737325587994
1 0.48381349823893666 0.5088445498782699 0.04399270969658157 0.058684949103735944
1 0.524474042266087 0.3070591461839394 0.040736950053041975 0.06519636327524324
1 0.25305832242734827 0.4413012649584982 0.054341791300653974 0.08915070658921327
1 0.5972996436240534 0.7767440458810324 0.061047244812217516 0.09279454491286496
1 0.7834997004880546 0.951305613237873 0.05027150791427857 0.025662120760720577
1 0.5879454648843638 0.017675684368594315 0.0473260430299149 0.03535136873718863
1 0.5243153918947927 0.750159600774534 0.05430300445575711 0.08581737325587994
1 0.3318206463823523 0.11447475048408373 0.04407028338637531 0.06535161577040242
1 0.5399154203267933 0.8410500049654049 0.05422543076596317 0.07915070658921308
1 0.13908734148101956 0.2150684356224023 0.04407028338637536 0.06535161577040242
1 0.08380999524723025 0.9572419705546303 0.05348848071292112 0.015817373255880132
0 0.5 0.5 1 1
1 0.5884074040314208 0.39569838919500244 0.13531146242307765 0.1762100998063665