0 0.5 0.5 1 1
1 0.48780021342368496 0.10648246078874116 0.13935181463856489 0.10643670111407419
1 0.5102316861545595 0.5809795570398524 0.11465946939759875 0.08256027841911115
1 0.5092625186143792 0.7695456429567412 0.09407703572289886 0.07209477325200017
1 0.29730152460839027 0.42582020810437066 0.10388289116466552 0.06899419250222233
1 0.25339042335331563 0.9505098713262964 0.08388289116466562 0.06852868733511135
1 0.7903405306024014 0.09850383039266733 0.12093784694779876 0.07604878014148156
1 0.6242625186143793 0.7722222976676302 0.05349460204819896 0.06116376291777783
1 0.7378228723493134 0.8282710778091118 0.05232973469879937 0.04116376291777783
1 0.8935008230521437 0.6483126569373341 0.07663379082329887 0.058373518946074225
1 0.7251706002207827 0.9838252021264818 0.048996401365466034 0.03234959574703642
1 0.3224925586646512 0.07926991772948175 0.03135901190763292 0.02403159108400004
1 0.7701463860441681 0.10137165855888955 0.07643964626506583 0.0550401856127408
1 0.20417566325300165 0.10488780425466684 0.04488648979919958 0.02767526119540745
1 0.5074925586646511 0.08357584052525968 0.04488648979919958 0.02767526119540745
1 0.27817206461846766 0.06655586443681505 0.031164867349399685 0.020698257750666707