1 0.43861741965348205 0.6369495997814529 0.06922694508577781 0.11310504990318312
1 0.16047386626000038 0.4430136377178377 0.09612636433600007 0.12434706986445652
1 0.6545886156004451 0.7403467734246001 0.07256027841911115 0.1132603023983423
1 0.9488058060778523 0.3345521296984495 0.02100859452874071 0.04426484830428838
1 0.7878360036463706 0.3003375827994227 0.08279303100266665 0.12372605988381982
1 0.6780341446791116 0.5290271272157471 0.013954006889481434 0.027287676647303367
1 0.8377625999982967 0.5099083407814405 0.034341927862074045 0.044885858284925084
1 0.8002051086101486 0.5450270778091043 0.013643670111407383 0.013954343313970033
1 0.7491965140814079 0.5040225319031584 0.013798838500444504 0.0206210099806367
1 0.8293059227957779 0.14657500744810728 0.034807433029185215 0.06488585828492499
1 0.5475284538992596 0.4416710149460415 0.04790801377896306 0.055506868265561594
1 0.6645456429567411 0.5229814705297171 0.017054587639259277 0.01744292914246254
1 0.852292914284741 0.2739768258104856 0.010310336778074051 0.013799090818810858
1 0.8582211375880001 0.17025536123925442 0.010465505167110981 0.02046575748547748
1 0.8206622526843705 0.13362980535267185 0.06550569077985187 0.09628313074135741
1 0.8039955860177038 0.13440606782846767 0.01054308936162973 0.023799090818810858
1 0.8136464571423705 0.11894031034299019 0.03806318216799999 0.06170777744675078
1 0.03520092806370401 0.3654246467053934 0.02775284538992596 0.04790868662793997
1 0.3746550516711113 0.18276697303733294 0.020543089361629636 0.024264848304288288
1 0.9140745637277039 0.20436036173579492 0.024729848834666654 0.06108676746611413
1 0.5438847837878522 0.4284929341078673 0.027364924417333517 0.0312420199612734
1 0.7372970948311856 0.49456591563621544 0.01031033677807424 0.013799090818810858
1 0.9153145173245189 0.18594940215488198 0.010465505167110981 0.02046575748547748
1 0.8262898938179264 0.518785057847831 0.010310336778074051 0.013799090818810858
1 0.6612164901698525 0.738369601767615 0.03426434366755567 0.04155252495159175
1 0.5544278731494819 0.45136050995572324 0.017364924417333328 0.030776262475795874
1 0.9250055740619261 0.2438946042503174 0.01031033677807424 0.013799090818810858
1 0.8375686395120004 0.5015750074481072 0.013643670111407383 0.013954343313970033
1 0.8426046445782966 0.35952020954354275 0.01046550516711117 0.020465757485477524
1 0.9096176530893335 0.227926573811867 0.013643670111407573 0.013954343313970033
1 0.9140745637277039 0.20436036173579492 0.013643670111407573 0.013954343313969986
1 0.8940385586614078 0.3471137958685757 0.013643670111407573 0.013954343313970033
1 0.8729897785199262 0.23130101792528446 0.2536492441733337 0.3114886846417781
1 0.8247008113457783 0.5221960174287439 0.06860627152962971 0.08643838323651665
1 0.754506850859482 0.517122986493753 0.20938211347481495 0.12629232136653476
1 0.8232585361697778 0.10180788619084603 0.017209756028296396 0.024109595809129136
1 0.9472943078002225 0.34129642261269577 0.013798838500444313 0.0206210099806367
1 0.8298102200601483 0.16824167411477395 0.017209756028296396 0.024109595809129112
1 0.8964768867268149 0.1651366242115907 0.017054587639259277 0.017442929142462493
1 0.8492353061786672 0.5010316237150502 0.01031033677807424 0.013799090818810858
1 0.8879121943254076 0.22726904836373488 0.01031033677807424 0.013799090818810858
1 0.6713286859151856 0.5276709655393987 0.034186759473036926 0.03821919161825823
1 0.6030743302918523 0.6059312679377411 0.2723330998974817 0.3989316137842405
1 0.8447396034430374 0.5229311691244557 0.010310336778074051 0.013799090818810858
1 0.48443344721140796 0.7415979840110506 0.04108617872325946 0.04852969660857676
0 0.5 0.5 1 1