0 0.5 0.5 1 1
1 0.5112926808488895 0.7028798257564229 0.04496260141822214 0.07025210595847474
1 0.2933472684881488 0.7182762662476976 0.034652264640148187 0.0568605943270317
1 0.7983444814571857 0.5779003297349333 0.048528687335111155 0.08027149872451124
1 0.13489616534755608 0.6406981395773147 0.03775284538992594 0.04687998709306839
1 0.410200928063704 0.3690034949740671 0.06868385572414827 0.08705452198739702
1 0.5489665485288154 0.6747695092325094 0.020698257750666662 0.03011635659621902
1 0.2709739829779262 0.25820839156656983 0.048063182167999985 0.060271498724511235
1 0.27965783870207434 0.34491384376530954 0.04798559797348152 0.0569381653911779
1 0.2552439007074079 0.5847393088709809 0.04465226464014819 0.0569187726251414
1 0.595350522390815 0.09011857902116684 0.04457468044562953 0.05358543929180807
1 0.35628571327148173 0.34369321071748277 0.04124134711229639 0.053566046525771564
1 0.0843918680831857 0.6187405814201002 0.024341927862074116 0.043469082695589044
1 0.5298933783165931 0.49968224178534515 0.02093101033422234 0.04011635659621902
1 0.6842269450857779 0.11396582065446789 0.06170685227940756 0.07368240312199067
1 0.598154701517334 0.7833743412903541 0.034186759473036926 0.036860594327031704
1 0.0750097546083708 0.5020351292213604 0.023954006889481506 0.02680241602892238
1 0.11047665329096347 0.5938957235483923 0.017209756028296302 0.02343029716351604
1 0.2793419278620741 0.04495262929738257 0.04069825775066666 0.03023271319243822
1 0.5146648062794821 0.7045658851891261 0.034497096251111165 0.05019392766036503