0 0.55 0.4994181973265458 0.9 0.9988363946530916
1 0.7341967861416169 0.8049553748355923 0.4798498909065345 0.37884106530870004
1 0.8782658493454454 0.7499348137492418 0.03391516883094065 0.033721201782302805
1 0.903556767094249 0.7663105790791813 0.04093093679617141 0.05379877547209674
1 0.8918319168778216 0.7631129997029873 0.06777215411212031 0.06410907023127227
1 0.32337843116554443 0.4763346431572384 0.3119689402537374 0.8801186958624951
1 0.46643771774704607 0.2679613553151059 0.08728981471706258 0.22763633778909043
1 0.24967534025725238 0.36050189365585605 0.14934310995566003 0.15503995450879907
1 0.378270499564509 0.3740086001273235 0.071920057142104 0.1108145237428359
1 0.38075552120724815 0.7073807203055538 0.05519520692567653 0.10728725618501793
1 0.3466742372255114 0.5694158619987415 0.11659161211993402 0.18798541939316293
1 0.3780584216418605 0.4573613268831053 0.09192005714210391 0.1110472448122177
1 0.21909729003906753 0.6142424888606073 0.06490428917687287 0.09073695005304216
1 0.5575432051924999 0.3302474438362216 0.044497004328547786 0.06717089565032704
1 0.6319904614697731 0.2977080731593736 0.12676616276921626 0.19810177992785374
1 0.6416329246727226 0.37261110604713127 0.058470356709249244 0.10399270969658148
1 0.5109806848474464 0.14575167281988197 0.041629139393300346 0.09379877547209674
1 0.9553651073558952 0.4873178693825999 0.04461337142806921 0.0738375623169937
1 0.7887857160138695 0.4942572116274473 0.06812125541068478 0.08410907023127227
1 0.8398039281346822 0.5520087422873264 0.058004888311163544 0.0773260430299147
1 0.7938354640651443 0.5925517581158837 0.09157095584353954 0.09104724481221751
1 0.632613609520169 0.5244135266709372 0.1150206562763943 0.09798541939316294