0 0.49833333333333335 0.49833333333333335 0.9966666666666667 0.9966666666666667
1 0.48 0.7933333333333333 0.055 0.095
1 0.41 0.6483333333333333 0.08166666666666667 0.10666666666666667
1 0.645 0.3933333333333333 0.023333333333333334 0.055
1 0.46166666666666667 0.2633333333333333 0.043333333333333335 0.06666666666666667
1 0.37666666666666665 0.45 0.03833333333333333 0.095
1 0.32666666666666666 0.41333333333333333 0.04666666666666667 0.056666666666666664
1 0.88 0.85 0.08 0.12
1 0.30833333333333335 0.32166666666666666 0.02666666666666667 0.04666666666666667
1 0.92 0.7266666666666667 0.03166666666666667 0.06
1 0.2866666666666667 0.051666666666666666 0.011666666666666667 0.016666666666666666
1 0.2683333333333333 0.04666666666666667 0.01 0.015
1 0.57 0.9683333333333334 0.01 0.016666666666666666
1 0.2783333333333333 0.05 0.03 0.025
1 0.39666666666666667 0.11166666666666666 0.07 0.09666666666666666
1 0.9116666666666666 0.7466666666666667 0.05 0.1