1 0.18666666666666668 0.16833333333333333 0.06166666666666667 0.09666666666666666
1 0.5366666666666666 0.49666666666666665 0.055 0.08333333333333333
1 0.28 0.6033333333333334 0.085 0.12666666666666668
1 0.66 0.25666666666666665 0.06666666666666667 0.08
1 0.57 0.37666666666666665 0.051666666666666666 0.06666666666666667
1 0.23666666666666666 0.8316666666666667 0.06833333333333333 0.09333333333333334
1 0.37166666666666665 0.13 0.05333333333333334 0.08
1 0.5733333333333334 0.7366666666666667 0.06333333333333334 0.095
1 0.48833333333333334 0.40166666666666667 0.05333333333333334 0.07333333333333333
1 0.8633333333333333 0.51 0.055 0.075
1 0.7983333333333333 0.5616666666666666 0.05333333333333334 0.056666666666666664
1 0.8533333333333334 0.24833333333333332 0.025 0.03333333333333333
1 0.85 0.225 0.06166666666666667 0.08
1 0.7433333333333333 0.4216666666666667 0.058333333333333334 0.07333333333333333
1 0.42833333333333334 0.8033333333333333 0.135 0.26666666666666666
1 0.38 0.69 0.05 0.075
1 0.023333333333333334 0.18 0.04666666666666667 0.08
1 0.9366666666666666 0.5033333333333333 0.06166666666666667 0.07333333333333333
1 0.28833333333333333 0.565 0.05 0.05
1 0.5616666666666666 0.04666666666666667 0.06333333333333334 0.09333333333333334
0 0.4866666666666667 0.49666666666666665 0.9733333333333334 0.9933333333333333
1 0.32666666666666666 0.37333333333333335 0.04666666666666667 0.12333333333333334
1 0.395 0.44 0.07166666666666667 0.20333333333333334
1 0.3466666666666667 0.5666666666666667 0.025 0.06666666666666667
1 0.465 0.58 0.055 0.14333333333333334