1 0.1264657264587691 0.8790521922068564 0.16806299308295683 0.12290917748803622
1 0.8987723760662355 0.8375216839764642 0.06717089565032704 0.044497004328547786
1 0.5433081015913742 0.7279627108187334 0.053876349161890665 0.04759760346283826
1 0.5200182257585464 0.15077239220422017 0.37298658705706506 0.26312504069010717
1 0.5692766050498959 0.7884281792168192 0.080698163208145 0.06139640519425749
1 0.05852376456611168 0.41443882077878713 0.05034908160407255 0.030872753246410884
1 0.35526333426696366 0.9827637186136345 0.1004654421387634 0.03447256277273103
1 0.9087576532993955 0.2659132008595584 0.12492359397410838 0.13881945800781353
1 0.32307421285809035 0.8874850216427391 0.07717089565032703 0.04467155497783021
1 0.5367965823042953 0.7145130103858786 0.07089209743262984 0.07788852121164193
1 0.2924195071504508 0.3701783359287045 0.050349081604072504 0.030872753246410884
1 0.013515819350740638 0.4102909177488036 0.027031638701481276 0.023856985281179844
1 0.06782793668577086 0.41955518787830853 0.13565587337154172 0.09244370908995042
0 0.5 0.5 1 1
1 0.42113954126885145 0.4824474943693729 0.5825987186080955 0.2334572709916995
1 0.7750717353702833 0.7236731341937704 0.3767853625291618 0.3031832242398679
1 0.7860231807341606 0.4988185930681722 0.21519510188838675 0.16372374718468638
1 0.7251904312327783 0.4260755307309322 0.23457451237003588 0.11073951514991744
1 0.164396468576293 0.34127160259624995 0.08387634916189061 0.04812125541068478
1 0.07596733579461946 0.20470064675271038 0.1511248185020115 0.09928492640589932
1 0.28811767035859587 0.3100910606040635 0.13085331058773286 0.07560249177400162
1 0.2687576532993955 0.2547419593054991 0.13062058951835118 0.05560249177400162
1 0.3768935494165377 0.7033868666640304 0.17817935361764758 0.13308372813731845
1 0.2386160610227455 0.9799042891768729 0.14050422898366036 0.04019142164625426
1 0.12208514831321816 0.9672775939391542 0.1274424035646056 0.06544481212169141
1 0.2534039010397144 0.8579298337644305 0.1477914851686781 0.09922674285613842
1 0.5345663387227207 0.9061796770525452 0.24515631504348978 0.16091406579919976
1 0.6799736005941387 0.8737106614671368 0.21523388873328372 0.16705708051801973
1 0.9447032603437621 0.758307161898234 0.09616477301081053 0.24496247272663368
1 0.97158208699346 0.8838017220712002 0.03783027201357527 0.10064001904736794
1 0.461778356545749 0.5715081220747151 0.19833450099723546 0.14676616276921625
1 0.23923898586890094 0.6426389160156271 0.22484602028431436 0.13389829783396862
1 0.08216856032252273 0.5581503471855652 0.16433712064504546 0.14296736103779703