1 0.4853022584062766 0.5666666666666667 0.08576485572113446 0.11
1 0.4161780238206881 0.16833333333333333 0.11313029277824171 0.12333333333333334
1 0.20422097030012476 0.04666666666666667 0.017714822252327452 0.02
1 0.6117658845178517 0.44333333333333336 0.07839941866402739 0.09666666666666666
0 0.5 0.5 1 1
1 0.445904293082181 0.905 0.08559016312352431 0.10666666666666667
1 0.3679345189228087 0.9616666666666667 0.08735126307836652 0.07666666666666666
1 0.2785246820463331 0.855 0.1087488038592476 0.10333333333333333
1 0.016548669984019427 0.5816666666666667 0.033097339968038854 0.13666666666666666
1 0.8164496318431226 0.99 0.05104815558566088 0.02
1 0.611610150461992 0.9233333333333333 0.10243152238780112 0.11
1 0.5577502571991793 0.13833333333333334 0.040160518618869406 0.06666666666666667
1 0.5283545943014444 0.095 0.0980500334688069 0.09