0 0.5 0.49833333333333335 0.9983333333333333 0.9966666666666667
1 0.6566666666666666 0.8716666666666667 0.11833333333333333 0.18333333333333332
1 0.4216666666666667 0.27 0.09 0.125
1 0.5066666666666667 0.4583333333333333 0.135 0.17333333333333334
1 0.68 0.6566666666666666 0.028333333333333332 0.055
1 0.52 0.13666666666666666 0.03833333333333333 0.05333333333333334
1 0.5366666666666666 0.3566666666666667 0.05333333333333334 0.06
1 0.8366666666666667 0.42333333333333334 0.03166666666666667 0.056666666666666664
1 0.62 0.5733333333333334 0.04 0.05333333333333334
1 0.7433333333333333 0.7383333333333333 0.03833333333333333 0.056666666666666664
1 0.38333333333333336 0.6316666666666667 0.07166666666666667 0.08666666666666667
1 0.55 0.7166666666666667 0.015 0.03333333333333333
1 0.7166666666666667 0.79 0.055 0.065
1 0.4766666666666667 0.37666666666666665 0.2 0.33666666666666667
1 0.5866666666666667 0.23833333333333334 0.021666666666666667 0.03666666666666667
1 0.5483333333333333 0.23 0.016666666666666666 0.03
1 0.8133333333333334 0.7033333333333334 0.041666666666666664 0.03666666666666667
1 0.39666666666666667 0.6533333333333333 0.09833333333333333 0.13333333333333333
1 0.6366666666666667 0.19666666666666666 0.021666666666666667 0.03333333333333333
1 0.9066666666666666 0.62 0.035 0.04