0 0.4682467634937903 0.4893487041365926 0.9364935269875806 0.9786974082731852
1 0.5498541851632319 0.7783286675803748 0.22133343214661902 0.25556444050202987
1 0.3684431267690335 0.5234272951104777 0.19753434132780798 0.24420542859439687
1 0.690155499528373 0.6502043614759724 0.12915989721439056 0.2036558707630646
1 0.6296348453250453 0.38572259871492315 0.18652979542186207 0.2934288503614638
1 0.3640046447192314 0.21400972878517743 0.1459818163762164 0.20795992688756437
1 0.452233026962667 0.3953358648494428 0.14109595809129152 0.1744324489959978
1 0.7447397964149431 0.21623928070288778 0.12489504891010218 0.18346172620483137
1 0.7964794940166007 0.14944266591373687 0.05768040319778985 0.09643964626506578
1 0.7356805020110754 0.3786018912450548 0.09256626148271493 0.13171442518073187
1 0.762118885247592 0.44662756981935436 0.08318727146335145 0.1444653248393653
1 0.8448266132877 0.36667532833341954 0.09202747306224637 0.19152028062249865
1 0.7921280758727692 0.5913199150603206 0.09016444312033646 0.15152028062249864
1 0.733922670192277 0.7691036905623216 0.08745211976763984 0.16465946939759873
1 0.6467583258852261 0.8604313818775734 0.10760737226279882 0.16915767008033147