1 0.4766666666666667 0.7716666666666666 0.13833333333333334 0.23666666666666666
1 0.43166666666666664 0.3566666666666667 0.03 0.06666666666666667
1 0.46 0.5383333333333333 0.03 0.05333333333333334
1 0.18833333333333332 0.155 0.03333333333333333 0.055
1 0.05 0.22666666666666666 0.1 0.22333333333333333
1 0.66 0.6833333333333333 0.125 0.25
1 0.5 0.09666666666666666 0.023333333333333334 0.04666666666666667
1 0.48833333333333334 0.19166666666666668 0.023333333333333334 0.043333333333333335
1 0.43833333333333335 0.25666666666666665 0.03333333333333333 0.056666666666666664
1 0.36666666666666664 0.445 0.016666666666666666 0.04
1 0.82 0.09833333333333333 0.011666666666666667 0.023333333333333334
1 0.45 0.4066666666666667 0.015 0.03
1 0.33 0.2916666666666667 0.018333333333333333 0.03666666666666667
1 0.21666666666666667 0.09333333333333334 0.02 0.04666666666666667
1 0.24333333333333335 0.056666666666666664 0.03166666666666667 0.03666666666666667
1 0.3 0.6466666666666666 0.018333333333333333 0.03333333333333333
1 0.75 0.7333333333333333 0.021666666666666667 0.05333333333333334
1 0.77 0.8683333333333333 0.021666666666666667 0.03666666666666667
1 0.7666666666666667 0.9183333333333333 0.013333333333333334 0.016666666666666666
1 0.7666666666666667 0.7783333333333333 0.018333333333333333 0.03333333333333333
1 0.4633333333333333 0.475 0.015 0.025
1 0.2783333333333333 0.23666666666666666 0.05 0.08666666666666667
1 0.3 0.7233333333333334 0.025 0.045
1 0.35833333333333334 0.6466666666666666 0.013333333333333334 0.03333333333333333
1 0.8066666666666666 0.4066666666666667 0.016666666666666666 0.03333333333333333
1 0.38333333333333336 0.38333333333333336 0.018333333333333333 0.016666666666666666
1 0.30666666666666664 0.4083333333333333 0.015 0.02666666666666667
1 0.2633333333333333 0.23166666666666666 0.021666666666666667 0.03333333333333333
1 0.3016666666666667 0.023333333333333334 0.02 0.04666666666666667
1 0.5766666666666667 0.7733333333333333 0.016666666666666666 0.03333333333333333
1 0.13166666666666665 0.30666666666666664 0.016666666666666666 0.02666666666666667
1 0.33 0.4083333333333333 0.013333333333333334 0.023333333333333334
1 0.2733333333333333 0.26666666666666666 0.018333333333333333 0.023333333333333334
0 0.49833333333333335 0.49833333333333335 0.9966666666666667 0.9966666666666667