1 0.7379597904789523 0.37731736006198124 0.08250189263971114 0.1461269948926732
1 0.5002251636401981 0.5421904075592087 0.08876127445805272 0.12302646668928484
1 0.6383219774950663 0.8371850972653915 0.15453831688133657 0.26523811542376224
1 0.3636795142921166 0.9217301075931357 0.08560249177400162 0.13291006412431217
1 0.7714798952394761 0.1746030703105622 0.0650788398261551 0.10221164873447738
1 0.4177477125563037 0.3052168742484935 0.06864490735853129 0.1156613846327832
1 0.4778105463251281 0.6812221562823769 0.09911037575661719 0.14337567438420232
1 0.31617675671276413 0.3987089511976682 0.06852854025900987 0.10899471796611654
1 0.6227186207814234 0.29972478316935186 0.013915168830940653 0.03379894359322331
1 0.6026444311743319 0.7817988588134223 0.07922674285613861 0.14934392566103402
1 0.12230376537425353 0.9135026268869749 0.13899400865709566 0.1381058384972054
1 0.1330677220799877 0.2968359602203082 0.10366556363492568 0.21349207694917482
1 0.3140239653716173 0.5220422845310017 0.06519520692567653 0.10887831540114386
1 0.2436289013012006 0.35626980762706306 0.06192005714210391 0.11209524616950489
0 0.5 0.5 1 1