1 0.551276462889893 0.30061897293208 0.02387634916189048 0.047481484621474127
1 0.5474753520899919 0.6272856395987467 0.048256927307441515 0.1382963025762816
1 0.23623767604499596 0.31495234865531385 0.07480723343941738 0.12922752309606153
1 0.4286789119456995 0.38486766655357596 0.023798775472096734 0.04081481795480746
1 0.5198413496287058 0.4249999293501658 0.16981307175892804 0.848920656452013
1 0.5718194787184502 0.25325389087557837 0.08837328784213241 0.1496931333559515
1 0.5550705677063811 0.8336030985704959 0.030426655293866435 0.037714289751418925
1 0.2224776874177962 0.35208462558187054 0.030543015828557334 0.047714289751419114
0 0.5191819732654577 0.49743914357060515 0.7683027201357514 0.9948782871412103
1 0.7271638896669141 0.7909416998077459 0.08798541939316294 0.11635980002261817
1 0.37288144629750775 0.7416719063106495 0.1382957141523385 0.14477250516387205
1 0.29627412756208865 0.59607403325417 0.11535024926797462 0.17729102054239812
1 0.49218912140887333 0.08136769481350967 0.09519510188838694 0.16273538962701933
1 0.8120099099512286 0.6580316356834336 0.05096967112242358 0.08507937180792075