0 0.5 0.5 1 1
1 0.415682196539798 0.4358704520466956 0.13986676190350655 0.18412843674083054
1 0.5466300043329415 0.5717614080719016 0.09215279134114686 0.1238569380163193
1 0.6298591913446618 0.3862959816870251 0.04783033766188112 0.0669381653911779
1 0.18884941472233513 0.5421794637541605 0.28723163116730194 0.22498171844643744
1 0.6806446692664316 0.34100509019647735 0.09852854025900987 0.10722905688172564
1 0.7257159385337419 0.8140281392732264 0.15290917748803623 0.1675393411383099
1 0.45383719394442673 0.7322850127548876 0.2638982978339686 0.22484596908418172
1 0.43483474978884507 0.7707250063014216 0.08197824069186463 0.1137987597182098
1 0.5252082926432262 0.3669068538171754 0.04426427012950493 0.05358543929180807
1 0.6167088441590967 0.47136385636815287 0.051163670995214454 0.06695755815721441
1 0.6773986112577394 0.33602448296251386 0.1864170614706518 0.17773326879867513
1 0.7002213783607758 0.8425069183518337 0.08525339047543715 0.11048481915091296
1 0.9167501567118855 0.2763045668575695 0.10887764155757396 0.12728723517983526
1 0.733096813854868 0.2957045023229113 0.05478792207735144 0.08364361758991758
1 0.6338991627736098 0.44126689253797036 0.3566911082224834 0.3853695737671677
1 0.6213803991369267 0.39467779693544974 0.06812125541068478 0.08372118865406368
1 0.46504217749243 0.47224622722281445 0.6983202476157838 0.4806809692362259
1 0.4366759671047939 0.7607153099184035 0.1292267428561386 0.14740359177605417
1 0.05077325714386142 0.3713563824100824 0.10154651428772284 0.15728723517983526
1 0.0017708129882797467 0.4366375775176119 0.0035416259765594935 0.13339151163144283
1 0.8270617307370833 0.1635045345902404 0.08513702337591592 0.10381815248424629
1 0.7806240129900371 0.4370802774990302 0.14536975757495876 0.11750055560623689