1 0.5541170688480683 0.31967498247398446 0.0866309965336984 0.1143030044557571
1 0.48530158965341286 0.7603913714406759 0.08310368301210834 0.10759755094419347
1 0.14134784101302122 0.391512686950981 0.13886176869865133 0.1915514737958779
1 0.7140914190198764 0.09161432471883192 0.11242475235320967 0.08461329921493264
1 0.5883924477514252 0.7484896483768233 0.5214091609741814 0.5030207032463534
1 0.41045208494699353 0.5929101810311732 0.06643701634544168 0.10740361671970883
1 0.66656747102947 0.6342107079991233 0.10132219118482927 0.16112481850201144
1 0.6021951020319847 0.19694284523655384 0.12074025062005887 0.14135753957139324
1 0.26834395270436107 0.7478702265223741 0.05300669291797997 0.10391513600678763
1 0.2454955698416696 0.7642653852747623 0.1748138345734511 0.28193934224484757
1 0.623859563155583 0.8269816320814508 0.08074025062005888 0.14089209743262965
1 0.6859648907888957 0.21291251635897757 0.09653400643956994 0.11108603165711457
1 0.5525501968848499 0.7811671083386149 0.08643701634544167 0.10763633778909025
1 0.7127391669207185 0.9613040299596564 0.06193980188256774 0.06736482987481168
1 0.6181321374496201 0.8019234518141053 0.06252174244733813 0.08736482987481167
1 0.4834716027790696 0.8120192512624456 0.11944370926342154 0.21131875272649628
0 0.4912151807859246 0.5000581802673455 0.9624303615718491 0.9998836394653091
1 0.8044208640445495 0.4475452089963587 0.15798885785149575 0.1617841948652597
1 0.560273135215901 0.0731634631869056 0.045758085686543 0.08383756231699366