0 0.5 0.49166666666666664 1 0.9833333333333333
1 0.2155534861272585 0.6628636476197776 0.21455853442403414 0.1615544709213335
1 0.5844559351112661 0.7492130099309624 0.16643701634544167 0.1104682921980742
1 0.5104871560137102 0.6010362385021477 0.237503907380854 0.14876422694962987
1 0.6046348848423586 0.22742996697251802 0.1529097028238516 0.1034912887533335
1 0.5441755841999087 0.022708479230740538 0.12498216493351587 0.045416958461481076
1 0.10931044997007362 0.7652687576498517 0.05106689103541224 0.0378304295844445
1 0.8128533930150795 0.16928641357903634 0.061551841506054264 0.05472984883466675
1 0.9473706480875059 0.8123842072978511 0.054788184745259136 0.051241347112296394
1 0.5647340804795554 0.854600930903555 0.051260871223668875 0.044497096251111166
1 0.2522558229268934 0.7752659706188886 0.17947937939638992 0.10077862897614825