0 0.485 0.5 0.97 1
1 0.6866431223292162 0.9690087465071898 0.025080634357432813 0.030135749362255715
1 0.45291994462843005 0.8054244184278556 0.10407703572289885 0.07058178298109548
1 0.4630498927509143 0.8603468473637096 0.032329734698799184 0.04017453489432872
1 0.6343775840661658 0.9509856974304409 0.02546892347389947 0.03680241602892238
1 0.5153318689356484 0.9066935333907736 0.021359011907632824 0.023449689929552733
1 0.5328244276002996 0.9782341470782031 0.042135590140566136 0.03689937985910471
1 0.6405095755721979 0.874309334380756 0.02919054592369927 0.04348847546162536
1 0.6014967362850481 0.8861990178568425 0.025080634357433004 0.030135749362255715
1 0.6842625186143793 0.7524293472876875 0.07423830443776448 0.13038785532073044
1 0.7082440373091475 0.8555881457266922 0.03291216837349907 0.05017453489432872
1 0.47581723033123163 0.8985929132498787 0.017831534016066256 0.020096963830182328
1 0.5897165594175809 0.8596099222543219 0.024692345240966158 0.023469082695589047
1 0.5478886240360487 0.9198329390637419 0.02116486734939978 0.02011635659621902
1 0.18664156707822996 0.8003091730441104 0.09857523640563187 0.09054299744902247
1 0.1777586759135644 0.8670049288598318 0.035663068032132705 0.04019392766036541
1 0.1474017073894793 0.7588849159529002 0.0756301921887651 0.09707391475343342
1 0.3849255866465119 0.7141843926139924 0.12090497110443114 0.13065935404524148
1 0.32272424481921064 0.6379055812680561 0.06190856973896511 0.09032967702262075
1 0.2896328145581758 0.548128598077476 0.09660091497993145 0.1138569380163193
1 0.25157581539149476 0.6866364663051381 0.07773290648596354 0.19038785532073044
1 0.5394864285140077 0.4633698964404586 0.12540317178716426 0.15067874681127819
1 0.6950868553613776 0.6524002581386327 0.07524190307229862 0.09040724808676676
1 0.7526436104617779 0.665394218066327 0.03957883504016574 0.050213320426401725
1 0.7970611767870779 0.6751324157248341 0.05996712415663239 0.05699634368928742
1 0.7592460806926954 0.7236693731015508 0.0325238792570326 0.043507868227662054
1 0.49336776442768715 0.22538563289578264 0.08676218369479709 0.1737793669521732
1 0.5031885025401515 0.08711158907303271 0.18695632825303052 0.17422317814606542
1 0.5285767916566181 0.07856382410082383 0.07171442518073187 0.08705452198739702
1 0.4712470569578187 0.11888380474042637 0.047410369056232186 0.07025210595847474
1 0.3741443426606202 0.21275043913976394 0.0924581275702974 0.15715148581757962
1 0.25280332392565724 0.43671403736928405 0.0756301921887651 0.09707391475343362
1 0.28775401016060587 0.35153950247495547 0.052523879257032606 0.04362422482388107
1 0.21524656882525706 0.42360372084537073 0.05779865817269875 0.07697695092325091
1 0.2187724914658375 0.24864250637744376 0.07423830443776448 0.13038785532073036
1 0.2193236045481559 0.35360372084537073 0.0262455017068325 0.05013574936225562
1 0.573932204929717 0.015057067085635686 0.045080634357433 0.030114134171271373
1 0.6169594387550027 0.16302082665180131 0.07741036905623218 0.07042664085280335
1 0.632882403032104 0.2329044700555822 0.02488648979919958 0.026802416028922284
1 0.1283379990862919 0.5140788436132654 0.025468923473899376 0.03680241602892238
1 0.1458947541866921 0.5273055167333979 0.0362455017068325 0.05019392766036523
1 0.16502110367464234 0.5421891601371788 0.049967124156632396 0.0569381653911779
1 0.18709249737945938 0.5637200774415898 0.03899640136546604 0.04021332042640173
1 0.18104114023086013 0.610406136874293 0.07074370238956552 0.07038785532073044
1 0.10375916404612603 0.5642048965925028 0.04368874660643229 0.06356604652577157
1 0.38505242426702374 0.4259480231108417 0.2112603843775301 0.19449689929552438
1 0.33480896594373905 0.34460133708377755 0.04291216837349916 0.05023271319243823
1 0.613074992339351 0.05807900494991087 0.07640677042169804 0.11040724808676688
1 0.6659558401204687 0.12274932792729008 0.03035541327309905 0.06348847546162545
1 0.5830960960139934 0.6014026419002259 0.1144324489959979 0.13395390184650183
1 0.7949882278312747 0.48187665345564673 0.0325238792570326 0.043507868227662054
1 0.4924823417469122 0.7268874610511389 0.02546892347389947 0.03680241602892238
1 0.4049522414859347 0.08428135644417498 0.043882891164665525 0.0668993798591049
1 0.4495310765261005 0.0340389468687185 0.042135590140566136 0.036899379859104874
1 0.354644586726901 0.06124861098440766 0.05640677042169822 0.11029089149054777
1 0.26474321425700387 0.23171403736928411 0.03271802381526584 0.04684120156099529