0 0.5383333333333333 0.49666666666666665 0.9033333333333333 0.9933333333333333
1 0.2633333333333333 0.5866666666666667 0.04 0.07666666666666666
1 0.3883333333333333 0.5733333333333334 0.03 0.04666666666666667
1 0.8133333333333334 0.40166666666666667 0.058333333333333334 0.06333333333333334
1 0.24333333333333335 0.765 0.03833333333333333 0.085
1 0.7066666666666667 0.7483333333333333 0.07333333333333333 0.09333333333333334
1 0.335 0.625 0.02666666666666667 0.035
1 0.52 0.9333333333333333 0.06833333333333333 0.12333333333333334
1 0.8916666666666667 0.375 0.06666666666666667 0.065
1 0.4633333333333333 0.43166666666666664 0.06666666666666667 0.05333333333333334
1 0.22333333333333333 0.5966666666666667 0.028333333333333332 0.056666666666666664
1 0.9366666666666666 0.485 0.045 0.055
1 0.22166666666666668 0.38 0.03666666666666667 0.04
1 0.53 0.5266666666666666 0.021666666666666667 0.095
1 0.21 0.19333333333333333 0.065 0.05333333333333334
1 0.12 0.35833333333333334 0.035 0.04666666666666667
1 0.32 0.33666666666666667 0.03166666666666667 0.035
1 0.96 0.3566666666666667 0.06833333333333333 0.105
1 0.9133333333333333 0.47 0.08833333333333333 0.085
1 0.4266666666666667 0.94 0.04833333333333333 0.095
1 0.8166666666666667 0.315 0.06833333333333333 0.055
1 0.5433333333333333 0.5866666666666667 0.03666666666666667 0.043333333333333335
1 0.43333333333333335 0.9333333333333333 0.02 0.03666666666666667
1 0.91 0.525 0.016666666666666666 0.025
1 0.9066666666666666 0.6533333333333333 0.03 0.045
1 0.45 0.48 0.028333333333333332 0.04
1 0.8416666666666667 0.5433333333333333 0.043333333333333335 0.04666666666666667
1 0.57 0.5533333333333333 0.058333333333333334 0.08333333333333333
1 0.5183333333333333 0.9166666666666666 0.03333333333333333 0.07333333333333333
1 0.7983333333333333 0.30666666666666664 0.03 0.03666666666666667
1 0.33666666666666667 0.9233333333333333 0.04 0.08
1 0.33166666666666667 0.6233333333333333 0.05 0.04666666666666667
1 0.4666666666666667 0.4266666666666667 0.03833333333333333 0.043333333333333335