0 0.5019015209530058 0.49953722297485387 0.9961969580939883 0.8124077792830411
1 0.624674547588761 0.3104767712935986 0.02081493755128823 0.02104815558566088
1 0.044354766843095014 0.4763101944820761 0.03720995836752548 0.015254951907044945
1 0.3793377518463756 0.7383427227490644 0.040814937551288226 0.02209631117132176
1 0.4457695642267031 0.6952572543334056 0.0374816042179549 0.021921618573711613
1 0.1736134124199873 0.3832978983864815 0.02054329170085879 0.014381488918994212
1 0.12241645432599893 0.4737488038592476 0.03067911462607351 0.018238900045157987
1 0.1798612669798636 0.5366312317198149 0.040814937551288226 0.02209631117132176
1 0.16860774075441418 0.46452783355912286 0.027209958367525454 0.014730874114214506
1 0.22126195946167398 0.45065624845421837 0.044419916735050906 0.028937670435598382
1 0.13397274630039488 0.5940981890544678 0.020950760476502902 0.024381488918994214
1 0.09718160003965978 0.42585928900930997 0.04054329170085881 0.015429644504654998
1 0.8991962572555877 0.843753408711969 0.1432597502051529 0.08733708909962577
1 0.3416892048046889 0.671508450474158 0.08108658340171758 0.030859289009309995
1 0.41833609490398477 0.4709631117132165 0.12870401054488714 0.05663831870918519
1 0.31286071466573334 0.45379362822183056 0.08816071884402846 0.041208674204530095
1 0.3697367873857952 0.3802714283121463 0.10870401054488714 0.055590163123524404
1 0.30710801691147926 0.5166902300611386 0.061086583401717576 0.029811133423649303
1 0.5405035900418468 0.6120773526295713 0.051358229252147114 0.03595372229748534
1 0.7250338814691685 0.5286141510612108 0.09509903136112446 0.048224726066417055