0 0.5 0.49666666666666665 1 0.9933333333333333
0 0.5868372025697998 0.8212772416718731 0.6785351282832979 0.3284465454529709
1 0.6945735648811984 0.32138584893878935 0.0883154982668494 0.061208674204530286
1 0.1250150304571643 0.5076629109003742 0.11938238930226149 0.09944757424968809
1 0.6444074400642019 0.7300614804779726 0.08527313521590107 0.07103398160691995
1 0.7809771166367403 0.7262324173092903 0.08232776225908121 0.08419262234264314
1 0.16432106934110127 0.020363559173960998 0.10469119465113076 0.040727118347921996
1 0.6017273875615753 0.9386497657183507 0.11498216493351605 0.06260621498541127
1 0.1078634133198557 0.5252030405550916 0.07812151807859247 0.05401792974503299
1 0.15831770380991753 0.5641619719588011 0.05096990094128387 0.03595372229748534
1 0.8222608330792816 0.9087867209427483 0.1017458216943108 0.06524077792830439
1 0.008907459136395755 0.5641265370119493 0.01781491827279151 0.0650802593094348