0 0.5 0.5 1 1
1 0.3380596025948263 0.7213186761174054 0.2054012965471735 0.1746802192543341
1 0.43438627348200376 0.37479350404152656 0.16067042243295912 0.1462478545598763
1 0.3057625532947738 0.2586276658460553 0.2266383187091852 0.135630979730837
1 0.6505217753664696 0.3443662586985116 0.1519074445949707 0.10597620870944685
1 0.44268417186848535 0.2164601707081932 0.07630310749270564 0.059654771021390045
1 0.056411714759621825 0.13595643214207606 0.11282342951924365 0.13475380238251455
1 0.36435792552452234 0.251250764654798 0.09787534087119695 0.09046970857267828
1 0.6245657506426235 0.776168748290393 0.2408309410518285 0.21603844850648102
1 0.30879611035847937 0.4863497960159225 0.23978278546616774 0.19603844850648103
1 0.43865915513408177 0.26152808217080054 0.07612841489509549 0.05632143768805681
1 0.46759682556968024 0.2171081654357496 0.12770064827358682 0.08835878156627729