0 0.5 0.5 1 1
1 0.43880071521120084 0.2756995703347026 0.057700648273586806 0.0848851748393875
1 0.6750896487251659 0.4023918868295613 0.07681301130679534 0.1320367919766962
1 0.5242232727264855 0.34974249430751475 0.048574111261637354 0.10126087122366907
1 0.08563728991246801 0.6814548514119259 0.06068459641169983 0.0783154982668492
1 0.07398479722454207 0.6178790428432716 0.09381488918994156 0.20242475235320967
1 0.078897450925737 0.6163578613177975 0.05314446675698247 0.061454851411925804
1 0.7023158281315147 0.255076949484576 0.03542964450465509 0.04096990094128387
1 0.3112061920678813 0.8893773791498734 0.02174692597610137 0.03391527389810373
1 0.5272001338752282 0.37479098935457894 0.039287055630818864 0.05106689103541224
1 0.8169403974051737 0.7593138536456449 0.162256829790191 0.1112252010907008
1 0.8586944103706454 0.7621928964889164 0.07506608533069387 0.09870345864336287
1 0.6885174153466745 0.37282834225313893 0.04647780009031578 0.061260871223669064