0 0.17 0.08333333333333333 0.17833333333333334 0.165
1 0.5433333333333333 0.3466666666666667 0.17833333333333334 0.19333333333333333
1 0.61 0.2633333333333333 0.035 0.06333333333333334
1 0.275 0.23166666666666666 0.07666666666666666 0.09666666666666666
1 0.2866666666666667 0.43666666666666665 0.028333333333333332 0.04666666666666667
1 0.7333333333333333 0.31166666666666665 0.02 0.02666666666666667
0 0.4266666666666667 0.5066666666666667 0.69 0.975
1 0.13833333333333334 0.125 0.04833333333333333 0.06
1 0.16 0.08 0.11 0.095
1 0.41833333333333333 0.8916666666666667 0.14333333333333334 0.21666666666666667
1 0.44333333333333336 0.6466666666666666 0.09166666666666666 0.37833333333333335
1 0.5366666666666666 0.555 0.09833333333333333 0.18666666666666668
1 0.565 0.725 0.09333333333333334 0.19
1 0.5483333333333333 0.9483333333333334 0.03666666666666667 0.08166666666666667
1 0.22333333333333333 0.675 0.12 0.375
1 0.3466666666666667 0.43 0.10333333333333333 0.12333333333333334
1 0.3983333333333333 0.34 0.06666666666666667 0.085
1 0.6583333333333333 0.3933333333333333 0.065 0.12333333333333334