1 0.8087519969158534 0.8328421514368237 0.045778145987198024 0.06025210595847474
1 0.34315213708353354 0.6518423127734692 0.038704010544887146 0.050213320426401725
1 0.6340604343303731 0.7985003942695914 0.05979059394660491 0.07699634368928741
1 0.39784937133458703 0.6038386564627567 0.03951894809617537 0.07021332042640173
1 0.3184521412618286 0.2501271641917112 0.038704010544887146 0.050213320426401725
1 0.6983813197042995 0.7822118865406369 0.042444812653864496 0.06023271319243823
1 0.31774757840281115 0.11015625334076601 0.028296541769243126 0.040155142128292166
1 0.6300706730332588 0.4552252392343677 0.031494052177361787 0.036841201560995386
1 0.6760609866445033 0.8887234110790115 0.039247302245746025 0.06354665375973506
1 0.24638934915066416 0.0764156719206658 0.03176569802779113 0.043507868227662005
1 0.27570732442966883 0.591464153835757 0.038704010544887146 0.050213320426401725
0 0.06648838051178857 0.1186920995050089 0.13107524007057134 0.19071753234335115
1 0.0329824326891503 0.15515514212829215 0.05727219816455969 0.09697695092325095
1 0.27528575075222717 0.2948653618502182 0.05870401054488714 0.05032967702262084
1 0.33032821398189055 0.1735477649722089 0.04203734387822048 0.05023271319243823
1 0.27424163058017287 0.14656111766593966 0.052444812653864685 0.06029089149054774
1 0.45434909517752187 0.5591780298683957 0.057000552314130266 0.09031028425658444
1 0.6633020649105459 0.9436361436318471 0.039247302245746025 0.06354665375973506
1 0.6158883721551984 0.9250313115740024 0.02496320843590979 0.04013574936225572
1 0.27732309463044763 0.34486536185021827 0.03230898972864992 0.05684120156099529
1 0.3371900332758843 0.7917744380923413 0.06645726061327148 0.07703512922136042
1 0.4908318040237373 0.7593428683797061 0.029111479320531163 0.06015514212829222
1 0.2919099541892304 0.41659990319801277 0.048975656395316584 0.0569381653911779
1 0.3441199125567559 0.4302338244049121 0.03176569802779113 0.043507868227662054
1 0.9425692922479331 0.23209664115689166 0.032852281429508516 0.07017453489432862
1 0.04185905772334245 0.16853695737671676 0.03258063557907934 0.06350786822766195
1 0.6444905897683098 0.4819694769651805 0.06407468775644096 0.10034906978865744
1 0.9451188079284952 0.25377300420657656 0.024419916735050718 0.026802416028922284
1 0.30940566330898295 0.723295659013734 0.03203734387822048 0.05017453489432872
1 0.22614315153317865 0.1929368928420586 0.03258063557907936 0.06350786822766195
1 0.305885610584547 0.4733344445458072 0.039111479320531356 0.06021332042640173
1 0.9325466055856405 0.5586275584613027 0.0384323646944578 0.04354665375973506
1 0.5095046946701074 0.7677828619262402 0.025234854286339137 0.04680241602892238
1 0.399623651122873 0.033984102208030546 0.02203734387822048 0.0501163565962191
1 0.8280304190601164 0.9379294188839881 0.03258063557907917 0.06350786822766205
1 0.27117994309726895 0.15320839156656982 0.035099031361124466 0.04352726099369851
1 0.7091170024618342 0.96389794597334 0.02856818761967247 0.046821808794958696
1 0.3466467415750255 0.7784992830571177 0.03856818761967247 0.04687998709306839
0 0.585 0.5004945155339312 0.83 0.9990109689321376
0 0.10947924643716343 0.6421514858175796 0.169100135989385 0.22426418610308627
1 0.0948188037502002 0.6503975517037486 0.027889072993598985 0.030155142128292026
1 0.07978201218610996 0.6903005878735661 0.014148270884621563 0.020077571064146014