1 0.5483333333333333 0.8216666666666667 0.023333333333333334 0.03333333333333333
1 0.23666666666666666 0.7566666666666667 0.035 0.035
1 0.6666666666666666 0.5166666666666667 0.03 0.043333333333333335
1 0.7316666666666667 0.6933333333333334 0.02 0.03666666666666667
1 0.23333333333333334 0.6633333333333333 0.041666666666666664 0.06333333333333334
1 0.6783333333333333 0.7566666666666667 0.016666666666666666 0.02666666666666667
1 0.7466666666666667 0.10666666666666667 0.03833333333333333 0.06
1 0.22333333333333333 0.68 0.02 0.03
1 0.5333333333333333 0.5666666666666667 0.03166666666666667 0.09
1 0.6016666666666667 0.9783333333333334 0.016666666666666666 0.03333333333333333
1 0.135 0.4816666666666667 0.06 0.07166666666666667
1 0.17 0.5133333333333333 0.03666666666666667 0.035
1 0.63 0.6333333333333333 0.021666666666666667 0.04
1 0.12666666666666668 0.6266666666666667 0.021666666666666667 0.043333333333333335
1 0.46 0.9633333333333334 0.12 0.07333333333333333
1 0.46 0.8866666666666667 0.028333333333333332 0.05333333333333334
1 0.44333333333333336 0.17833333333333334 0.03833333333333333 0.06333333333333334
1 0.15833333333333333 0.6233333333333333 0.02 0.03
1 0.38333333333333336 0.15666666666666668 0.03166666666666667 0.043333333333333335
0 0.4683333333333333 0.5 0.75 1
1 0.23833333333333334 0.5583333333333333 0.041666666666666664 0.07166666666666667
1 0.36833333333333335 0.725 0.04666666666666667 0.07
1 0.725 0.25666666666666665 0.07666666666666666 0.06666666666666667
1 0.735 0.43666666666666665 0.08333333333333333 0.058333333333333334
1 0.7983333333333333 0.6733333333333333 0.041666666666666664 0.06833333333333333
1 0.37 0.43833333333333335 0.05 0.07166666666666667
1 0.45666666666666667 0.3383333333333333 0.06666666666666667 0.06333333333333334
1 0.515 0.37333333333333335 0.043333333333333335 0.12
1 0.22166666666666668 0.43666666666666665 0.041666666666666664 0.05
1 0.26666666666666666 0.045 0.07333333333333333 0.09
1 0.5216666666666666 0.135 0.043333333333333335 0.06666666666666667
1 0.6416666666666667 0.11333333333333333 0.08166666666666667 0.115