1 0.47892308865981154 0.2902539050055452 0.09006131996116021 0.11969313335595151
1 0.5398294640968669 0.8353491370450833 0.04880044873749114 0.07496296924294825
1 0.8215853060959541 0.541888780559143 0.09132219118482927 0.16302646668928483
1 0.8096148442328062 0.4171797869715743 0.07556410549828607 0.07922752309606143
1 0.7237162835574588 0.15991524724842787 0.03096990094128387 0.03438095641808578
1 0.3249799593904476 0.6760158319716836 0.020969900941283866 0.0340317487231683
1 0.38031942471989694 0.6857618563163042 0.014206244180488834 0.030465610259889975
1 0.338057992574364 0.5521004858134878 0.027539577513822168 0.03093122051977995
1 0.063573603025586 0.6367618987062047 0.01744258741969375 0.027248679491529135
1 0.7751583100552886 0.09305280620886801 0.03106689103541233 0.03771428975141911
1 0.5644615443299058 0.1337777024179546 0.02135786131779734 0.04736508205650163
1 0.3954649098610895 0.6902380447739279 0.01067893065889867 0.023682541028250816
0 0.4745485141192579 0.5 0.9490970282385158 1