0 0.5466666666666666 0.49809847904699417 0.9066666666666666 0.9961969580939883
1 0.5223471686777421 0.31602158203403197 0.0745023223596157 0.09951894809617537
1 0.7437536317593518 0.4806622481536243 0.060703231540804835 0.08897565639531649
1 0.8200594920304388 0.2905320968939828 0.049771716569849786 0.06856818761967247
1 0.34911903346752027 0.7555659783631514 0.06705939321715325 0.08258063557907937
1 0.4301463089031957 0.45169502499453246 0.03535161577040242 0.044691562585480446
1 0.4848220179751113 0.22737981128617898 0.04279454491286496 0.061629875102576455
1 0.600826810914271 0.7820459256387153 0.044502322359615695 0.09829654176924313
1 0.7956942879488413 0.5202915709420705 0.06752515070263068 0.09258063557907917
1 0.7755893368589437 0.6981127324730622 0.0921005039972374 0.12019806272224894
1 0.518968129251736 0.2076203372380913 0.028374444113417403 0.037753250068384245
1 0.8457124221659821 0.1959763572337172 0.14876717066390407 0.12250705245089885
0 0.2602055539004206 0.18333333333333332 0.5204111078008412 0.36666666666666664
1 0.3456347959184026 0.21468312934925582 0.048840201598894926 0.04856818761967247
1 0.32233797805256476 0.18056597836315136 0.02139727245643248 0.030814937551288227
1 0.8073014625850693 0.1958716542070196 0.06372605988381982 0.0824448126538646
1 0.8726714596058264 0.5238343103287991 0.014420100799447558 0.023876625034192026
1 0.5943016108049975 0.570243436046834 0.042173534932228446 0.048296541769243126
1 0.8992467140871474 0.3056735914847707 0.06372605988381982 0.08244481265386469
1 0.16938818064454067 0.12334467666447961 0.028374444113417496 0.037753250068384286
1 0.6880733767814903 0.7551132847871924 0.06054797904564566 0.08564232306198334
1 0.8484385314564449 0.39791466975081324 0.028374444113417403 0.037753250068384245
1 0.7553380768658503 0.4067177116568249 0.08116898902628236 0.09979059394660482
1 0.6612146951189551 0.17844661812052579 0.07326030239834248 0.07285228142950871
1 0.8210916098119166 0.6712112115200563 0.03930595908437245 0.05816071884402845
1 0.5967399446348715 0.5150397016590119 0.08481282734993405 0.10659308353848625
1 0.5813791382392917 0.3286446808427747 0.060392726550486484 0.08230898972864992
1 0.7226533253886857 0.8522242117935934 0.07876717066390408 0.11965477102139023
1 0.6810686332489733 0.317903326419667 0.045662120760720765 0.05176569802779113
1 0.6835069670788472 0.26269959203184495 0.11465757485477487 0.10448215653208516
1 0.5964340349571418 0.5801755245842266 0.083881312378979 0.08659308353848626
1 0.9155893368589437 0.6924081696140447 0.0814794940166007 0.10645726061327157
1 0.888219438651472 0.6066922634238809 0.09178999900691906 0.11353139605558227
1 0.7381098922489857 0.7180080294463645 0.09465757485477487 0.10366721898079694
1 0.46943848204980215 0.2914601707081932 0.029771716569849786 0.06775325006838424
1 0.8049910564080366 0.433081612574545 0.0921005039972374 0.12019806272224894
1 0.72064398654358 0.3430080294463646 0.060703231540804835 0.08897565639531659
1 0.8595115129847932 0.20543306553285837 0.05279454491286515 0.062037343878220526