0 0.5 0.49833333333333335 0.995 0.9966666666666667
1 0.4666666666666667 0.295 0.11333333333333333 0.155
1 0.07333333333333333 0.06666666666666667 0.14666666666666667 0.13333333333333333
1 0.2733333333333333 0.5416666666666666 0.13 0.17666666666666667
1 0.67 0.195 0.043333333333333335 0.11
1 0.5 0.5533333333333333 0.015 0.03333333333333333
1 0.7 0.125 0.215 0.25
1 0.57 0.5066666666666667 0.023333333333333334 0.04
1 0.5233333333333333 0.5416666666666666 0.016666666666666666 0.02666666666666667
1 0.685 0.09 0.07333333333333333 0.125
1 0.615 0.11833333333333333 0.043333333333333335 0.08333333333333333
1 0.8566666666666667 0.4216666666666667 0.021666666666666667 0.02666666666666667
1 0.8183333333333334 0.435 0.016666666666666666 0.055
1 0.7966666666666666 0.07333333333333333 0.016666666666666666 0.035
1 0.8266666666666667 0.3616666666666667 0.025 0.03666666666666667
1 0.31 0.8833333333333333 0.02 0.03
1 0.3933333333333333 0.8433333333333334 0.015 0.03
1 0.8033333333333333 0.011666666666666667 0.065 0.023333333333333334
1 0.8533333333333334 0.8216666666666667 0.02666666666666667 0.043333333333333335
1 0.47333333333333333 0.32666666666666666 0.06833333333333333 0.08666666666666667
1 0.6266666666666667 0.09333333333333334 0.06833333333333333 0.13333333333333333
1 0.47 0.9716666666666667 0.03166666666666667 0.05333333333333334
1 0.36333333333333334 0.42333333333333334 0.32166666666666666 0.415
1 0.41333333333333333 0.9166666666666666 0.015 0.04
1 0.815 0.006666666666666667 0.03 0.013333333333333334