0 0.5229598945511281 0.5005042289836603 0.9540802108977439 0.9989915420326793
1 0.7344001401676802 0.18696340632290445 0.5111997196646397 0.3624459065563121
1 0.8880419109155332 0.22210032794394594 0.038160718844028454 0.0370933219605331
1 0.9171222703375475 0.20409668279223664 0.04564232306198316 0.057170895650326986
1 0.9035852026163919 0.20894153541264884 0.07258063557907918 0.06414785707616924
1 0.30221286846244716 0.5220956572883374 0.3644254398763538 0.9304677774665676
1 0.4501189564527656 0.738918638998494 0.10297676102357703 0.23775269832378135
1 0.2221195087668959 0.646222953278156 0.15998865666885365 0.16511752819859302
1 0.3596011129848508 0.627813213918931 0.08475380238251451 0.11759755094419347
1 0.3638625201323944 0.2776968533842401 0.06461797945729984 0.11403149654147834
1 0.32781839996034023 0.4256811051135008 0.13148270884621543 0.20143511326118718
1 0.3597991757070996 0.5411077604073673 0.10475380238251451 0.11783027201357527
1 0.1946520094507387 0.37911023789517445 0.07366721898079694 0.09081452374283591
1 0.547903326419667 0.6716907307447237 0.04618561476284204 0.07050422898366036
1 0.6249463419634607 0.7042688882664686 0.14175435469664477 0.20821814046254455
1 0.6364715140393394 0.6260325220453776 0.06767966694020383 0.10740361671970865
1 0.4966243519612736 0.8661865017610634 0.05074135442310762 0.10054301582855714
1 0.9600340299934389 0.501403332399703 0.043259750205152915 0.0804654421387634
1 0.7935710977145942 0.49446399015485554 0.07366721898079694 0.09081452374283591
1 0.8477504884977329 0.43339851958409153 0.06672890646370093 0.0840702833863753
1 0.7994482750629167 0.3911500502439707 0.10046970857267827 0.09445815183534478
1 0.6296576811163118 0.4658773746657899 0.12767966694020363 0.10810177992785384