1 0.45155019345186 0.514657730061231 0.31089950005654526 0.22549276523234993
1 0.019507908920858383 0.4442240792469729 0.03901581784171677 0.07155184150605426
1 0.3914919921693737 0.5180702184222084 0.1754709205537071 0.16161316146721447
0 0.5 0.5 1 1
1 0.2910740332541698 0.2945557298147144 0.10612699489267319 0.08300669291798006
1 0.442105796107305 0.16528816567306537 0.09554498206781072 0.06604905596892816
1 0.8288094935310234 0.20065548637377503 0.05507937180792055 0.05155184150605417
1 0.6305767025310453 0.10819005373520904 0.1200423410508688 0.1000613199611602
1 0.1273491511750501 0.40587792099954356 0.037830692316391606 0.034400224368745666
1 0.11732798064961561 0.45445372956819785 0.0579470948813641 0.038315498266849206
1 0.4575819563049951 0.38960923501416667 0.08531217693786573 0.059091419019876336
1 0.6771163460451052 0.3965412221350265 0.10899471796611654 0.069770349678775
1 0.16959252037276207 0.5311867263484129 0.07209524616950488 0.0620367919766962