1 0.6649880811920339 0.5827767624018382 0.053507868227662056 0.030620589518351077
1 0.31980384991468713 0.6104289906216707 0.14370179588802717 0.0650011676639023
1 0.6352412983629826 0.25240828737531723 0.13717087858361612 0.08825692730744161
1 0.569019554102682 0.4616519438998267 0.04348847546162536 0.027170895650327036
1 0.5317614080719015 0.5628919552726269 0.8947490052539993 0.2537282077657157
1 0.7165480876454998 0.6017112918310743 0.16060117574713198 0.10519510188838695
1 0.10296264835369176 0.637907845703369 0.04019392766036518 0.03379877547209673
1 0.5936328099944255 0.2419234518141054 0.05019392766036503 0.03391513600678763
0 0.4996606265943609 0.5583333333333333 0.9993212531887218 0.8833333333333333
1 0.15692513537073804 0.816881161977502 0.1272484496477622 0.10147390010608395
1 0.19081227374858603 0.43558297033735643 0.16093085276975289 0.1618617685550536
1 0.3413649675806268 0.342328378357719 0.19746177007416388 0.13895509051558672
1 0.8938062336762804 0.502100327943946 0.17732602071190817 0.11538903611287159
1 0.3014791017518981 0.895235056397186 0.09034906978865725 0.06104724481221789