1 0.7966666666666666 0.425 0.07666666666666666 0.18
1 0.35 0.7633333333333333 0.065 0.09666666666666666
1 0.44666666666666666 0.30333333333333334 0.023333333333333334 0.043333333333333335
1 0.44333333333333336 0.8316666666666667 0.06333333333333334 0.13666666666666666
1 0.4666666666666667 0.205 0.02 0.045
1 0.5433333333333333 0.16666666666666666 0.018333333333333333 0.04
1 0.6966666666666667 0.06 0.018333333333333333 0.035
1 0.7033333333333334 0.31333333333333335 0.115 0.125
1 0.6233333333333333 0.56 0.07166666666666667 0.105
1 0.5966666666666667 0.17666666666666667 0.018333333333333333 0.04
1 0.43 0.38333333333333336 0.016666666666666666 0.035
1 0.055 0.8566666666666667 0.10666666666666667 0.11333333333333333
1 0.53 0.023333333333333334 0.021666666666666667 0.04666666666666667
1 0.52 0.09666666666666666 0.015 0.023333333333333334
1 0.51 0.205 0.016666666666666666 0.025
1 0.48 0.06166666666666667 0.013333333333333334 0.023333333333333334
1 0.52 0.14333333333333334 0.015 0.023333333333333334
1 0.515 0.3233333333333333 0.016666666666666666 0.025
1 0.7366666666666667 0.38166666666666665 0.19833333333333333 0.26666666666666666
1 0.59 0.2733333333333333 0.018333333333333333 0.016666666666666666
1 0.6266666666666667 0.08833333333333333 0.018333333333333333 0.02666666666666667
1 0.45 0.5733333333333334 0.015 0.02666666666666667
1 0.47333333333333333 0.37666666666666665 0.015 0.023333333333333334
1 0.61 0.12666666666666668 0.011666666666666667 0.016666666666666666
1 0.6033333333333334 0.3233333333333333 0.015 0.025
1 0.5866666666666667 0.145 0.011666666666666667 0.015
1 0.48 0.016666666666666666 0.015 0.03333333333333333
0 0.49333333333333335 0.49666666666666665 0.9866666666666667 0.9933333333333333