0 0.5566666666666666 0.49833333333333335 0.88 0.9966666666666667
1 0.7166666666666667 0.8083333333333333 0.4483333333333333 0.38166666666666665
1 0.8533333333333334 0.7333333333333333 0.03166666666666667 0.03333333333333333
1 0.88 0.75 0.035 0.05
1 0.87 0.7466666666666667 0.06166666666666667 0.056666666666666664
1 0.31 0.48 0.26 0.845
1 0.44333333333333336 0.2733333333333333 0.075 0.21833333333333332
1 0.235 0.36666666666666664 0.135 0.145
1 0.3616666666666667 0.38 0.065 0.10333333333333333
1 0.36833333333333335 0.7033333333333334 0.04833333333333333 0.10166666666666667
1 0.335 0.5683333333333334 0.10666666666666667 0.17833333333333334
1 0.3616666666666667 0.46 0.08666666666666667 0.10666666666666667
1 0.21 0.6166666666666667 0.06 0.08166666666666667
1 0.535 0.33166666666666667 0.03833333333333333 0.06333333333333334
1 0.6066666666666667 0.29833333333333334 0.11333333333333333 0.18666666666666668
1 0.6183333333333333 0.37 0.05333333333333334 0.095
1 0.4866666666666667 0.15333333333333332 0.035 0.09
1 0.9266666666666666 0.475 0.04 0.06833333333333333
1 0.765 0.485 0.06166666666666667 0.08
1 0.815 0.54 0.05333333333333334 0.07166666666666667
1 0.77 0.5816666666666667 0.08666666666666667 0.08333333333333333
1 0.6116666666666667 0.5183333333333333 0.10833333333333334 0.09333333333333334