1 0.8683333333333333 0.145 0.09 0.105
1 0.2966666666666667 0.5983333333333334 0.075 0.08666666666666667
1 0.9366666666666666 0.205 0.056666666666666664 0.1
1 0.51 0.5466666666666666 0.14833333333333334 0.14666666666666667
1 0.7916666666666666 0.7133333333333334 0.14 0.13333333333333333
1 0.86 0.2833333333333333 0.04 0.045
1 0.8266666666666667 0.6966666666666667 0.03666666666666667 0.065
1 0.48 0.5166666666666667 0.07 0.085
1 0.775 0.7233333333333334 0.04 0.07
1 0.43333333333333335 0.18166666666666667 0.018333333333333333 0.02666666666666667
1 0.6466666666666666 0.6266666666666667 0.42833333333333334 0.31
1 0.74 0.7133333333333334 0.035 0.045
1 0.76 0.7183333333333334 0.07166666666666667 0.08333333333333333
1 0.5716666666666667 0.5966666666666667 0.02666666666666667 0.035
1 0.7833333333333333 0.7133333333333334 0.025 0.04666666666666667
0 0.5 0.49833333333333335 0.9983333333333333 0.9966666666666667