1 0.2123121327356655 0.49597083878632586 0.17634002625131331 0.1053502492679748
1 0.20530099058716136 0.33583508482918656 0.1660490559689281 0.09523388873328381
1 0.6575467932092786 0.7795791830256442 0.14595206587479972 0.09166783433056878
1 0.8308494665620317 0.8399488257160674 0.13556410549828607 0.07821814046254474
1 0.2870596371955683 0.16172718226181637 0.17711594700434044 0.13201691593464132
1 0.6388611696323999 0.9060713088902745 0.11928539920813307 0.09135753957139287
1 0.9045172550724264 0.6574106227031216 0.15876477860452307 0.18845086153192633
1 0.9187591693858834 0.7409378902609396 0.118024527984464 0.04802420623805991
1 0.918909664679464 0.9076627371949517 0.1129097028238516 0.10127996588159931
1 0.5827179281786632 0.543628905325669 0.1363400262513134 0.10488480712921122
1 0.929910225601328 0.8160930376405273 0.09556410549828608 0.07775269832378133
1 0.8466125624009629 0.9284954866963339 0.1191884091140048 0.08802420623805991
0 0.5 0.5 1 1
1 0.6460334264455124 0.4876797952895959 0.23986733977290348 0.11275386598768326
1 0.8604999809278062 0.5085148801187824 0.15426756414164894 0.1484120746870292
1 0.6786778088151707 0.16795130320387452 0.22258306240849834 0.205854478251635
1 0.5220239670626001 0.051089534648820975 0.16261873254146642 0.09186176855505354