1 0.8094921193390753 0.39186786255037986 0.08566138463278321 0.06909141901987634
1 0.8301535039718585 0.4580010836993404 0.06841270514125407 0.051939801882567735
0 0.5 0.5 1 1
1 0.9294735686356322 0.38827922906762957 0.14105286272873552 0.13083724071418723
1 0.7236349603333989 0.2742441198565253 0.1500423410508688 0.1009342308083157
1 0.22986249755942728 0.46712596730911665 0.17729102054239812 0.11837681822800941
1 0.2864286218927387 0.36704681228147235 0.05806349744633659 0.04164883160018254
1 0.3320846962317048 0.2889737892499441 0.07887831540114405 0.06556410549828627
1 0.30642331159892156 0.2229860532421761 0.16670900771753566 0.10141918127895763
1 0.15233867188708422 0.34925974937994114 0.09899471796611654 0.0694793793963898
1 0.17121167699441103 0.2686293137681066 0.14360847951414726 0.10740691728672554
1 0.04588363982492804 0.3106482706783186 0.07244445386442233 0.0720367919766961
1 0.044645552661099576 0.370745260772447 0.0616296359096149 0.04841248836097767
1 0.10788365395489488 0.4139509440310719 0.07566138463278321 0.06880044873749114
1 0.046857201395576926 0.43407859410578037 0.04817990001130906 0.044691194651130674