1 0.13666666666666666 0.49 0.03666666666666667 0.045
1 0.42333333333333334 0.885 0.043333333333333335 0.07
1 0.36 0.4116666666666667 0.02666666666666667 0.03666666666666667
1 0.6183333333333333 0.17333333333333334 0.03 0.03666666666666667
1 0.6883333333333334 0.4866666666666667 0.11 0.15
1 0.4166666666666667 0.3383333333333333 0.03166666666666667 0.03666666666666667
1 0.31833333333333336 0.6366666666666667 0.14666666666666667 0.365
1 0.325 0.5416666666666666 0.13333333333333333 0.17333333333333334
1 0.058333333333333334 0.056666666666666664 0.056666666666666664 0.11333333333333333
1 0.03 0.22166666666666668 0.03666666666666667 0.03333333333333333
1 0.595 0.5433333333333333 0.03333333333333333 0.03
0 0.49833333333333335 0.49833333333333335 0.9966666666666667 0.9966666666666667