1 0.8718675947303706 0.3767124594949764 0.18310336778074088 0.13542782295776856
1 0.3452023215791855 0.4422314112454767 0.08124134711229639 0.05426421761086014
1 0.2260127750751854 0.26089326509653193 0.2000803712254816 0.1489550905155866
1 0.7511001138780746 0.7718664392106621 0.10232752583555565 0.1011636053469086
1 0.5071377458957039 0.312484693401209 0.1838792097259261 0.1687611562911019
1 0.5620975602829632 0.23981073643112383 0.05093101033422234 0.0405818026734543
1 0.19500557406192617 0.2888581234033443 0.12550569077985188 0.09476844659452051
1 0.5440787442741485 0.4678725618501785 0.11938211347481494 0.11802420623805991
0 0.5317442508611853 0.46118650176106335 0.9365114982776296 0.9075657700827093
1 0.3353921015190372 0.2355065643114646 0.044109175278518556 0.033837562316993704
1 0.7141951205659264 0.4748506909399229 0.05418675947303711 0.03728725618501774
1 0.8673732855102226 0.4699682191385159 0.14480743302918503 0.0650011676639023
1 0.8075284538992596 0.47593672259703745 0.03744250861185189 0.03375998862719977
1 0.9009033663608155 0.6219839674092551 0.07480743302918502 0.06418664392106621
1 0.620478046806445 0.6720398123487962 0.2095400688948151 0.26903266420538063
1 0.5509435519735562 0.6912252886059603 0.07829593475155566 0.07089209743262984
1 0.586294074364371 0.7782798237215964 0.12829593475155548 0.07147390010608395
1 0.5584248526826673 0.7263028622957542 0.08821835055703711 0.06767512463398741
1 0.6721045278603708 0.599327068533814 0.06767526119540737 0.04410907023127227
1 0.36640766362518573 0.6374253454699614 0.09147409969585188 0.06438057814555084
1 0.3861375124598524 0.6976386731168946 0.10527293819629638 0.08453572552513872
1 0.42710731489133397 0.7397707819223247 0.043798838500444505 0.020504228983660368
1 0.29547665329096345 0.5966108217271255 0.057752845389925936 0.0473260430299149
1 0.32977839554029675 0.5670180835985434 0.06480743302918522 0.06407028338637531
1 0.4153588834837041 0.5213598748991974 0.05426434366755558 0.040620589518351076
1 0.42237189199474107 0.393142902100555 0.030543089361629635 0.02368241493740584
1 0.18923251914770403 0.3987611562911019 0.057985597973481524 0.05732604302991481
1 0.21248966180200038 0.4673466041162654 0.07767526119540748 0.04422543076596317
1 0.13516352948192628 0.4381211733503022 0.017364924417333328 0.03019393422448483
1 0.7148102200601484 0.2149282646297168 0.16938211347481494 0.11860600891151411
1 0.6144222990875556 0.19709799261614167 0.057675261195407376 0.04399270969658147
1 0.517521486321852 0.11432590086991193 0.07472984883466666 0.06085331058773287
1 0.43686480769940755 0.2283562297474882 0.04759767700088901 0.040543015828557336
1 0.3844998832820742 0.1977550336515855 0.05457468044562972 0.0539539228516845
1 0.4729883850044447 0.20544955170802132 0.05418675947303692 0.03728725618501784
1 0.39783461013088917 0.2695574542753915 0.07480743302918522 0.06418664392106621
1 0.2524868747710373 0.32451749976659244 0.11868385572414827 0.08802420623805991
1 0.9648531927038522 0.43444576439630916 0.04728734022281477 0.027209682495224
1 0.962877582774593 0.4927403108847456 0.04418675947303692 0.03717089565032704
1 0.862025550150371 0.5265573121153886 0.0714740996958517 0.06414785707616924
1 0.9686160261380006 0.5961124310629758 0.044109175278518556 0.033837562316993704