1 0.4396002857105196 0.5575056779191336 0.21236865454321788 0.33027404675183164
1 0.5144548268361179 0.5504814744554165 0.02058183549760732 0.033682434631897615
1 0.4625929532437747 0.442942054542339 0.030640019047367937 0.037190318614513176
1 0.8934657064901856 0.5004477324614726 0.03093093679617141 0.053856985281179846
1 0.49143306752798255 0.6633784311655444 0.013740618181658419 0.023566067532376184
1 0.9297541800834074 0.47942108484217383 0.023798801731419038 0.027073951514991753
1 0.2366742372255114 0.5772898147170626 0.013682434631897611 0.020232734199042854
1 0.3956935523780651 0.4284450502137912 0.02403153593046208 0.040407284848325085
1 0.9694632623346039 0.46345262077263594 0.017248502164273607 0.03362425108213699
1 0.9146424632029497 0.09094229263443875 0.010232734199042852 0.01350788398261552
1 0.9352158632020708 0.47626230215812276 0.12956827359585835 0.10905219220685637
1 0.49826206406602297 0.48188631514815994 0.013798801731419038 0.02689940086570952
1 0.3665081220747152 0.47458806493261135 0.017132135064752467 0.026957584415470137
1 0.39137488397822184 0.6582995913393894 0.023915168830940654 0.03374061818165842
1 0.9985782883102846 0.4406720311620294 0.0028434233794306842 0.02678303376618828
0 0.5 0.5 1 1