0 0.5 0.49833333333333335 0.995 0.9966666666666667
1 0.3333333333333333 0.4166666666666667 0.055 0.115
1 0.2833333333333333 0.20166666666666666 0.04666666666666667 0.056666666666666664
1 0.73 0.575 0.07833333333333334 0.13
1 0.4766666666666667 0.7616666666666667 0.041666666666666664 0.055
1 0.7116666666666667 0.6333333333333333 0.01 0.015
1 0.4533333333333333 0.7916666666666666 0.016666666666666666 0.02666666666666667
1 0.8816666666666667 0.5666666666666667 0.01 0.015
1 0.7266666666666667 0.45666666666666667 0.008333333333333333 0.013333333333333334
1 0.2733333333333333 0.125 0.008333333333333333 0.015
1 0.74 0.48333333333333334 0.03166666666666667 0.06666666666666667
1 0.7433333333333333 0.5516666666666666 0.04666666666666667 0.07666666666666666