0 0.59 0.5036672189807969 0.82 0.9926655620384062
1 0.6495384938144817 0.8688001318110901 0.1513221911848291 0.16597620870944715
1 0.6580273325937839 0.5312138245664374 0.07692196681608361 0.1263214376880569
1 0.4894487194158097 0.05823139187728716 0.02821850817272093 0.054419916735050956
1 0.5904136102047056 0.2671023452459062 0.03135786131779734 0.047889072993598916
1 0.5758707053040871 0.6826824285108551 0.028024527984464007 0.047753250068384434
1 0.6329253323472674 0.6983247515728386 0.052618732541466595 0.09203734387822048
1 0.5222285666218847 0.7271080169114793 0.045370125310029534 0.07176569802779113
1 0.47180994626479095 0.6534719178291994 0.038315498266849206 0.05816071884402845
1 0.43447216370093344 0.9149716416721344 0.19455853442403415 0.16440857340390494
1 0.5273534120872734 0.33112046487088614 0.03252174244733813 0.08788907299359891
1 0.6973712471537574 0.2814486788527766 0.017539577513822072 0.030679114626073554
1 0.5330195178320759 0.23979335551725625 0.03096990094128387 0.03455573966026558
1 0.5055947654788663 0.15544135024481265 0.0243032342746172 0.034284093809836234
1 0.4114961307635336 0.868698338879314 0.2540379138204241 0.2626033222413719
1 0.5134766129314576 0.6551697043943832 0.031163881129540605 0.041222406326932436
1 0.46625866568060076 0.6915336053121034 0.04440022436874566 0.0384323646944578
1 0.7024147320484334 0.4547820121861099 0.031163881129540605 0.041222406326932436
1 0.5571365866801443 0.5537378920140558 0.02527313521590107 0.06761742714316957
1 0.5972564219931449 0.3306394129670615 0.017248607231437063 0.020679114626073556
1 0.5319119465113075 0.4877871315375528 0.503823893022615 0.9527560116390356
1 0.6461538608247644 0.409207600586734 0.024497214462874128 0.0409507604765029
1 0.6714041508217933 0.7048867152128075 0.03909141901987634 0.08482738551069512
1 0.7196354839086102 0.8749857465739319 0.291516171373086 0.17834743823513086
1 0.5299108246675795 0.30458962112943416 0.0243032342746172 0.034284093809836234
1 0.5825780522561101 0.39829363167432136 0.3046711540415784 0.7448782819765829
1 0.6043417090169052 0.4025098140215502 0.0243032342746172 0.034284093809836234