1 0.20585123203037525 0.6284762167175575 0.25676616276921616 0.2055132616045762
1 0.39891430389129934 0.7151693642034758 0.192327341990429 0.1399682795367653
1 0.28795427532024737 0.6563280795593835 0.43769709956538766 0.265132333446424
0 0.502007332466745 0.615 0.99598533506651 0.77
1 0.9386655636349258 0.5159842528081174 0.12266887273014845 0.13120636670059374
1 0.717933619043853 0.5747355450566547 0.22337464588612194 0.20101590262151792
1 0.7254899099539025 0.43508475275157216 0.25256007618947196 0.1553968590396035
1 0.4312838233741583 0.37484132703399275 0.33320009523683985 0.19485718726561005
1 0.21309594891522682 0.37555029236162785 0.22641706147065174 0.18446563851982375
1 0.6427544181755072 0.9335555885254782 0.2758352259730445 0.13288882294904358
1 0.8653604571368315 0.9096826540679855 0.232792810388515 0.1680317769831019
1 0.29257986752622506 0.9213280795593835 0.20443882077878717 0.07043388979665527
1 0.0361337142806929 0.7341481512881408 0.04829580605996697 0.09496296924294825
1 0.04216879739847758 0.6027724910339054 0.06560249177400163 0.13221164873447738
1 0.04575173592782581 0.42633862949718365 0.07847035670924915 0.10601059232770069
1 0.3755818354976072 0.04642862189273873 0.0741479030299835 0.049227523096061494
1 0.29526182597392325 0.025301627000065583 0.05052365194784651 0.03174603847458739
1 0.1298958536783869 0.18942329746895473 0.050581835497607225 0.03507937180792074
1 0.2819698051933787 0.21805294750853643 0.057364869263795415 0.0419788436045324