0 0.5 0.5 1 1
1 0.09894813942175205 0.555012824914096 0.09711594700434041 0.13271572263559467
1 0.5701426805318728 0.47030659980580103 0.07310368301210834 0.10870345864336287
1 0.7559186012848997 0.4490228833632597 0.06252174244733813 0.08841248836097748
1 0.4365412221350265 0.7049543095622556 0.05947937939638981 0.09831549826684921
1 0.951183921739093 0.674890784058027 0.04213378207082466 0.07449721446287394
1 0.0542954195129093 0.25512765007470845 0.08329766320036515 0.11566109559241464
1 0.7492647595323293 0.3337319130808746 0.058024527984464 0.0483154982668492
1 0.7911382313013486 0.21318063249668437 0.03469119465113067 0.047636567607950535
1 0.5998238548782274 0.08084004532350707 0.052036791976696195 0.0714548514119258
1 0.9515261916778623 0.2045028236815136 0.03792753789033592 0.04440022436874557
1 0.090668311287871 0.7249158348199676 0.020775920753027085 0.02724860723143706
1 0.0686164888540106 0.27889743883161955 0.04870345864336277 0.07135786131779744
1 0.1273706480875059 0.8394130492828416 0.0245942045570024 0.044012263992232
1 0.07438459484532979 0.5392853992081331 0.027927537890335686 0.044109254086360274
1 0.08269227835047113 0.7697218546317108 0.01744258741969375 0.0271516171373086