0 0.5 0.5 1 1
1 0.35982779452576796 0.2633651578531849 0.13240478438361075 0.209692450252889
1 0.9082592626352459 0.40230801661881405 0.09143511326118717 0.1254281065853334
1 0.7427755947379361 0.5078538930114068 0.044070283386375496 0.06434192786207404
1 0.18066054402715026 0.1958492455932591 0.12535024926797472 0.17620394853051863
1 0.7929695289624209 0.5233567967602956 0.15542782295776836 0.18356887294785187
1 0.7839768192658393 0.46688409057992525 0.037248469340120965 0.05085342613970378
1 0.7652955719923357 0.5806829290803698 0.030426655293866435 0.03736492441733333
1 0.3410678058985682 0.2271252042563701 0.03399270969658138 0.057442508611851885
1 0.3856411506047018 0.1894111509637034 0.0305818026734543 0.05069825775066666
1 0.8414774030977905 0.537231825939777 0.03740361671970883 0.06418675947303712
1 0.17678419486525962 0.14926016312111098 0.08422543076596317 0.07860627152962972
1 0.3812035598557076 0.23786086058881448 0.03391513600678763 0.050775841945185224
1 0.3623272106938169 0.19162090699199968 0.04062058951835117 0.05426434366755558
1 0.20926538527476224 0.218523113273185 0.07116360534690847 0.10162926808488901
1 0.8019622386590023 0.5798295029406659 0.10740361671970883 0.06581602755792612
1 0.14573811771694417 0.20333054630237024 0.04422543076596317 0.07767526119540748
1 0.33399504502438576 0.33565249807599973 0.033953922851684505 0.05410917527851855
1 0.8119816320814508 0.5812634170237772 0.030426655293866435 0.037364924417333516
1 0.11837562316993669 0.4306954707197036 0.047558764099296505 0.07775284538992594
1 0.8091319666454272 0.4796355424543697 0.03391513600678763 0.050775841945185224
1 0.8357986333120938 0.4790148688982216 0.27651385461488304 0.27969523728385204
1 0.3742459918523138 0.21301602897785155 0.07127996588159931 0.1116292680848889
1 0.45037548100993374 0.8814255529902219 0.08802420623805991 0.1186838557241481
1 0.14507874135369606 0.14666387963570357 0.02391513600678754 0.050543089361629635
1 0.1884314681094778 0.1473219517736295 0.05732604302991481 0.057985597973481524
1 0.8033961842562873 0.5597907108434068 0.12120239219180538 0.10612636433599998
1 0.8369428452365539 0.5773482022315549 0.030426655293866435 0.037364924417333516