0 0.46 0.5 0.92 1
1 0.48733959813285255 0.6727363623113987 0.07445815183534478 0.09880044873749133
1 0.26763166713348185 0.4979531877185277 0.061047244812217606 0.091745821694311
1 0.1853820301294588 0.6889587587927798 0.047442403564605655 0.06802452798446401
1 0.6724982485041467 0.23464049406099824 0.06759755094419347 0.08193980188256773
1 0.5822437986845124 0.5404520849469935 0.04050422898366037 0.044497214462873934
1 0.5246062932315197 0.7655184150605419 0.044070283386375496 0.06459420455700221
1 0.41784733010821934 0.19722075186017668 0.044496938680241745 0.10126087122366902
1 0.21478316936136038 0.4547346795458068 0.06771391147888428 0.09193980188256773
1 0.23852493223001378 0.27703178182430804 0.09135753957139324 0.11928539920813307
1 0.48772629891791996 0.7827848573584629 0.027093321960533105 0.0374425874196938
1 0.15927660504989577 0.7832313330868169 0.14810177992785378 0.12760089747498227
0 0.7406135835349384 0.8139409237262957 0.5044992740080462 0.37211815254740865
1 0.6644705392743805 0.7812586656806008 0.0505818026734543 0.0514548514119258
1 0.6857105506471807 0.8185557679591019 0.020349081604072505 0.030581940564770396
1 0.19594327171656245 0.784298224122229 0.0642642176108601 0.08184281178843927
1 0.13815528953959064 0.44917057404752064 0.013604841247612 0.023721293709846804
1 0.42032618518991766 0.4140329036680359 0.04387634916189067 0.047927537890335735
1 0.10557596435394356 0.6699643298670317 0.0642642176108601 0.08184281178843927
1 0.8416790541057023 0.8831143023831362 0.027093321960533105 0.03744258741969361
1 0.3291843085932619 0.22298384769910778 0.06100845796732064 0.08841248836097766
1 0.15999532934439145 0.5781828380397527 0.027093321960533105 0.0374425874196938
1 0.2534062363675187 0.5742318940086809 0.08116360534690842 0.1023277622590812
1 0.34404388398051405 0.8086142833109422 0.07089209743262984 0.07870345864336287
1 0.1932146374708382 0.30238908222024147 0.0406981632081451 0.061163881129540604
1 0.41801953558245136 0.46898440862097174 0.08461329921493264 0.11242475235320967
1 0.42747535208999193 0.6593238739504211 0.05759755094419347 0.08164883160018253
1 0.29701458060683705 0.12201394675782391 0.0780242062380599 0.11889743883161956
1 0.3290256582219677 0.6664626661736337 0.04395392285168451 0.054594204557002396
1 0.32336628185871963 0.7229838476991077 0.11453572552513872 0.10663099653369841
1 0.41712860581372363 0.40226924690724086 0.0843030044557571 0.085758085686543
1 0.09846675196266838 0.2779581978709158 0.0812023921918054 0.10566109559241464
1 0.12412496066201437 0.36540078529060954 0.09131875272649627 0.11595206587479974
1 0.278777046721844 0.25652899628718195 0.09453572552513871 0.1060490559689282
1 0.5403820301294588 0.6992882038174529 0.03077573689793894 0.06753957751382207
1 0.20373592454914274 0.5444437092634217 0.09135753957139324 0.11928539920813307
1 0.28764989289202814 0.6402502899970289 0.06100845796732074 0.08841248836097766
1 0.1443929655845866 0.7727948776632391 0.05407028338637536 0.06488517483938759