1 0.743173515298137 0.5473608322043858 0.18484602028431443 0.1396080928685575
1 0.7080753805219925 0.7007744248471537 0.16802420623805991 0.1254012965471736
1 0.3992618822830558 0.18561620865464512 0.147907845703369 0.1143531409615127
1 0.252092154296631 0.09339002924829623 0.14108603165711459 0.10067042243295908
1 0.5880742128580904 0.850309345395647 0.18170662117546574 0.15610006693761402
1 0.44726669509866723 0.06817051228810318 0.12453572552513871 0.10979695944490843
1 0.12540492654361368 0.2449410016586764 0.19569933087204722 0.21346550399472128
1 0.14463035730957685 0.16731352570515395 0.11740361671970868 0.06944757424968813
1 0.1679066780394669 0.034308316598929814 0.15751997725439953 0.06861663319785963
1 0.4081358961171422 0.4250047845630096 0.14472965974962354 0.12751178169723593
1 0.14052245474220668 0.0909088979349025 0.1344193649904479 0.10032103723773882
1 0.2562787982176972 0.028179901703834283 0.12077573689793894 0.056359803407668566
0 0.5 0.5 1 1
1 0.33768984740082725 0.46700666244615585 0.24500116766390212 0.15608589295887326
1 0.14024861150012377 0.4007342053372923 0.16852843522172023 0.16873462988050694
1 0.2259820585614594 0.7626841718684854 0.2393041721196592 0.2390698410969865
1 0.34086453036286635 0.9099032642854639 0.16806299308295689 0.12873462988050696