1 0.5066666666666667 0.805 0.05 0.07
1 0.44 0.8033333333333333 0.03666666666666667 0.056666666666666664
0 0.4533333333333333 0.49833333333333335 0.8516666666666667 0.9966666666666667
1 0.4766666666666667 0.9233333333333333 0.09666666666666666 0.11833333333333333
1 0.6433333333333333 0.7583333333333333 0.06166666666666667 0.13166666666666665
1 0.6 0.23666666666666666 0.07333333333333333 0.15833333333333333
1 0.6783333333333333 0.31833333333333336 0.02666666666666667 0.05
1 0.74 0.38333333333333336 0.04666666666666667 0.065
1 0.81 0.37833333333333335 0.06 0.15166666666666667
1 0.735 0.19833333333333333 0.04666666666666667 0.08666666666666667
1 0.805 0.23833333333333334 0.07 0.12333333333333334
1 0.8016666666666666 0.09166666666666666 0.04666666666666667 0.09
1 0.7433333333333333 0.08833333333333333 0.03333333333333333 0.051666666666666666
1 0.74 0.023333333333333334 0.035 0.04666666666666667
1 0.685 0.13666666666666666 0.055 0.06166666666666667
1 0.6816666666666666 0.07333333333333333 0.03333333333333333 0.041666666666666664