1 0.6 0.7798426354467601 0.3933333333333333 0.4356216797256424
1 0.49 0.46381593005929855 0.16 0.20759751943641958
1 0.13333333333333333 0.9742242893585393 0.09333333333333334 0.05054299744902247
1 0.36666666666666664 0.8545334624026498 0.12333333333333334 0.17071753234335119
1 0.5383333333333333 0.8052014016184357 0.06666666666666667 0.08372118865406378
1 0.7233333333333334 0.8624584364367422 0.14666666666666667 0.2108532817056069
1 0.6966666666666667 0.5809469118983678 0.13666666666666666 0.1707951034074972
1 0.22166666666666668 0.3337103810585716 0.13333333333333333 0.21744237730812738
1 0.6116666666666667 0.4347747607656323 0.17333333333333334 0.2376750905005656
1 0.96 0.8810815500481495 0.08 0.06713209305154312
1 0.6116666666666667 0.7897747607656324 0.14 0.21414782950686703
0 0.5066666666666667 0.5153856328957827 0.9866666666666667 0.9690735920801427