1 0.816241627014733 0.6780005789858629 0.16505191135195332 0.16912479423696405
1 0.5765980991993238 0.6668819148995423 0.26978278546616785 0.20180994220886228
1 0.6290202321713938 0.4230960960139934 0.10787534087119677 0.09268514797189824
1 0.4989116249044777 0.5242922839557745 0.08349385195220274 0.07132613606426541
1 0.4719687453626551 0.5843729183132073 0.07946174822842882 0.05779865817269865
1 0.31725913221655183 0.4713456844879215 0.1448913927330839 0.10148740477913104
1 0.49726621920592207 0.42909813939754116 0.145240777928304 0.10815407144579771
1 0.2209064157982536 0.6424612380722698 0.24803585949006637 0.16731174152612938
1 0.7008474174569299 0.48578279923687784 0.06946174822842902 0.05721622449799895
1 0.34578841911560637 0.37773757223892207 0.15225682979019106 0.11520902722893094
1 0.5686424990186921 0.5469789871786589 0.7049810414582496 0.5162721565462554
1 0.40787764329755766 0.44600670913650636 0.34310194482076034 0.2692203112650945
1 0.6444334002709473 0.14301546165656054 0.1587488038592475 0.11226398301206411
1 0.768182204130195 0.23945666317261252 0.11366854454981289 0.07640677042169822
1 0.21826476586599042 0.6877524549096198 0.07911236303320862 0.05113199150603198
1 0.65533042665347 0.4466400118272438 0.16716239650201564 0.14598560546186395
1 0.4865839252205831 0.7356512958634074 0.09190744459497069 0.10504775851406521
1 0.545991459670698 0.24236727629512547 0.11735126307836652 0.08326758164659812
1 0.39189557304259076 0.5238382431525727 0.08419262234264333 0.08465946939759875
1 0.42138566922850107 0.4485634642369066 0.11173275199736073 0.10287929253013166
1 0.6457294207742827 0.23154293954812716 0.15208213719258082 0.1118756938955976
0 0.5 0.5 1 1
1 0.33169023006113846 0.2682229336345053 0.3045278335591228 0.16727886568276176
1 0.6772639167795614 0.05247845361944666 0.15014634464012866 0.10495690723889332