1 0.1533818800389634 0.5058061341981641 0.04108617872325927 0.04736486926379541
1 0.45478536311770446 0.9292305281355608 0.04837351894607423 0.0741479030299835
1 0.3865974435650374 0.43324140778962866 0.02759767700088901 0.04046546839808571
1 0.6542671306985187 0.19467912553667477 0.03426434366755567 0.04058183549760727
1 0.7302425071919263 0.5242052216401031 0.12039070800355565 0.16203642424162543
1 0.44647967375777814 0.3576511367935354 0.03426434366755567 0.04058183549760722
1 0.3437337959452598 0.6673977463180981 0.16892218236963003 0.3861261437218481
1 0.34970081134577824 0.5658765385258332 0.14760046403185204 0.18583522597304447
1 0.06957468044562967 0.054526096103428214 0.06581602755792602 0.10777215411212045
1 0.0401205568382224 0.22061092727248763 0.04077584194518521 0.03403153593046208
1 0.631522646401482 0.5774597151472812 0.034109175278518554 0.03391516883094065
0 0.5 0.5 1 1