1 0.6816666666666666 0.2955575451269268 0.17333333333333334 0.14039612544449787
1 0.49166666666666664 0.7266327851974982 0.19 0.12107524007057123
1 0.525 0.04096777547322233 0.16333333333333333 0.08193555094644465
1 0.4266666666666667 0.4292813322391849 0.19 0.1477419067372379
1 0.325 0.3650905981248999 0.03333333333333333 0.021358229252147018
1 0.7016666666666667 0.31640927424230525 0.03666666666666667 0.028160718844028355
1 0.88 0.487476081076652 0.02 0.014148270884621374
1 0.3 0.29110927006401016 0.02666666666666667 0.021086583401717575
1 0.335 0.3713497960159225 0.05333333333333334 0.038839833470101816
1 0.9 0.010300004178295094 0.19333333333333333 0.020600008356590187
1 0.35 0.37907192618578966 0.023333333333333334 0.014284093809836236
0 0.5 0.5 1 1