0 0.5032010705367436 0.5916666666666667 0.9935978589265129 0.8166666666666667
1 0.5281482501979088 0.7729303424996555 0.09876191283617156 0.06281271272972314
1 0.5325556874352462 0.9866438214477944 0.08473016411300326 0.02671235710441124
1 0.6686720617402848 0.7920039264530477 0.08852910770622657 0.05585507578067146
1 0.7872593707289977 0.8503985797475412 0.08876191283617156 0.06252174244733794
1 0.8453387284069516 0.7971444014418522 0.09829630257628158 0.04947937939638981
1 0.9336058596921558 0.6783874375990371 0.13278828061568826 0.13083724071418715
1 0.9660794141978212 0.8010725002540519 0.06784117160435775 0.08938238930226153
1 0.9523757732939703 0.8585329227402297 0.0517460384745876 0.0514548514119258
1 0.7277355309266877 0.6238952332885513 0.07612699489267319 0.08213378207082465
1 0.5607196565651036 0.6090457285821319 0.07852910770622656 0.055564105498286075
1 0.5301217835086239 0.6864091609741814 0.1657777871977557 0.07475251461229088
1 0.3731112194408569 0.815038474742288 0.12946032822600653 0.08368562357687874
1 0.4113810411978868 0.671299345965957 0.13256085642939486 0.07711594700434034
1 0.2756509053448173 0.8371772669655005 0.08911112053108904 0.07252174244733813
1 0.17156095533916274 0.812503907380854 0.09624339745764564 0.086049055968928
1 0.3273334322431013 0.743777603518619 0.16969313335595151 0.091516171373086
1 0.42707414629390456 0.548547953197394 0.09946032822600652 0.08281271272972314
1 0.3421535181018253 0.5960262107500559 0.10291006412431235 0.08624303615718494
1 0.5746508629549166 0.5311973457194406 0.18694181284748046 0.1086677885103946
1 0.9587143321413197 0.37254518673246173 0.05542857950283822 0.06155184150605417
1 0.9492804847345648 0.48382389302261486 0.0918624410395599 0.055952065874799735
1 0.754296344966182 0.3832469626102326 0.0718624410395599 0.05537012531002944
1 0.8325344462599774 0.43047773477518547 0.08794709488136429 0.0391884091140048
1 0.7278095924407914 0.5306588900493462 0.11554498206781072 0.0666309965336984
1 0.9060265232091522 0.5325145267518817 0.07829630257628158 0.048897438831619414
1 0.7201905347289103 0.45551340490815373 0.10221164873447738 0.06624303615718494
1 0.6002857667684482 0.40707025656659596 0.06899471796611654 0.0686064685492344
1 0.5943915770057201 0.33363993313913426 0.06519577437289324 0.05517614512177261
1 0.7053016270000656 0.31522243462576854 0.05841270514125407 0.051648831600182535
1 0.7817354885367873 0.3107865401240548 0.07829630257628158 0.0488974388316196
1 0.3650106205876344 0.29699611169133977 0.0957777871977557 0.07271572263559486
1 0.36391010651421285 0.4085172932168139 0.099576730790979 0.08614604606305656
1 0.24826989240686412 0.38683780163605125 0.12232805129944987 0.07015831005528857
1 0.3031005988532226 0.5266259863813103 0.07876191283617155 0.06223077216495294
1 0.18821700141819506 0.5266131614672144 0.07209524616950488 0.0620367919766962
1 0.10420642322046125 0.5524732474002739 0.08438095641808578 0.03242475235320967
1 0.1710106629775349 0.6060312209024441 0.089111120531089 0.07252174244733813
1 0.061608536034014644 0.5245942045570025 0.08186244103955988 0.05566109559241454
1 0.07905298989843698 0.5950306599805801 0.0578306923163916 0.03498216493351587
1 0.13862972068941598 0.680012824914096 0.12554498206781067 0.0669219668160836
1 0.2951217835086239 0.6795713593381301 0.10887831540114405 0.06643701634544186