1 0.3141513600678757 0.494618021647133 0.22120239219180537 0.10717344761754134
1 0.5170762638658889 0.31270640000351496 0.2681793536176478 0.134654683980858
1 0.6359949028643829 0.7907281593116502 0.2457381177169441 0.21091406579919958
1 0.862272533418178 0.610075919486374 0.030310294759175727 0.027190318614513178
1 0.8692906170167214 0.92668440260328 0.1140702833863755 0.06531157402519815
1 0.7340943474644324 0.6256493194854952 0.026860600891151307 0.01713213506475237
1 0.5762640754508572 0.5283839463242493 0.047093321960533105 0.037481236363316836
1 0.6992118756630253 0.7796226718661965 0.053604841247611903 0.024264270129504932
1 0.7844058098875101 0.7948056580139647 0.030349081604072504 0.030523651947846703
1 0.42698163208145085 0.5926688727301487 0.053604841247611903 0.024264270129504932
1 0.5095780153617421 0.5278809506527972 0.18438057814555084 0.09320009523684007
1 0.9031270116698128 0.8260734753307922 0.03019393422448502 0.01719031861451318
1 0.900957283683388 0.9261316588805529 0.1774424035646056 0.06975039480398512
1 0.09589209743262983 0.07500843549848599 0.19124117903670237 0.10998312900302802
1 0.3290931798005302 0.4893561956732096 0.04763633778909044 0.08414790302998351
1 0.8230106511351221 0.8174698805250497 0.040271507914278575 0.02403153593046189
1 0.5294810482494997 0.5191985160208995 0.06031029475917573 0.02771397056235969
1 0.4010119609590271 0.5097719160200207 0.40193934224484734 0.17364869263795374
1 0.4586459634203132 0.30539127879099437 0.1476751246339874 0.08922674285613862
0 0.5 0.5 1 1