1 0.057982796924932696 0.46043760288151797 0.11596559384986539 0.14679505953816468
1 0.2131705122881032 0.4345490696987706 0.031921618573711515 0.038413967690766146
1 0.3055288623558401 0.3843071666264721 0.06752595567597666 0.08368874660643229
1 0.2981115139467796 0.5575434276806888 0.05016051861886941 0.06938469048193269
1 0.5848536553598713 0.09553934091359316 0.017889514849937692 0.024304056124499714
1 0.21036125674760028 0.42474321425700384 0.06190744459497078 0.10330045748996573
1 0.5416620618139452 0.7294551079216263 0.021572233378491318 0.03116486734939959
0 0.3883333333333333 0.5 0.7766666666666666 1
1 0.29230892085243254 0.8901972550602056 0.06279508156176215 0.056827935381532295
1 0.3652645210330641 0.76631436389554 0.2099574780637778 0.20164867349399665
1 0.4247050082933819 0.6149717899095909 0.19751178169723593 0.15439957315263012
1 0.42848446253647166 0.25751210708830735 0.07138336680214043 0.09388289116466553
1 0.5001582161925087 0.28490759347384187 0.11030686325899808 0.202491003413665
1 0.560979767828606 0.42426096336339303 0.07382906316868229 0.1405495578313322
1 0.4793201881513098 0.4605870994276584 0.10962226684729823 0.12601848130523158
1 0.5755713842920622 0.5579990237348766 0.11014634464012867 0.13601848130523156
1 0.5036355917396099 0.5356035373493422 0.0912086742045301 0.09171442518073188
1 0.608557634856536 0.1822224455019436 0.029811133423649303 0.061553156465866246
1 0.5640227143080428 0.30278844125495963 0.08997165204251853 0.13152028062249865
1 0.608767762400998 0.3367370841063604 0.0580500334688071 0.0931063129317325
1 0.6269476641048323 0.4337114055320608 0.05366854454981289 0.07291216837349926
1 0.587478828887033 0.45761073461841023 0.04998582602125926 0.06605135714859917