1 0.7568949500968167 0.10649657892177797 0.12070323154080484 0.09278090758302146
1 0.4714016207358073 0.5326085174117721 0.1002374740553275 0.08173275199736053
1 0.3128903053775853 0.2770325282669884 0.15892242315906324 0.12803585949006627
1 0.7461641466804799 0.6238620159788852 0.10419181736929735 0.09524077792830402
1 0.6027577824121556 0.5461755416840391 0.08643838323651645 0.07103398160691995
1 0.06257980038726701 0.27059725011289476 0.11768040319778987 0.09927288165207794
1 0.8316117699488166 0.29586389386203144 0.10008222156016813 0.0783994186640273
1 0.2203878842046841 0.6130145985219552 0.1173698982074715 0.09260621498541127
1 0.5630728827150627 0.46557120458177403 0.09341555489350147 0.0780500334688071
1 0.5135110683250081 0.8839989712032829 0.09357080738866065 0.08138336680214024
1 0.44789465365696024 0.8220844396189416 0.07310504990318312 0.07033521121647937
1 0.7901823303042635 0.8266570975406474 0.03821919161825823 0.035254951907044946
1 0.8139037948754948 0.8195466123905851 0.10388131237897918 0.08857411126163735
1 0.587008844778678 0.7408261564888189 0.09372605988381982 0.08471670013547376
1 0.14328303192807187 0.46961517985792794 0.28656606385614375 0.21923035971585592
1 0.2370683368091167 0.3983639837171755 0.09326030239834249 0.07471670013547367
1 0.5333512205172602 0.9580547281766726 0.09721464571231232 0.08389054364665488
1 0.35455697204425196 0.2792161857371151 0.06628313074135747 0.06665249268792593
1 0.9363285898008162 0.4868034421807761 0.09039272655048687 0.08454200753786362
0 0.5 0.5 1 1
1 0.5646345982918316 0.2885551527198871 0.14357080738866065 0.08400375576629245
1 0.5055980334176934 0.37233939152598644 0.23558908982572993 0.13205378923509944
1 0.3616848008838075 0.34140693019661217 0.07852969660857657 0.04401792974503318
1 0.36904091315351306 0.470439033920386 0.1675251507026307 0.0985599372828968