0 0.5 0.5 1 1
1 0.6713699270104289 0.7297972225154787 0.08077573689793895 0.06806307186092415
1 0.5363334754933362 0.4488785064972155 0.08403149654147835 0.06145458874401811
1 0.8316049834076149 0.42039592901005796 0.24856722206661724 0.16763891601562694
1 0.7481165026946938 0.43518385108740937 0.08054301582855715 0.04806307186092416
1 0.809372404498236 0.8990201800921949 0.10717089565032703 0.04519520692567653
1 0.14482195620625732 0.44238174026076743 0.1741866439210662 0.07635887792089117
1 0.5506147511988405 0.6535875887484117 0.05713210880543007 0.040989120345932405
1 0.6785384873329515 0.9729560051995298 0.12034908160407251 0.03209460779138605
1 0.8088146659028388 0.37413654719171635 0.06085331058773287 0.07438063722902635
1 0.8911395412688514 0.45934862511436486 0.1274424035646056 0.06887764155757434
1 0.45162204150225904 0.7119706701330198 0.06701574827073917 0.03116367099521445
1 0.2540450516444162 0.6504325913437832 0.10379877547209673 0.04180369004258258
1 0.7767042858476615 0.12641414113087066 0.05395392285168441 0.05426427012950493