0 0.5 0.5 1 1
1 0.25370829503008846 0.30833333333333335 0.21417255275102925 0.24333333333333335
1 0.6756215305220121 0.7333333333333333 0.17436669730926269 0.24666666666666667
1 0.2672373281726413 0.4766666666666667 0.032135590140566134 0.03666666666666667
1 0.38359634008027416 0.4533333333333333 0.03527477891566605 0.03333333333333333
1 0.3815280568774295 0.775 0.05093784694779875 0.07333333333333333
1 0.41227175926699505 0.705 0.03527477891566605 0.03333333333333333
1 0.27560664785131456 0.8766666666666667 0.08776578232933115 0.13333333333333333
1 0.21227020401600888 0.5333333333333333 0.025080634357432813 0.03
1 0.4057796887349055 0.33 0.035663068032132705 0.04
1 0.3435023783031299 0.7983333333333333 0.025468923473899376 0.03666666666666667
1 0.27882647098384744 0.85 0.05465946939759874 0.08