1 0.47333333333333333 0.32608710611051883 0.06 0.08368240312199068
1 0.5966666666666667 0.26680463845387 0.08333333333333333 0.10048481915091297
1 0.6966666666666667 0.6507197547682989 0.08 0.10046542638487646
1 0.7783333333333333 0.47619487753619355 0.06333333333333334 0.10370179588802708
1 0.38166666666666665 0.7605538050445145 0.06666666666666667 0.09705452198739711
1 0.225 0.8046423450407983 0.06 0.07034906978865745
1 0.34 0.3719780621357249 0.09 0.1138569380163193
1 0.17 0.7393223644011958 0.07333333333333333 0.10042664085280345
1 0.33166666666666667 0.2802629135539668 0.11 0.30063996127920517
1 0.3433333333333333 0.17533078823509465 0.04 0.0768993798591049
1 0.47333333333333333 0.5094204394438523 0.08 0.1537987597182098
1 0.33 0.19858655050428192 0.07333333333333333 0.1337599741861367
1 0.34 0.2819780621357248 0.06666666666666667 0.09038785532073035
0 0.5 0.5 1 1