0 0.53 0.5005236519478465 0.94 0.9989526961043069
1 0.7096404940609983 0.6870439948004702 0.06967335958464674 0.10449700432854797
1 0.7554905596892816 0.9460464389560518 0.03880044873749114 0.07397335238070127
1 0.49161095592414605 0.8081747887413819 0.05556410549828627 0.07759760346283827
1 0.38260871223669024 0.4397917073567739 0.04595206587479974 0.09075638614688955
1 0.6194899987674176 0.8520524302989562 0.06135786131779734 0.04771397056235969
1 0.48392308865981154 0.31495782250757004 0.07015831005528866 0.12116367099521445
1 0.8769989163006596 0.828228322072079 0.03135786131779734 0.04719031861451318
1 0.5631678075825884 0.6911505852776649 0.12180714165547102 0.1787030909082921
1 0.4900613199611602 0.12516146493173255 0.2534559732556537 0.237638916015627
1 0.4089280988121997 0.14206930129592812 0.09455853442403414 0.15823762251020626
1 0.3801226399223204 0.23984989090653458 0.04585507578067147 0.08742305281355613
1 0.8539180785074234 0.49299558787303605 0.031454851411925805 0.0505236519478467
1 0.4189715837068757 0.3154899099539026 0.06223077216495284 0.0777139705623597
1 0.788287642895589 0.47019434198603527 0.04812151807859247 0.05081456969665017
1 0.6032213127820407 0.5219360631994346 0.03096990094128387 0.03385698528117984
1 0.5961232008441844 0.3352403047578877 0.10054627043180214 0.13502065627639429
1 0.6106867454206065 0.32050213073181094 0.06624303615718494 0.10110548744545383
1 0.6921315765277561 0.7150573186101196 0.027830547796207458 0.04046546839808571
1 0.5504827449275737 0.6559469428535023 0.08300669291798006 0.10472973852759082
1 0.4014833058494376 0.7449662580060561 0.05006131996116021 0.11748123636331684
1 0.22188128653072733 0.41199889696825903 0.14329766320036516 0.11577704242328385
1 0.27116668573886044 0.5028134666649092 0.024206244180488737 0.030407284848325087
1 0.40392589326913136 0.7716620164476031 0.02155184150605417 0.0536824346318978
1 0.825561899955218 0.7207179939338818 0.07909141901987633 0.08467155497783002
1 0.43301951783207604 0.22578082770270616 0.03106689103541233 0.037190318614513176
1 0.36929601857916083 0.841021997400235 0.024497214462873937 0.040407284848325085
1 0.5559448501793434 0.900917851078622 0.031551841506054265 0.053856985281180034
1 0.4286884281861985 0.5921856683954496 0.03164883160018254 0.05719031861451337
1 0.5386806134244906 0.30758451774528867 0.017636567607950536 0.03362425108213699
1 0.8471087313088841 0.9459798199078051 0.0694793793963898 0.0978303376618813
1 0.5605641054982863 0.08641241125158815 0.10271572263559468 0.09507883982615507
1 0.5963221911848293 0.17032758008252874 0.024885174839387597 0.05374061818165842
1 0.5582263229344288 0.34957119393563935 0.020872910847155406 0.030349101298564277
1 0.3922820718213369 0.5432414077896287 0.04967335958464664 0.1041479030299835
1 0.41610536577770024 0.3887359679625948 0.020581940564770303 0.02034910129856428
1 0.5018456163977592 0.5301614649317324 0.11387960376513546 0.13525339047543714
1 0.8439309034215196 0.6077628536739932 0.0966309965336984 0.11496247272663368
1 0.5769961116913398 0.3648912034593233 0.04527313521590107 0.06742305281355612
1 0.4945691537950618 0.9098414554080485 0.04850947845510594 0.06414790302998351
1 0.707330566868401 0.5504064199086838 0.1032006731062368 0.11174550649282176
1 0.32583223056179916 0.3205274372272689 0.09504348489467608 0.17490428917687287
1 0.33278485735846286 0.5022231956688159 0.1064013462124735 0.22174550649282176
1 0.37613101560589224 0.6179213982659447 0.04546711540415781 0.07408971948022289
1 0.2894771738533216 0.7313504424224051 0.09035229024354541 0.1281794389604456
1 0.22671295617066253 0.6353031385267119 0.07614604606305657 0.09794670476140255
1 0.16496713447635158 0.5742558346310189 0.04223077216495293 0.07736486926379542
1 0.21297883754671967 0.5067952545440966 0.07614604606305657 0.09794670476140255
1 0.5780301372031037 0.9674352735914645 0.16213378207082446 0.065129452817071
1 0.738612077767874 0.9886571281364396 0.20096990094128386 0.022685743727120854
1 0.901355655774729 0.6920562155783785 0.05967335958464673 0.10432245367926574
1 0.5056126005453504 0.08711904934720285 0.09789186775736747 0.15829580605996696
1 0.5484253132750736 0.18448391861099822 0.0632006731062368 0.11104730389569302
1 0.4275880725608863 0.039114161036039506 0.0751761451217726 0.06461337142806929