1 0.5880571547634461 0.6070524302989562 0.05096967112242358 0.08420608657974413
1 0.13621711495864536 0.47080613419816414 0.09151268695098101 0.13157095584353953
1 0.6118764913218936 0.42243062337240084 0.07104724481221751 0.09122185454497526
1 0.6788158335667409 0.2568985359260683 0.054574512370035674 0.10759760346283827
1 0.4704025912158094 0.5466535809491171 0.060814523742835906 0.07104730389569303
1 0.37460746089542196 0.6133286831142698 0.050814523742835904 0.07087275324641079
1 0.3996838669213137 0.7504608181790221 0.0509308842775268 0.08087275324641079
1 0.3410231807341606 0.4910510891751155 0.05755876409929651 0.07765578701259908
1 0.3391819732654577 0.5060219974002351 0.047209682495224004 0.04748123636331684
1 0.6622209022703575 0.9605856207770296 0.06771391147888418 0.07882875844594082
1 0.08204752913222334 0.8282667142850867 0.06096967112242373 0.08438063722902636
1 0.2261577670273978 0.6207395151499174 0.0438375623169937 0.044089719480222694
1 0.11522805041377315 0.5554570328995998 0.030581802673454252 0.05052365194784651
1 0.2003649720348146 0.4019116216436179 0.0406981632081451 0.06069820259712875
1 0.16024510850841736 0.8413006943711303 0.037364829874811774 0.06064001904736794
0 0.5 0.5000872753246411 1 0.9998254493507178