1 0.5285830126605627 0.778340903892178 0.19514327554219563 0.26314191168707907
1 0.5250031105019723 0.352846343719212 0.04407703572289885 0.07069820259712875
1 0.5173672762951255 0.541237860602306 0.04330045748996573 0.057364869263795415
1 0.745939402198785 0.11145372380437688 0.04682793538153229 0.06075638614688946
1 0.8915547117168523 0.16070955843539583 0.1406450748594625 0.24221097489090757
1 0.33188347015052844 0.7181832242398679 0.18572570921689552 0.272967361037797
1 0.42446688009035155 0.10250567791913356 0.03291216837349917 0.05052365194784651
1 0.4474612380722698 0.1946669047587664 0.03271802381526603 0.04719031861451318
1 0.5074941139156374 0.25243905887088686 0.04702207993976572 0.0640897194802227
1 0.600537785662607 0.430909415580136 0.025857212590365938 0.04374061818165842
1 0.10116642260038584 0.1535867238087706 0.01821982313253289 0.02695758441547028
1 0.5118967975702399 0.40600512640326303 0.021941445582332714 0.033682434631897615
1 0.6198567244578043 0.27108396622941816 0.02919054592369927 0.04379880173141913
1 0.7109065263554174 0.05411794631546188 0.029578835040165737 0.0504654683980858
1 0.675793016154617 0.026811260601427234 0.04174730102409948 0.030698202597128698
1 0.6927078068975268 0.6243797722893851 0.028802256807232803 0.037132135064752374
1 0.24633391231919627 0.7834243939373968 0.033300457489965726 0.05719031861451318
1 0.24484650754006523 0.9235407610369183 0.02919054592369927 0.043798801731419035
1 0.25203141144568275 0.9720486450195339 0.01802567857429968 0.023624251082136803
1 0.23685214955814704 0.8316413601712086 0.02880225680723271 0.037132135064752374
1 0.5060560229015578 0.4776427012950493 0.018413967690766146 0.03029091774880347
1 0.6652121377309033 0.20847792726809392 0.07229685885543176 0.09783033766188116
1 0.7033395543372781 0.6996415982633084 0.036245501706832405 0.05058183549760732
1 0.6320283009437103 0.6349991350603588 0.02213559014056614 0.037015767965231136
1 0.15154138429714095 0.46311281991219877 0.025468923473899376 0.03707395151499175
1 0.5789353154316893 0.3721397056235972 0.02469234524096635 0.02374061818165842
1 0.6549224761445396 0.3851445939347605 0.018413967690766336 0.03029091774880366
1 0.6791279047389365 0.19871066146713678 0.028802256807232803 0.037132135064752464
1 0.6163754498293167 0.015763956705734175 0.02724910034136656 0.010465468398085799
1 0.42741814531116307 0.7965953973993563 0.025468923473899282 0.03707395151499175
1 0.8226882584738706 0.25460407098994203 0.02174730102409948 0.030349101298564374
1 0.6346312593071897 0.38979549263619623 0.018219823132532915 0.026957584415470328
1 0.6735619089859204 0.2369858112507094 0.02488648979919958 0.027073951514991753
0 0.5 0.5 1 1