1 0.7512811335455014 0.2620409800126984 0.08461329921493264 0.11096967112242367
1 0.42856838973051936 0.31161198939102763 0.10527267557818087 0.16786905885847203
1 0.3431828566093541 0.5639174713345919 0.10143511326118718 0.12449693868024193
1 0.38550773197536675 0.47775503365158545 0.07131875272649628 0.11414785707616924
1 0.6656617116910524 0.35103252204537766 0.3034132423509315 0.29682414937405877
1 0.43573695005304197 0.06839501659238517 0.06430300445575692 0.08407028338637536
1 0.6731417344366528 0.2777961558242867 0.07794663254826598 0.11089209743262984
0 0.5 0.5 1 1
1 0.6383403393167462 0.8673113202630748 0.10829571415233848 0.14124117903670216
1 0.5905682475705165 0.7717683044345176 0.08089209743262965 0.07759755094419347
1 0.4664979641841411 0.7069998578399971 0.11802420623805991 0.11802420623805991
1 0.38595611601948593 0.8027162468066886 0.12856722206661714 0.16480723343941728
1 0.4914797384255947 0.8489380324209425 0.1282569273074417 0.1381405667727508
1 0.2538240072140559 0.7611841664332591 0.10848964837682332 0.15790784570336902
1 0.22308355416930747 0.26755993176319864 0.06434179130065407 0.08740361671970864