1 0.33232521754724575 0.5691903199162825 0.11013217066138793 0.19857411126163735
1 0.22287285873454796 0.8724079589933295 0.13803585949006636 0.16014634464012867
1 0.4022072208645985 0.30815633830936245 0.18503773737321258 0.23241734840906048
1 0.7222803931846629 0.3565605415363994 0.15644945213283448 0.19435314096151274
1 0.4445797449110761 0.2875520012070974 0.09084511503056926 0.1477006482735868
1 0.5753894249947935 0.5831917732562143 0.13873462988050694 0.173479677973462
1 0.7513502342816494 0.5923537452150154 0.10260621498541127 0.1183994186640274
1 0.42452535142247394 0.9253470827688595 0.08506608533069397 0.10085928900931018
1 0.07480156429762987 0.8851817795869806 0.06540129654717354 0.1696364408260388
1 0.6486873233812751 0.73811860093615 0.12505191135195332 0.16611424091635474
0 0.4928705563081872 0.5 0.9857411126163744 1