1 0.7592846900815965 0.4588046137916074 0.08067874681127819 0.11759755094419347
1 0.6103501810011313 0.3537452658603598 0.10443872099741497 0.19120239219180538
1 0.8185208982481019 0.9011306568215222 0.0338375452502828 0.08705453511563595
1 0.29312223533187937 0.5400411221727012 0.043818152484246295 0.0838375623169937
1 0.8443234756136695 0.4664603450031462 0.03695755815721441 0.05042665529386644
1 0.7971827973915822 0.6708979357521405 0.20319980639602533 0.552327210693817
1 0.6034508011420263 0.3136676921705659 0.08060117574713198 0.10426421761086013
1 0.1780047675231864 0.2320557027795383 0.06368240312199068 0.06073695005304198
1 0.846832616390451 0.32483246518137654 0.050252105958474735 0.04391513600678763
1 0.07577682185393458 0.4208533105877329 0.030174534894328673 0.030349081604072504
1 0.26725067207270997 0.6763974940801923 0.05695755815721441 0.050659376363248236
1 0.6186059432703185 0.3405088996392689 0.04027149872451124 0.04713210880543007
1 0.20851867582315411 0.32073811771694416 0.026879987093068394 0.036976961425842204
1 0.36537927015018595 0.3558944327604341 0.02684120156099529 0.03031029475917554
1 0.89210633753991 0.9453173007425885 0.013488475461625361 0.02682181404625453
1 0.5916968670281952 0.2985319382134266 0.050446033618839765 0.07724846934012088
1 0.3276083270319117 0.4521150507107859 0.02354665375973506 0.03693817458094524
1 0.3651368605747295 0.3142277660937674 0.026899379859104896 0.04031029475917554
1 0.8155161307249155 0.6711112633990737 0.04377936695217329 0.07717089565032703
0 0.5 0.5 1 1
1 0.41227976122176474 0.6830847218332096 0.030310284256584243 0.05368241493740584
1 0.38346271994999226 0.8860689735624703 0.023604832057844572 0.04693817458094524
1 0.4431998063960254 0.5551198635263972 0.04366301035595408 0.057170895650327035
1 0.41588348206713543 0.443142902100555 0.016879987093068392 0.036860600891151306