1 0.2174020653955922 0.5805914265960953 0.07977171656984998 0.0697905939466049
1 0.09266686429323771 0.483814385237158 0.05139727245643248 0.03203734387822048
1 0.4930184800636402 0.5109168790073344 0.06201828243706908 0.04577814598719783
1 0.678794742539436 0.5200453733245851 0.0718630299419101 0.042852281429508705
1 0.4681372170913039 0.5503367957423854 0.04837444411341759 0.03856818761967247
1 0.40240206539559215 0.5730532542466794 0.0696164640746907 0.06604979183762737
1 0.5855025199861867 0.5605829933598708 0.07566212076072076 0.05298810435472357
1 0.8255390354536822 0.5157358312818049 0.037908686627940065 0.028160718844028453
1 0.28221489274552625 0.681479947275564 0.19318727146335143 0.14760608381202323
0 0.4598950489101023 0.17666666666666667 0.9197900978202046 0.35333333333333333
1 0.4595845439197839 0.1515959936334079 0.062328787427387435 0.052444812653864595
1 0.4899864610954478 0.37411438941545305 0.045196363275243435 0.041765698027791134
1 0.7527856013209014 0.4953226908405876 0.08341555489350147 0.07659308353848625
1 0.36600938825174834 0.6162818845533151 0.40559828045090723 0.2793604385086682
1 0.8201509042157844 0.5076062323362937 0.048840201598894926 0.04856818761967247
1 0.6042056033070634 0.2809593422369978 0.042018282437069086 0.04496320843590979
1 0.2573698982074715 0.07634412435034932 0.10690414072199407 0.08087717734832243
1 0.23621469511895518 0.19576404108540027 0.05504111078008407 0.03883983347010191
1 0.13604590371924383 0.5905857549305221 0.041863029941909956 0.04162987510257646
1 0.38452989423514766 0.511997790743479 0.037753434132780796 0.02482738551069512
1 0.5470961557178625 0.6322807799250546 0.03093151497095505 0.02122240632693244
1 0.6700002470332138 0.5821874202295032 0.037908686627940065 0.028160718844028453
1 0.6746121157953159 0.5736503525083478 0.05837444411341759 0.03897565639531649
1 0.32640211480223497 0.6980475825811063 0.07946121157953162 0.06312392727993825
0 0.4438266626943428 0.42275048849773283 0.882374740553274 0.8011656896712009
1 0.5009087854412254 0.2501019414560462 0.12814616068326737 0.10835878156627729
1 0.6424429291424626 0.004782160710380256 0.11821919161825842 0.009564321420760512
1 0.3899269690650091 0.054244540675094585 0.12721464571231242 0.08835878156627731