1 0.16110542507956305 0.09127595866311097 0.10469087290472653 0.11907177669674084
1 0.6971561728834871 0.598940071734666 0.08779148516867812 0.09868385572414809
1 0.0883926812645809 0.14631614427585177 0.07124117903670234 0.10829593475155562
1 0.484616802206639 0.5288666680865922 0.1686060089115142 0.17054587639259278
1 0.1862458496923109 0.675849245593259 0.15503995450879907 0.15023553961451852
1 0.15606780589856822 0.23143112705214805 0.043915136006787585 0.05100859452874071
1 0.15267979528959585 0.6566250875384443 0.04414785707616924 0.07100859452874071
1 0.519325900869912 0.5030520340441478 0.084419364990448 0.09527293819629638
1 0.20136221022700174 0.6855001167179258 0.047558764099296505 0.07775284538992594
1 0.5970750962019868 0.1644845546117773 0.02368241493740584 0.030543089361629635
1 0.3404119325270265 0.6005749138814811 0.4675223125822038 0.37078420303807436
1 0.237970696626323 0.679646690578222 0.037248469340120965 0.05085342613970378
1 0.21800948347121993 0.6834455290786665 0.0844193649904479 0.09527293819629638
1 0.41849315136852966 0.5770850186436294 0.030426655293866435 0.037364924417333516
1 0.19626524311475937 0.6772831596763702 0.030581802673454207 0.05069825775066666
0 0.5 0.5 1 1