1 0.08656143849874122 0.5713214376880568 0.10155168389037045 0.07074135442310762
1 0.3588473852060745 0.5374589175556624 0.16899419250222233 0.10679114626073517
1 0.5193475019240004 0.3508488190204567 0.06131893130681495 0.05911147932053135
1 0.6861347254288893 0.5774362308933698 0.1386838557241481 0.0922354066004694
1 0.9441493608912594 0.3000366430398199 0.1117012782174811 0.10142046904918117
1 0.8096606257330374 0.5191962572555877 0.16914936089125945 0.11345781292740184
1 0.8682211375880001 0.24517813763060778 0.17217235744651854 0.10026030251928318
1 0.2378387906773337 0.4892359589145997 0.07434192786207404 0.0463214376880569
1 0.9493073163112596 0.6034378878357606 0.10138536737748079 0.10795131279063318
1 0.06470499189222287 0.7769015209530058 0.09449709625111113 0.05380304190601161
1 0.8567096393103706 0.5597027573923563 0.2865807213792588 0.19542157367744173
1 0.7048947718320746 0.596516590315384 0.08790801377896287 0.0568647293889156
1 0.8868620206684444 0.27272765331117 0.226275958663111 0.16270511517314779
0 0.5 0.5 1 1