0 0.3802282834301501 0.4600529616385033 0.7604565668603002 0.6534392566103399
1 0.1600865698395431 0.46967727312433416 0.06597262575103911 0.05887831540114405
1 0.2552418223347022 0.4696614128927169 0.027287676647303367 0.014264553853113284
1 0.3727120763194829 0.6356931757458519 0.06170777744675073 0.03876191283617156
1 0.10504558257606587 0.45597356157064894 0.21009116515213175 0.1273333615932669
0 0.8220407649335848 0.8425714770170292 0.2944384820498021 0.3148570459659417
0 0.8875294989820056 0.47838636562167086 0.19668504791702124 0.29306880774015365
0 0.3931323747455014 0.1255767731808795 0.5937352505089972 0.24370378220351951
0 0.854986214062234 0.24520646561036183 0.28336090520886537 0.4391958026328269
1 0.44978985078699074 0.2711217552486902 0.18140646308160988 0.17938626671190291
1 0.6336481866030265 0.5529895065820672 0.10659363573167582 0.07360847951414731
1 0.555776015442582 0.6120371155368529 0.10178999900691905 0.11337567438420214
1 0.19565268310232967 0.7096402423672824 0.11992696906500906 0.07407408977403729
1 0.09898601643566297 0.7062645679830801 0.05519636327524329 0.041862441039559904
1 0.5131505089626422 0.45195774372893216 0.08054797904564566 0.0860105923277005
1 0.5869130843139576 0.4094603988758407 0.11543383733057075 0.12050795131075896
1 0.9254517245144976 0.8469736746103836 0.07488585828492508 0.0358941897627282
1 0.8136298053526718 0.8464075220171384 0.062328787427387435 0.05209524616950489
1 0.7538261686279151 0.8042540745651473 0.054885858284925086 0.035195774372893236
1 0.9391685937731404 0.9108890207685795 0.04279454491286515 0.061396830779669925
1 0.9155612709169842 0.951799070762925 0.07930595908437227 0.05934392566103421
1 0.8498764206265338 0.7491800130510439 0.05473060578976591 0.0318624410395599
1 0.949616217041477 0.579047750254454 0.05170777744675054 0.03841270514125388
1 0.8558858088782823 0.11836519509623637 0.09116898902628236 0.09969313335595151
1 0.9407259610705345 0.19644986306800744 0.07581737325588013 0.05589418976272815
1 0.9782465164605765 0.17939695794937152 0.008374444113417591 0.036899471796611655
1 0.8245980828243361 0.2524921758589427 0.062328787427387435 0.05209524616950489