1 0.8566666666666667 0.4083333333333333 0.075 0.10333333333333333
1 0.38 0.035 0.03833333333333333 0.06
1 0.8616666666666667 0.06333333333333334 0.05 0.12666666666666668
1 0.25333333333333335 0.76 0.03666666666666667 0.06
1 0.5866666666666667 0.051666666666666666 0.065 0.10333333333333333
1 0.94 0.3566666666666667 0.04833333333333333 0.065
1 0.3616666666666667 0.5283333333333333 0.03666666666666667 0.056666666666666664
1 0.1 0.5366666666666666 0.04 0.07
1 0.30666666666666664 0.745 0.03166666666666667 0.045
1 0.3616666666666667 0.815 0.023333333333333334 0.05
1 0.18 0.4066666666666667 0.03666666666666667 0.045
1 0.74 0.35333333333333333 0.025 0.03333333333333333
1 0.44333333333333336 0.6133333333333333 0.045 0.06333333333333334
0 0.5166666666666667 0.49666666666666665 0.96 0.9933333333333333