1 0.45762985475931456 0.6693201881513098 0.12496807984509321 0.11295560018063157
1 0.5265522779183778 0.5460010287967172 0.15054797904564565 0.0910198076281794
1 0.4704792963900296 0.3577408677834482 0.0761278782461983 0.06384323714742303
1 0.3899813717164315 0.8723773086094874 0.0761278782461983 0.06384323714742322
1 0.3274153572669305 0.39516530318187904 0.08612787824619829 0.06436731494025348
1 0.3746208123540656 0.452544914217727 0.07232878742738744 0.05366854454981289
1 0.45273940116180106 0.7743201881513098 0.06852969660857658 0.04349385195220274
0 0.5 0.5 1 1
1 0.7124291432046965 0.1605123859507386 0.08915070658921327 0.05787534087119686
1 0.8110683862157595 0.2201842617236294 0.07992696906500896 0.07401792974503318
1 0.7519176796265462 0.2764873692163351 0.07977171656984978 0.07068459641169984
1 0.7130455578727445 0.2186710266864618 0.10659363573167563 0.07541547052591425
1 0.715474701077441 0.4163929359281597 0.1402374740553273 0.0838290631686823
1 0.593497529420456 0.42943588240759634 0.22931514970954975 0.2115297114422691
1 0.4937807095684562 0.2501133918299258 0.16543383733057074 0.12505191135195332
1 0.3051368712448045 0.2666501902615652 0.31164393713693717 0.26572233378491233
1 0.1453651546749546 0.3415274090159084 0.09527858483541152 0.1180500334688071
1 0.11915965018117677 0.404416923865846 0.07977171656984992 0.07068459641169984
1 0.05296333631257625 0.3264188017489922 0.10403656487413823 0.09190744459497079
1 0.1466618243208642 0.6706539460278577 0.2804019171756639 0.23748343373975445
1 0.21232394508158497 0.6173347866732651 0.10721464571231243 0.0887488038592475
1 0.16472116813137466 0.7112724571088636 0.10008222156016823 0.0783994186640272
1 0.07433303689347677 0.7243224905776705 0.0789954540940541 0.05401792974503318