1 0.4072642367548528 0.5706184200200398 0.044691194651130674 0.04919054592369927
1 0.4416594509712102 0.7773015246083903 0.027927537890335544 0.04488648979919958
1 0.30380826349919904 0.3429152788754716 0.06271572263559487 0.0968279353815323
1 0.42673860599885455 0.8382722473995566 0.02753957751382207 0.03155315646586625
1 0.3046555245181626 0.142526989759005 0.044691194651130764 0.04919054592369927
1 0.36403791382042405 0.2325598656023726 0.031260871223669065 0.045080634357432814
0 0.4912151807859246 0.49970878316265005 0.9624303615718491 0.9994175663253001
1 0.7978946723666873 0.569570173373413 0.07918840911400479 0.09113199150603199
1 0.6640100584491637 0.615766361315194 0.13426756414164895 0.15423830443776448
1 0.7023484019348852 0.44157581539149476 0.10624303615718493 0.10601848130523156
1 0.6269604415583716 0.4326107346184102 0.08358863348275027 0.12799280273093208
1 0.6867536364560188 0.3072553213453112 0.09701895691021188 0.13210271429719844
1 0.7693595440833892 0.2774017073894793 0.09682497672195534 0.12543604763053176
1 0.40753456736143406 0.1782722473995567 0.06730992719259717 0.14035541327309894
1 0.4737240983191667 0.44487471763047426 0.09789186775736747 0.16210271429719852
1 0.2629866523084276 0.776021591807204 0.07310368301210834 0.11074370238956552
1 0.32874473799497056 0.8556661785341051 0.07967335958464664 0.10779865817269865