1 0.794019554102682 0.4271797869715743 0.10705452198739711 0.07039154874578647
1 0.06446558772152189 0.37600528203388345 0.07046542638487643 0.08244445386442237
1 0.5180812273748586 0.027365046731584512 0.06699634368928742 0.054730093463169024
1 0.46432872714679246 0.6719787729546982 0.19722905688172565 0.10353441800004362
1 0.6008014661530939 0.7005396011241594 0.08031028425658425 0.056126994892673185
1 0.1709663046644043 0.6872221986722775 0.0669381653911779 0.04899471796611654
1 0.8091154067203907 0.6965977741467119 0.06023271319243823 0.04209524616950489
1 0.7163563824100824 0.028306781864247458 0.06021332042640173 0.03876191283617153
1 0.26223541962732233 0.7523544614688672 0.05364361758991758 0.05519577437289323
1 0.08649849451793466 0.8851322627965899 0.06697695092325096 0.05566138463278321
1 0.06817485756761958 0.8841058102372717 0.030174534894328673 0.031047623084752254
1 0.9410438757285503 0.6469998728302984 0.04360483205784476 0.04817990001130909
1 0.6414048643251736 0.02259250624279521 0.03682180879495888 0.027947094881364088
0 0.5 0.5 1 1