1 0.5330498927509143 0.887102345245906 0.05605135714859936 0.0488398334701022
1 0.08439091148587728 0.6449575367703366 0.08349460204819902 0.06325975020515291
1 0.5873195177810603 0.6437322203484825 0.045274778915666045 0.035099031361124466
1 0.8053749616967552 0.3418815958613647 0.04899640136546585 0.041901520953005804
1 0.4679152788754716 0.31309556895207247 0.18482073811246436 0.1471986150363792
1 0.6581602924497424 0.5747820121861099 0.048996401365466034 0.041901520953005804
1 0.355702164879445 0.7194962614338829 0.4192860629518297 0.23323706354286022
1 0.45715824906619457 0.6985709491903239 0.20990137246989718 0.1781493755128821
1 0.9395224148593477 0.907006075455433 0.024271180281132274 0.07414827088462138
1 0.8295552907027154 0.9593264085152293 0.04232973469879937 0.04162987510257646
1 0.4217026530120066 0.41813236051616265 0.042329734698799276 0.04162987510257646
0 0.5 0.5 1 1