1 0.45444730616795925 0.10294205454233901 0.09075631787542421 0.1315709558435396
1 0.5201637272988366 0.26743905887088687 0.09401208014461152 0.118295806059967
1 0.30798204111972827 0.6387734952359612 0.07734541347794485 0.11800488831116335
1 0.3459868086429147 0.4094135142833291 0.07056239021505897 0.09788852121164192
1 0.7044655877215219 0.3906682458826071 0.07395390184650182 0.10794670476140264
1 0.7474897480107447 0.15806220692128284 0.06728723517983516 0.10783033766188116
1 0.34115275836669895 0.09429714718380768 0.08063996127920509 0.11139640519425739
0 0.49333333333333335 0.5 0.9866666666666667 1
1 0.6386909882925351 0.23617124155405927 0.1338957235483923 0.09899400865709566
1 0.606492131772338 0.040589406056452004 0.09368240312199078 0.061629139393300295
1 0.7347963759566166 0.047829472722239925 0.1437405814201001 0.07250189263971119
1 0.7268497867315398 0.2677131056227185 0.08726784241379884 0.10484610562711225
1 0.8046789081479235 0.3557470857087622 0.1313574936225562 0.2356024917740016
1 0.7842899416147193 0.7087604095184116 0.12129931532444668 0.2254279411247194
1 0.7850656522561802 0.5754270761850782 0.10736480624398116 0.1218618735923432
1 0.6023916729680883 0.458893647614905 0.12096963830182593 0.16876127445805272
1 0.49760499339449005 0.42039419913077547 0.06759751943641959 0.16116367099521456
1 0.40315657601405697 0.6104317264041419 0.13414782950686704 0.1423273419904289
1 0.41712987062659534 0.5006644606031847 0.06366301035595417 0.05777215411212031
1 0.5481953615461299 0.6062960441520667 0.14093085276975292 0.1624437090899505
1 0.6814996057304086 0.6136233861424957 0.12775266156471163 0.18887764155757433
1 0.25560976091767645 0.18614679999824252 0.10751994837227338 0.14852854025900986
1 0.3885067570151881 0.26347414198867153 0.14077571064146072 0.13577704242328384
1 0.16612366921764418 0.0962425108213696 0.1542641861030862 0.16267644328899336
1 0.02592004517426073 0.3204654683980858 0.05184009034852146 0.12759760346283827
1 0.042247338435288335 0.4390897194802227 0.08449467687057667 0.13151277229377872
1 0.13310920531143952 0.3273564337653094 0.12441932823137833 0.18881945800781352
1 0.20945589133850365 0.383694655409806 0.11784962539489427 0.20536975757495868
1 0.14291416643860047 0.647560076189472 0.08424479333704965 0.15812125541068478
1 0.28703179558393893 0.8017577272707301 0.11467143418985301 0.23197824069186462
1 0.39063662764178353 0.756894750646646 0.1274811628402004 0.14221097489090767
1 0.48891178267700736 0.7686111653645873 0.0914738502187754 0.25490428917687286
1 0.43637244153869736 0.9134619212107631 0.09104720936597194 0.17307615757847392
1 0.8922451160103406 0.7756513748856352 0.14889683476086626 0.3858934095228051
1 0.6935045345902404 0.8366122683963283 0.2652726099369852 0.32677546320734335