0 0.43137255 0 0.2784313733333333 0.25882352999999997 0.13137254666666667 0.5147058833333333 0.05098039333333333 0.6294117666666666 0 0.7029411766666667 0 1 0.6745098033333333 1 0.6676470566666667 0.65735294 0.68137255 0.6514705866666667 0.7117647066666667 0.65 0.7676470566666667 0.6544117666666667 0.7901960766666666 0.6117647066666667 0.8176470566666667 0.5588235300000001 0.8421568633333334 0.5147058833333333 0.88137255 0.4735294133333333 0.9049019600000001 0.45735294 0.9441176466666668 0.45882353000000003 0.9578431366666667 0.4235294133333333 0.9764705866666666 0.35882353 1 0.35882353 1 0 0.43137255 0
1 0.4033333333333333 0.8033333333333333 0.1 0.175
1 0.49 0.3283333333333333 0.06833333333333333 0.08666666666666667
1 0.6166666666666667 0.21333333333333335 0.04833333333333333 0.09666666666666666
1 0.043333333333333335 0.6966666666666667 0.058333333333333334 0.075
1 0.38666666666666666 0.8233333333333334 0.03 0.04666666666666667
1 0.11666666666666667 0.63 0.015 0.03
1 0.4266666666666667 0.7466666666666667 0.04 0.065
1 0.495 0.4116666666666667 0.043333333333333335 0.07666666666666666
1 0.88 0.505 0.045 0.06
1 0.49 0.3933333333333333 0.07166666666666667 0.215