0 0.5 0.49833333333333335 0.995 0.9966666666666667
1 0.58 0.23333333333333334 0.08333333333333333 0.12333333333333334
1 0.5166666666666667 0.52 0.09 0.13
1 0.27666666666666667 0.5383333333333333 0.08166666666666667 0.09666666666666666
1 0.37666666666666665 0.7916666666666666 0.145 0.19333333333333333
1 0.5966666666666667 0.24333333333333335 0.03 0.065
1 0.3466666666666667 0.735 0.08166666666666667 0.08
1 0.555 0.21333333333333335 0.02 0.043333333333333335
1 0.36 0.7233333333333334 0.051666666666666666 0.056666666666666664
1 0.38666666666666666 0.8333333333333334 0.125 0.10666666666666667
1 0.8766666666666667 0.13333333333333333 0.021666666666666667 0.015
1 0.565 0.26 0.03666666666666667 0.065
1 0.26 0.56 0.03666666666666667 0.045
1 0.5933333333333334 0.26 0.018333333333333333 0.03