1 0.7821737819654421 0.6593730687412348 0.035196363275243246 0.04019392766036503
1 0.40817373255879935 0.535563501427533 0.11783565569294903 0.09732602071190816
0 0.5 0.5 1 1
0 0.9116666666666666 0.27197058817765435 0.17666666666666667 0.5343611499332688
1 0.7729681786583787 0.35440215789028956 0.05178999900691906 0.11027149872451124
1 0.8091782784647452 0.48791002611795153 0.0734977764536698 0.14705452198739694
1 0.730945300908721 0.23918883746388786 0.05768040319778985 0.09364361758991757
1 0.7773425733651534 0.26945063980538086 0.04783565569294903 0.0969187726251414
1 0.7834612609861743 0.18617548477015705 0.04372605988381982 0.08023271319243819
1 0.6689865105020907 0.5187525002280662 0.1590046447192314 0.19420600780497654
1 0.5358449451314119 0.48631981930295715 0.15442929142462483 0.16751994837227357