1 0.7208995085191714 0.526443225582319 0.1106704224329591 0.14481282734993403
1 0.5214023253438907 0.41189519713003053 0.0683994186640272 0.0996164640746907
1 0.5546247489839472 0.7024796916431717 0.12135501884465896 0.22178999900691906
1 0.4914825846533254 0.3770869650926852 0.13224265581145042 0.1757443423208889
1 0.1182626431499179 0.867607372262799 0.011222848183270932 0.023799090818810858
1 0.4976299580901713 0.7905548720145288 0.33569398582743093 0.4188902559709425
1 0.6642634922363468 0.26818292318397663 0.031746925976101466 0.034730605789765716
1 0.38055490788696084 0.9316166122946189 0.09663831870918518 0.130858484035964
1 0.5422876598843215 0.842246812900433 0.07593954831874461 0.11659363573167582
1 0.84001187155238 0.4852103962462231 0.014381488918994212 0.0206210099806367
1 0.4702857820011752 0.9090641367496702 0.10278090758302141 0.12116898902628236
0 0.4987961103584794 0.5024840399225466 0.8890744459497077 0.9950319201549068