0 0.5 0.5 1 1
1 0.6485030377277164 0.48403240087010335 0.10659308353848625 0.08180369004258257
1 0.21791728279719436 0.5999586874472113 0.08618561476284205 0.07145458874401811
1 0.7104526935759589 0.32617297143334173 0.12407468775644095 0.10209460779138614
1 0.30802198582389195 0.560025306495458 0.1203338856474636 0.09203642424162543
1 0.6030163141583188 0.6366009125580612 0.48222406326932327 0.30820388051626235
1 0.8953536622148344 0.27958135931340783 0.06230898972864982 0.05771397056235969
1 0.6017627879328694 0.5649051541165142 0.12339557313036759 0.08542794112471938
1 0.13289750622982355 0.396296909091708 0.11087717734832243 0.10519520692567653
1 0.162243839836694 0.5025271991351692 0.12019806272224894 0.08870309090829209
1 0.35102143350976167 0.46921073679880787 0.13087717734832238 0.105544308224241
1 0.3414713655150692 0.35763134545678227 0.13795131279063316 0.11566067532376233
1 0.398347438235131 0.27991737489442253 0.19556873993380275 0.13998312900302798
1 0.27144591728212525 0.23543259134378308 0.16169211489961063 0.1260679601720874
1 0.4089331931656532 0.17132221558716595 0.13754384401498915 0.10566067532376233
1 0.5631804954113993 0.23200819740638626 0.11863042741670672 0.13197824069186473
1 0.740834714118659 0.21222871082752082 0.19556873993380275 0.13998312900302803
1 0.6770316722126474 0.11994268138988053 0.19795131279063316 0.1167079792194554
1 0.9886247557511335 0.43956070303701344 0.022750488497733083 0.06736486926379541