1 0.17666666666666667 0.505 0.08 0.095
1 0.8883333333333333 0.5616666666666666 0.043333333333333335 0.07333333333333333
1 0.3 0.25333333333333335 0.041666666666666664 0.075
1 0.18666666666666668 0.75 0.04833333333333333 0.07
1 0.59 0.44333333333333336 0.04833333333333333 0.085
1 0.39 0.44666666666666666 0.021666666666666667 0.03333333333333333
1 0.33166666666666667 0.5716666666666667 0.01 0.02666666666666667
1 0.16333333333333333 0.5316666666666666 0.03666666666666667 0.043333333333333335
1 0.33166666666666667 0.4633333333333333 0.01 0.02
1 0.18666666666666668 0.8233333333333334 0.051666666666666666 0.215
0 0.5 0.49833333333333335 0.995 0.9966666666666667