1 0.8216741406247371 0.5332416741147739 0.11713209305154312 0.08543383733057075
1 0.7464802129643721 0.5700681885891885 0.05023271319243804 0.04232878742738744
1 0.7193869054449019 0.644643541883795 0.06029089149054774 0.05279454491286477
1 0.6988536043788978 0.7372417235214167 0.07364361758991758 0.056748888226834805
1 0.8797941535316689 0.5671914221161553 0.0669187726251414 0.04643838323651664
1 0.9171406782220876 0.16222793758365076 0.07360483205784477 0.050082221560168234
1 0.9232837402057682 0.25191743259333244 0.05354665375973506 0.039150706589213276
1 0.8508327777270964 0.10366632082016733 0.18734541347794487 0.12536080639557975
1 0.7358909560252059 0.09902253190315843 0.060310284256584246 0.05612787824619827
1 0.7339333978679915 0.14910015815073802 0.06025210595847474 0.046127878246198295
1 0.7068195863700111 0.5135978851977651 0.12050421191694947 0.09225575649239659
1 0.6120522995624493 0.4780225813098012 0.05023271319243823 0.04232878742738744
1 0.611780800837938 0.5246892479764679 0.06032967702262075 0.05946121157953144
1 0.7477601355227822 0.3500681885891885 0.11044603361883977 0.08178999900691906
1 0.627304405520924 0.43399061174825165 0.07362422482388108 0.05341555489350147
0 0.5 0.5 1 1
1 0.2091467182943932 0.558552426138306 0.4182934365887864 0.5695618143900545
1 0.521285174091533 0.9004701057648522 0.20753934113830988 0.15962565469986809
1 0.7880003226732909 0.879716572818786 0.09715148581757962 0.08783565569294903
1 0.7145603291267567 0.9014654610456209 0.08368240312199077 0.063881312378979
1 0.6593567050833733 0.9390271272157471 0.12021332042640173 0.04225575649239659
1 0.48147273900630144 0.020703108024197985 0.09366301035595408 0.04140621604839597
1 0.4343018604226853 0.0997395493817293 0.14711270028550644 0.08349777645366979
1 0.357160070988124 0.1849770234370567 0.23410904397479404 0.14420100799447472
1 0.4482740438227499 0.27570757982017974 0.19724844964776214 0.10915989721439057
1 0.6829163888635482 0.0590912145587745 0.2875005556062369 0.118182429117549
1 0.48755651147939877 0.39717788321160313 0.18750055560623688 0.15202747306224645
1 0.738729773824608 0.18386727940799927 0.04352726099369856 0.03535161577040247
1 0.823613417228389 0.19990834078144062 0.06025210595847474 0.046127878246198295
1 0.7249794960214896 0.2561549560553026 0.0669381653911779 0.04977171656984997
1 0.8205019894920017 0.4483193003623535 0.10726784241379884 0.10830141317842655
1 0.5208014661530939 0.6972143986790986 0.140601175747132 0.1098539381300181
1 0.6651905940229436 0.795460915139675 0.11048481915091296 0.08845666567358573
1 0.9176135785650344 0.6537393517551582 0.1138375452502828 0.09194525150207823
1 0.8508790372172399 0.6685110683250082 0.0670157364553241 0.06310504990318312
1 0.8386402839524961 0.7673877853913985 0.10391511631442882 0.10481282734993404
1 0.17269337205412824 0.2869268702517236 0.3453867441082565 0.16614625949655287
1 0.6123927841805622 0.13310020755738078 0.04348847546162536 0.0286849491037358
1 0.5836909882925351 0.197753187099567 0.07697695092325091 0.056904140721994075
1 0.6552800838950557 0.20774859178697833 0.04031028425658424 0.05519636327524324
1 0.8534291859510421 0.23017773499167485 0.06025210595847474 0.046127878246198295
1 0.39684756430659196 0.8096254076666543 0.11730662794587185 0.11543383733057075
1 0.2899384880644688 0.8562601541784142 0.10738419901001786 0.12830141317842655
1 0.5471007814775406 0.47271667163207154 0.043527260993698365 0.03535161577040242
1 0.4920716923284858 0.48027833780219775 0.07029089149054774 0.05326030239834229
1 0.4301529197033444 0.5264838422959757 0.08408965120875754 0.133881312378979
1 0.1757723770040391 0.718283031928072 0.2312023514942641 0.21737908883264898
1 0.2617711044549198 0.5426574266348465 0.2651756461068025 0.3289316137842405
1 0.07863280999442548 0.5579406067828467 0.15726561998885097 0.19078545310097317
1 0.513234147078203 0.5659358632503297 0.08050421191694947 0.09039272655048648
1 0.958128598077476 0.2769539480608279 0.03017453489432872 0.03139727245643248
1 0.8846789081479236 0.30036950295432946 0.036821808794958694 0.028374444113417403
1 0.9594655877215219 0.333542988479915 0.05360483205784476 0.04915070658921328
1 0.372984263544676 0.042611720542173805 0.05017453489432872 0.032328787427387436
1 0.3211904326862981 0.3532738413028946 0.04025210595847473 0.04519636327524324
1 0.2547273900630149 0.3213788912060778 0.03686059432703189 0.03504111078008407
1 0.22290558126805612 0.34952045657675657 0.04684120156099539 0.03217353493222826
1 0.174320141976248 0.39510495108989774 0.07360483205784457 0.050082221560168234
1 0.10085105928065904 0.42185383931673265 0.10744237730812738 0.13830141317842656
1 0.1420631071579414 0.21165747604148935 0.04023271319243823 0.041863029941909956
1 0.39755428905445106 0.9745477814190747 0.06007757106414601 0.016127878246198102