1 0.3700168664724491 0.7188480217104327 0.16822295864106263 0.1285599372828968
1 0.5822070482726038 0.5156516436014968 0.14808713571584803 0.12417844836390259
1 0.8462392727993815 0.7239543265509881 0.2954951568056223 0.2316902300611385
1 0.9542359589145997 0.4604746485775261 0.09152808217080065 0.11909818905446778
1 0.16073277266261285 0.7064329757277329 0.1203338856474636 0.09611424091635475
1 0.3611629281005495 0.37858598281401745 0.1338030419060116 0.10014634464012867
1 0.726287407694618 0.5264731952375943 0.17209958367525474 0.14206796321384027
1 0.472971089358004 0.2942257548631344 0.13060553149789295 0.10330498537585185
1 0.31438021507603897 0.5831350773412514 0.03761742714316957 0.025254951907044944
1 0.8042019289211609 0.6760506377223097 0.17142046904918118 0.1254012965471736
1 0.9687351304434043 0.21775982632519855 0.06252973911319146 0.1736685445498129
1 0.40601300027353715 0.08561620865464512 0.23958118789320962 0.16556181516604293
1 0.5976626519434844 0.32109546208489265 0.13046970857267828 0.09997165204251852
1 0.4445076047650291 0.21053594934521042 0.13019806272224893 0.0933049853758519
0 0.5 0.5 1 1