1 0.5416666666666666 0.6966666666666667 0.018333333333333333 0.03833333333333333
1 0.5883333333333334 0.71 0.013333333333333334 0.02
1 0.7333333333333333 0.5183333333333333 0.03166666666666667 0.04666666666666667
1 0.6666666666666666 0.4683333333333333 0.04666666666666667 0.07666666666666666
1 0.72 0.445 0.025 0.035
1 0.4166666666666667 0.7083333333333334 0.028333333333333332 0.05333333333333334
1 0.58 0.6866666666666666 0.011666666666666667 0.02
1 0.36666666666666664 0.67 0.02666666666666667 0.055
1 0.25666666666666665 0.8333333333333334 0.011666666666666667 0.02
1 0.86 0.36833333333333335 0.025 0.043333333333333335
1 0.7316666666666667 0.6166666666666667 0.023333333333333334 0.035
1 0.44 0.2866666666666667 0.025 0.035
1 0.48 0.23166666666666666 0.015 0.02666666666666667
1 0.525 0.19 0.02666666666666667 0.06
1 0.23666666666666666 0.8566666666666667 0.011666666666666667 0.015
1 0.5433333333333333 0.42333333333333334 0.018333333333333333 0.035
1 0.29 0.9333333333333333 0.018333333333333333 0.03333333333333333
1 0.37666666666666665 0.79 0.028333333333333332 0.04
1 0.31166666666666665 0.5133333333333333 0.043333333333333335 0.04666666666666667
1 0.5166666666666667 0.545 0.02666666666666667 0.03
1 0.4633333333333333 0.5466666666666666 0.025 0.065
1 0.5166666666666667 0.4866666666666667 0.02 0.04
1 0.33 0.6066666666666667 0.03166666666666667 0.056666666666666664
1 0.5966666666666667 0.6416666666666667 0.021666666666666667 0.02666666666666667
1 0.2866666666666667 0.02666666666666667 0.028333333333333332 0.035
1 0.29333333333333333 0.6366666666666667 0.03166666666666667 0.03333333333333333
1 0.5533333333333333 0.3516666666666667 0.02 0.02666666666666667
1 0.29 0.30666666666666664 0.215 0.31166666666666665
1 0.24 0.115 0.041666666666666664 0.06
1 0.7 0.565 0.025 0.035
1 0.2733333333333333 0.5816666666666667 0.03166666666666667 0.03666666666666667
1 0.7766666666666666 0.25333333333333335 0.016666666666666666 0.04
1 0.43 0.23333333333333334 0.03666666666666667 0.06
1 0.23 0.6766666666666666 0.03333333333333333 0.03666666666666667
1 0.19666666666666666 0.8483333333333334 0.018333333333333333 0.03333333333333333
1 0.4533333333333333 0.4866666666666667 0.025 0.055
1 0.7266666666666667 0.7 0.021666666666666667 0.03
0 0.5383333333333333 0.49666666666666665 0.9166666666666666 0.9933333333333333
1 0.16333333333333333 0.25666666666666665 0.06666666666666667 0.10333333333333333
1 0.185 0.5066666666666667 0.08 0.27
1 0.525 0.9333333333333333 0.03666666666666667 0.05
1 0.7933333333333333 0.8983333333333333 0.021666666666666667 0.058333333333333334
1 0.845 0.5516666666666666 0.04 0.08333333333333333
1 0.9566666666666667 0.6416666666666667 0.03666666666666667 0.051666666666666666
1 0.8133333333333334 0.625 0.058333333333333334 0.11833333333333333
1 0.89 0.6 0.07 0.075
1 0.8933333333333333 0.73 0.06166666666666667 0.056666666666666664
1 0.81 0.7966666666666666 0.055 0.06333333333333334
1 0.83 0.7433333333333333 0.023333333333333334 0.03166666666666667
1 0.5316666666666666 0.83 0.028333333333333332 0.056666666666666664
1 0.4766666666666667 0.3933333333333333 0.035 0.04833333333333333
1 0.15166666666666667 0.07833333333333334 0.018333333333333333 0.035
1 0.37666666666666665 0.8866666666666667 0.023333333333333334 0.045
1 0.42333333333333334 0.8716666666666667 0.025 0.041666666666666664
1 0.48333333333333334 0.7483333333333333 0.02666666666666667 0.065
1 0.645 0.5383333333333333 0.02 0.055