1 0.18846278615040443 0.47114417319615454 0.07765578701259898 0.05711270028550663
1 0.19962645714561889 0.40453568482759744 0.06075638614688941 0.043682403121990676
0 0.5 0.471242248238811 1 0.942484496477622
1 0.07591493073884087 0.42548481915091296 0.13192005714210395 0.1107563178754242
1 0.21601907706045395 0.6113187080904832 0.1413382216444967 0.07748116284020057
1 0.7389742173203425 0.6360300390248832 0.16829580605996702 0.09430297163515926
1 0.6461438796584614 0.7021634046255456 0.053915168830940656 0.03364361758991758
1 0.573546276195623 0.7550797934890937 0.07426427012950493 0.05375997418613679
1 0.5689619965424342 0.8267270673897239 0.16133822164449668 0.07759751943641958
1 0.7565596000052726 0.7744797289544356 0.09432245367926574 0.05720966411568914
1 0.7087583541182716 0.8392082302299243 0.1314545887440181 0.08408965120875754
1 0.8534965281443484 0.8550518155525129 0.09765578701259907 0.05722905688172583
1 0.8645147402651611 0.7967766605172891 0.05736486926379522 0.04032967702262075
1 0.92942746494052 0.8021548194550012 0.05069820259712856 0.040290891490547744
1 0.8256202277106149 0.7332106139915177 0.06777215411212031 0.06372118865406379
1 0.8888953774941875 0.7369124098795448 0.04397335238070127 0.0369187726251414