0 0.47333333333333333 0.5 0.9383333333333334 0.995
1 0.11 0.9683333333333334 0.058333333333333334 0.056666666666666664
1 0.6933333333333334 0.4766666666666667 0.011666666666666667 0.016666666666666666
1 0.49 0.5 0.31166666666666665 0.16
1 0.39 0.49666666666666665 0.10833333333333334 0.13666666666666666
1 0.2833333333333333 0.905 0.01 0.02
1 0.7533333333333333 0.73 0.02 0.015
1 0.225 0.4266666666666667 0.09666666666666666 0.043333333333333335
1 0.8166666666666667 0.585 0.25166666666666665 0.255
1 0.5933333333333334 0.5016666666666667 0.105 0.15666666666666668
1 0.4866666666666667 0.5033333333333333 0.09 0.14666666666666667