0 0.5004945601729662 0.505045459059459 0.9990108796540675 0.9899090818810821
1 0.5584403999947276 0.744616217041477 0.02374061818165842 0.024420100799447557
1 0.36448013333157586 0.2398993971894771 0.04719031861451318 0.03217353493222826
1 0.42725228744369625 0.300360559362366 0.043856985281179844 0.032018282437069084
1 0.10173242077527214 0.5723972230497897 0.023682434631897682 0.021086767466114223
1 0.05987054718292894 0.46759358632503295 0.037132135064752464 0.028374444113417403
1 0.1289687021616377 0.4126666172600239 0.047132135064752466 0.028840201598894926
1 0.10858207358970698 0.4870090918118918 0.03374061818165842 0.024885858284924893
1 0.1607433004293398 0.5129360114702581 0.05069820259712875 0.04232878742738744
1 0.09105108917511544 0.342707728040108 0.02379880173141913 0.027753434132780797
1 0.02896026666315169 0.5124018183623784 0.04034910129856435 0.02186302994190991
1 0.9194491489169843 0.2373831900788099 0.16110170216603137 0.12078545310097316
1 0.31719410389393554 0.30215055836928495 0.09075638614688937 0.04752515070263068
1 0.3679045272689726 0.5316436901037234 0.14472973852759072 0.08667585729184396
1 0.2560633099530238 0.5268446486915553 0.10098912034593231 0.06132424152144154
1 0.30435911601299076 0.6180044470926604 0.12128003809473598 0.07892242315906325
1 0.25656630562447597 0.46010035577730907 0.0673066857140346 0.039771716569849784
1 0.5142014363606806 0.408068287402474 0.06075638614688955 0.046127878246198295
1 0.6932536285675369 0.536506571825705 0.10777215411212031 0.06830141317842656