1 0.6817089813720597 0.8675246479100082 0.1477419067372379 0.1916290474856718
1 0.5804215736774418 0.30327982372159645 0.06019806272224893 0.0873260430299148
1 0.7670627921111646 0.18217673396983766 0.16855684428852633 0.21186176855505356
1 0.24933775184637558 0.7225599317631987 0.11114882319875183 0.11124117903670235
1 0.7292868553804875 0.4815949312963835 0.18440857340390457 0.19205570277953826
1 0.8117316680343523 0.5425258155739102 0.04217316680343515 0.05379877547209674
1 0.7357045628590175 0.1484943190324318 0.10543291700858806 0.1344969386802418
1 0.5640463294285754 0.514655589051536 0.13182793782482538 0.12814056677275062
0 0.5351358229252147 0.5037405952047513 0.9297283541495707 0.9925188095904974
1 0.8002178392896198 0.3008397554847951 0.0384323646944578 0.04375998862719977
1 0.5663807673901693 0.6945974087841906 0.042308989728649826 0.05713210880543007
1 0.5815052469842377 0.8613610425630995 0.07291452122654296 0.15410907023127227
1 0.5721900332758844 0.7962834688733057 0.03482738551069512 0.03705453511563614
1 0.4210609866445033 0.8894798805855976 0.07006223979703426 0.08410907023127227
1 0.35217025670851354 0.5888205042223496 0.29229764639750366 0.22329688181624077
1 0.3273796627619087 0.5119017230638526 0.08006223979703425 0.08422543076596317
1 0.2355403816059371 0.5474823580734047 0.0787662503419214 0.13418664392106622
1 0.28938588674161214 0.519789007680871 0.07700055231413026 0.09085331058773287
1 0.43281257977049675 0.6463986617440944 0.04965477102139005 0.07387634916189066
1 0.3761006883035153 0.31756109942710076 0.06727219816455962 0.09740361671970864
1 0.31024895918813683 0.3367853625291618 0.0878154898654185 0.11096967112242377
1 0.26868132388259464 0.37961446687883477 0.025099031361124464 0.04360484124761191
1 0.41311258394879186 0.2446932082325308 0.052444812653864595 0.0605818026734543
1 0.4496066361261536 0.28176713677061543 0.06618561476284204 0.07073695005304198
1 0.5000084332362246 0.3739768192658394 0.04577814598719783 0.06050422898366037
1 0.640483813474476 0.3872725334181779 0.02802489591881378 0.03364362809250887
1 0.6202291826207661 0.13548950621682038 0.06258063557907917 0.06403149654147844
1 0.5461120316346616 0.15628346887330571 0.04992641687181958 0.08054301582855729
1 0.5745189480961753 0.07665194389982673 0.034148270884621565 0.020387868448969493
1 0.8450536580365394 0.7061694436664192 0.13053194836971252 0.17810177992785384
1 0.8590406577630023 0.5997161046466857 0.04577814598719783 0.06050422898366037
1 0.9416326366732278 0.5007245626140063 0.06659308353848625 0.08073695005304198
1 0.8162987510257642 0.40930884277526774 0.041901520953005804 0.04713210880543007
1 0.8456564279637809 0.3530106511351221 0.06258063557907936 0.06403149654147844
1 0.8428607146657333 0.4479330774453282 0.03897565639531649 0.0570933219605331
1 0.769533052997973 0.3654518870358256 0.07312392727993824 0.07748119040950258
1 0.7014827088462154 0.2080676637385654 0.09502544823294405 0.12438057814555094
1 0.6240490909992267 0.965140424612748 0.03203734387822048 0.050349081604072504
1 0.5622466014073454 0.961089534648821 0.0384323646944578 0.04375998862719977
1 0.5194311115419269 0.850643485932506 0.0697905939466049 0.0774424035646056
1 0.45238242433256015 0.9631429021005549 0.035099031361124466 0.04372120178230261