1 0.7064231458787363 0.33245429611609334 0.01674423773081268 0.013430297163515851
1 0.14797234473671003 0.6358823708546616 0.05346908269558895 0.02364361758991758
1 0.23928994161471934 0.6964156719206658 0.043507868227662054 0.030252105958474735
1 0.3585843280793342 0.24542775206527723 0.03352726099369856 0.03352726099369856
1 0.6783419185038777 0.2889561242714496 0.023469082695589047 0.023469082695588953
1 0.38453346240264974 0.3689162275269028 0.05358543929180807 0.043643617589917576
1 0.8946971897014862 0.6302263504468416 0.05356604652577138 0.04031028425658424
1 0.3091940889970106 0.4268132236244144 0.050252105958474735 0.04362422482388107
1 0.27700492885983186 0.2299526292973826 0.03678302326288578 0.020213320426401726
1 0.14638324913418943 0.6225393411383099 0.06697695092325096 0.05372118865406378
1 0.4988159300592986 0.49291861128849596 0.043507868227662054 0.030252105958474735
1 0.37711906303110326 0.783887138377848 0.03346908269558895 0.023527260993698368
1 0.6898717245958149 0.5990336953355957 0.036821808794958694 0.026879987093068394
1 0.25546431517240253 0.20815990965147851 0.08713209305154312 0.08050421191694947
1 0.1347359752335593 0.6191381331238488 0.03682180879495879 0.026879987093068394
0 0.5 0.5 1 1
1 0.8035541277178055 0.5396930493808373 0.13060117574713218 0.10408965120875753
1 0.31540502566181916 0.5051853424898208 0.10701573645532401 0.06062056851316849
1 0.581063268494587 0.6800700971060756 0.11368240312199078 0.0606593540452415
1 0.6508596444512034 0.7154773451928425 0.07701573645532411 0.060446033618839955
1 0.6993966018279203 0.680758540300372 0.08372118865406378 0.06715148581757963
1 0.6612862853040068 0.6422021901576187 0.07705452198739711 0.06711270028550644
1 0.2361516471542251 0.376386582771611 0.06699634368928742 0.05705452198739702
1 0.297866795735983 0.36841201560995324 0.06370179588802709 0.06370179588802719
1 0.03648990934739028 0.6035660465257716 0.06699634368928746 0.05705452198739711