1 0.5608357256148382 0.2133186105664934 0.3783285487703237 0.4174835257373069
1 0.4653825177157114 0.5390737863780818 0.15381488918994154 0.20166783433056878
1 0.09264164993226313 0.04610542507956304 0.09471670013547372 0.09104724481221763
1 0.3314400627171033 0.1672895915128221 0.11855993728289681 0.16461329921493265
1 0.499780483039807 0.20093438726923318 0.06068459641169985 0.0773260430299148
1 0.6819570535205633 0.12967615013788658 0.14030686325899827 0.19817935361764769
1 0.6640368882867835 0.407970696626323 0.12487721875434317 0.1580242062380599
1 0.20567999155897837 0.6894787129216955 0.1239895817875517 0.2046520860598296
1 0.5845964010264657 0.5554701127943719 0.16819637810893576 0.22182298171015646
1 0.935982070254967 0.08760455692760626 0.12349385195220293 0.06806299308295682
1 0.5742564052469765 0.21180709127941452 0.12732291512088503 0.20469087290472654
0 0.5009797678286061 0.4644422614046028 0.9980404643427878 0.927720917462297