1 0.535 0.47486708716970705 0.08666666666666667 0.12019806272224894
1 0.23333333333333334 0.8388257285683043 0.05 0.08870401054488715
1 0.5866666666666667 0.06276183182887915 0.03666666666666667 0.051494052177361735
1 0.5016666666666667 0.8745586497551873 0.09333333333333334 0.15046970857267827
1 0.30666666666666664 0.5058376242135807 0.05333333333333334 0.06883983347010182
1 0.5683333333333334 0.4796661143525364 0.7766666666666666 0.9593322287050728
0 0.5 0.5 1 1
1 0.4266666666666667 0.4176146655725182 0.14666666666666667 0.2293095420427802
1 0.5516666666666666 0.3275213058769668 0.14333333333333334 0.22917371911756562
1 0.8483333333333334 0.8004330655328584 0.05 0.06537067721155382
1 0.9433333333333334 0.44489544549757276 0.11333333333333333 0.16461797945729983
1 0.9633333333333334 0.2690805079462845 0.07333333333333333 0.1663214376880567
1 0.9683333333333334 0.1372101068917958 0.06333333333333334 0.08924730224574602
1 0.11333333333333333 0.9087153538760333 0.15333333333333332 0.06624785455987649
1 0.05333333333333334 0.771160166529898 0.10333333333333333 0.09421051068165581
1 0.075 0.6669439841826692 0.06666666666666667 0.0793831251709607
1 0.03 0.6021109270064011 0.06 0.0624448126538645
1 0.3983333333333333 0.7071024937701764 0.07666666666666666 0.13312392727993824
1 0.29833333333333334 0.604510514859951 0.14333333333333334 0.11250705245089876
1 0.24833333333333332 0.45488119207150474 0.06666666666666667 0.10271645850429403
1 0.745 0.29631024288118085 0.11333333333333333 0.24795131279063318
1 0.6533333333333333 0.7150453733245851 0.16666666666666666 0.24012447959406852
1 0.835 0.4326430239003838 0.09666666666666666 0.17060553149789295
1 0.8116666666666666 0.5952604510435534 0.12 0.13155629197439603
1 0.8883333333333333 0.643803190430282 0.13 0.24863042741670674
1 0.615 0.4982740036312208 0.05 0.06870401054488715
1 0.575 0.616570545400464 0.1 0.12740802108977428
1 0.6733333333333333 0.1542304357732969 0.12 0.12155629197439595
1 0.5616666666666666 0.15711383710132273 0.14666666666666667 0.1559762087094469
1 0.385 0.2709791188043686 0.09333333333333334 0.14046970857267826
1 0.32166666666666666 0.38689308771678127 0.08 0.1499264168718196
1 0.89 0.22540194563434127 0.09666666666666666 0.18060553149789305
1 0.9 0.07832781019203049 0.1 0.10074135442310772