1 0.5925730824649202 0.6403379807514811 0.07471670013547377 0.09162926808488882
1 0.7249385195220274 0.6506067384013328 0.09892349645685765 0.1088390241131852
1 0.6766902300611385 0.27126620405474017 0.09541547052591416 0.10542810658533341
1 0.813677933965544 0.4015737538018512 0.0787488038592475 0.1050401856127407
1 0.35326955042900005 0.27712520425637005 0.08208213719258092 0.10511776980725926
1 0.195285602290887 0.2874771201626665 0.0705099038140897 0.07488501722370378
1 0.4558190694994485 0.6418522660600736 0.1062889335139649 0.12232752583555566
1 0.16939087833472521 0.3665087112466665 0.09208213719258093 0.10535052239081494
1 0.4821150900027838 0.7296813021290366 0.16186492265874866 0.2934137045588151
1 0.530252469770396 0.8203393742669626 0.054192622342643326 0.08116376291777783
1 0.5270844396189417 0.4733235787249625 0.1082105520876765 0.15899419250222233
1 0.5092916604835401 0.8024715461007403 0.09365437057107215 0.13535052239081494
1 0.4885197177730352 0.7245261337399996 0.08173275199736053 0.09845110314059259
0 0.5 0.5 1 1