1 0.44 0.67 0.023333333333333334 0.04
1 0.6566666666666666 0.4033333333333333 0.016666666666666666 0.03
1 0.5433333333333333 0.395 0.075 0.07166666666666667
1 0.6116666666666667 0.2733333333333333 0.02666666666666667 0.02666666666666667
1 0.18 0.5083333333333333 0.021666666666666667 0.03333333333333333
1 0.6666666666666666 0.18666666666666668 0.025 0.04
1 0.47833333333333333 0.885 0.016666666666666666 0.025
1 0.365 0.3283333333333333 0.03333333333333333 0.03666666666666667
1 0.49 0.8283333333333334 0.015 0.023333333333333334
1 0.17666666666666667 0.455 0.04666666666666667 0.06333333333333334
1 0.25333333333333335 0.425 0.085 0.16
1 0.32666666666666666 0.2833333333333333 0.02666666666666667 0.04666666666666667
1 0.18333333333333332 0.265 0.07 0.09333333333333334
1 0.23333333333333334 0.18833333333333332 0.03833333333333333 0.06333333333333334
1 0.27666666666666667 0.18333333333333332 0.025 0.03
1 0.27666666666666667 0.20333333333333334 0.028333333333333332 0.07
1 0.625 0.5066666666666667 0.013333333333333334 0.02
1 0.35333333333333333 0.8816666666666667 0.018333333333333333 0.023333333333333334
1 0.36666666666666664 0.39666666666666667 0.016666666666666666 0.03
1 0.6433333333333333 0.13 0.02666666666666667 0.045
1 0.6 0.8683333333333333 0.016666666666666666 0.03333333333333333
1 0.6733333333333333 0.35 0.028333333333333332 0.03
1 0.28 0.21666666666666667 0.018333333333333333 0.04
1 0.5633333333333334 0.14 0.025 0.04
0 0.44666666666666666 0.49833333333333335 0.7266666666666667 0.9933333333333333
1 0.455 0.575 0.06 0.10333333333333333
1 0.44666666666666666 0.48 0.058333333333333334 0.09
1 0.7533333333333333 0.595 0.06166666666666667 0.075
1 0.725 0.4716666666666667 0.04 0.04666666666666667
1 0.7333333333333333 0.18833333333333332 0.028333333333333332 0.051666666666666666
1 0.315 0.755 0.09166666666666666 0.12
1 0.3383333333333333 0.64 0.13 0.145
1 0.7166666666666667 0.715 0.1 0.07333333333333333
1 0.29333333333333333 0.13166666666666665 0.045 0.045
1 0.5866666666666667 0.6766666666666666 0.02 0.028333333333333332
1 0.775 0.3333333333333333 0.051666666666666666 0.10833333333333334
1 0.37333333333333335 0.16333333333333333 0.045 0.08166666666666667