0 0.45166666666666666 0.49666666666666665 0.89 0.9933333333333333
1 0.2966666666666667 0.33666666666666667 0.06166666666666667 0.1
1 0.24 0.085 0.03333333333333333 0.07
1 0.5066666666666667 0.19833333333333333 0.04833333333333333 0.07333333333333333
1 0.63 0.5533333333333333 0.03666666666666667 0.08666666666666667
1 0.37833333333333335 0.16666666666666666 0.056666666666666664 0.043333333333333335
1 0.535 0.6866666666666666 0.06 0.115
1 0.12333333333333334 0.21166666666666667 0.025 0.043333333333333335
1 0.44 0.32166666666666666 0.10666666666666667 0.16666666666666666
1 0.535 0.885 0.23 0.23
1 0.6166666666666667 0.85 0.08 0.14833333333333334
1 0.64 0.7516666666666667 0.03666666666666667 0.08333333333333333
1 0.16 0.5416666666666666 0.025 0.04666666666666667
1 0.6 0.68 0.056666666666666664 0.075
1 0.22666666666666666 0.5583333333333333 0.043333333333333335 0.04666666666666667
1 0.41 0.49333333333333335 0.025 0.03
1 0.42333333333333334 0.6766666666666666 0.085 0.12666666666666668
1 0.4083333333333333 0.6933333333333334 0.056666666666666664 0.095
1 0.31333333333333335 0.30666666666666664 0.023333333333333334 0.04
1 0.45666666666666667 0.3566666666666667 0.075 0.09666666666666666
1 0.6 0.25333333333333335 0.041666666666666664 0.11
1 0.79 0.5683333333333334 0.13333333333333333 0.10333333333333333
1 0.74 0.48333333333333334 0.021666666666666667 0.03
1 0.5966666666666667 0.22666666666666666 0.016666666666666666 0.05333333333333334
1 0.18 0.31333333333333335 0.07 0.07666666666666666
1 0.59 0.77 0.02666666666666667 0.035
1 0.6266666666666667 0.15666666666666668 0.02 0.03666666666666667
1 0.44 0.11333333333333333 0.02666666666666667 0.05
1 0.5766666666666667 0.4066666666666667 0.025 0.055
1 0.48 0.6983333333333334 0.011666666666666667 0.03333333333333333
1 0.15 0.09333333333333334 0.058333333333333334 0.09333333333333334
1 0.4683333333333333 0.92 0.095 0.08833333333333333
1 0.43 0.8383333333333334 0.018333333333333333 0.05333333333333334
1 0.46 0.66 0.016666666666666666 0.03
1 0.6166666666666667 0.4533333333333333 0.041666666666666664 0.09666666666666666
1 0.6 0.6066666666666667 0.018333333333333333 0.02
1 0.5083333333333333 0.475 0.1 0.125
1 0.16666666666666666 0.42833333333333334 0.085 0.10666666666666667
1 0.44 0.6466666666666666 0.03833333333333333 0.06333333333333334
1 0.5 0.09666666666666666 0.043333333333333335 0.06
1 0.305 0.47333333333333333 0.09166666666666666 0.10333333333333333
1 0.6916666666666667 0.6683333333333333 0.07833333333333334 0.165
1 0.6783333333333333 0.48833333333333334 0.085 0.21166666666666667
1 0.6283333333333333 0.37666666666666665 0.04 0.06833333333333333
1 0.71 0.25833333333333336 0.08166666666666667 0.12
1 0.7766666666666666 0.3466666666666667 0.06833333333333333 0.09333333333333334
1 0.84 0.40166666666666667 0.035 0.075
1 0.7933333333333333 0.47333333333333333 0.06666666666666667 0.09166666666666666
1 0.4116666666666667 0.03666666666666667 0.15666666666666668 0.07333333333333333
1 0.255 0.021666666666666667 0.19666666666666666 0.043333333333333335
1 0.105 0.34833333333333333 0.05 0.1
1 0.5216666666666666 0.9216666666666666 0.08333333333333333 0.15666666666666668
1 0.4766666666666667 0.8216666666666667 0.055 0.105
1 0.605 0.9616666666666667 0.07 0.07666666666666666