1 0.4766666666666667 0.16666666666666666 0.12666666666666668 0.17333333333333334
1 0.38333333333333336 0.8833333333333333 0.10666666666666667 0.21666666666666667
1 0.8733333333333333 0.785 0.03333333333333333 0.06
1 0.7666666666666667 0.4266666666666667 0.025 0.055
1 0.7433333333333333 0.5966666666666667 0.025 0.05
1 0.5616666666666666 0.45666666666666667 0.023333333333333334 0.04
1 0.89 0.8866666666666667 0.028333333333333332 0.05
1 0.8466666666666667 0.6483333333333333 0.02666666666666667 0.05333333333333334
1 0.6466666666666666 0.49333333333333335 0.021666666666666667 0.03
1 0.8333333333333334 0.875 0.02 0.025
1 0.6466666666666666 0.15166666666666667 0.021666666666666667 0.04666666666666667
1 0.79 0.6483333333333333 0.021666666666666667 0.02666666666666667
1 0.6733333333333333 0.6016666666666667 0.023333333333333334 0.04666666666666667
1 0.6766666666666666 0.7316666666666667 0.023333333333333334 0.023333333333333334
1 0.7766666666666666 0.5133333333333333 0.018333333333333333 0.02666666666666667
1 0.9 0.7633333333333333 0.011666666666666667 0.025
1 0.275 0.29333333333333333 0.02666666666666667 0.03666666666666667
1 0.7766666666666666 0.5716666666666667 0.015 0.02666666666666667
1 0.8266666666666667 0.4766666666666667 0.015 0.023333333333333334
1 0.6083333333333333 0.48833333333333334 0.013333333333333334 0.016666666666666666
1 0.7966666666666666 0.12 0.035 0.075
1 0.7516666666666667 0.38166666666666665 0.02 0.02666666666666667
1 0.78 0.8066666666666666 0.021666666666666667 0.025
1 0.8333333333333334 0.20666666666666667 0.025 0.03333333333333333
1 0.7466666666666667 0.3466666666666667 0.018333333333333333 0.03333333333333333
1 0.3616666666666667 0.36333333333333334 0.023333333333333334 0.035
1 0.47333333333333333 0.12333333333333334 0.11333333333333333 0.07333333333333333
1 0.51 0.20666666666666667 0.056666666666666664 0.056666666666666664
1 0.85 0.37666666666666665 0.025 0.02666666666666667
1 0.6533333333333333 0.8016666666666666 0.015 0.02666666666666667
1 0.69 0.5633333333333334 0.011666666666666667 0.016666666666666666
1 0.8333333333333334 0.175 0.025 0.03
1 0.7733333333333333 0.22333333333333333 0.023333333333333334 0.045
1 0.15 0.41333333333333333 0.023333333333333334 0.02666666666666667
1 0.71 0.013333333333333334 0.023333333333333334 0.02666666666666667
1 0.5216666666666666 0.7616666666666667 0.15666666666666668 0.17333333333333334
1 0.49333333333333335 0.8283333333333334 0.016666666666666666 0.02666666666666667
1 0.66 0.54 0.013333333333333334 0.015
0 0.505 0.49666666666666665 0.9833333333333333 0.9933333333333333