1 0.7310364017704798 0.13388369634479544 0.06726784241379866 0.10566138463278317
1 0.5813164856655355 0.3670371155368528 0.1076750905005656 0.17705821541245315
1 0.3341553034649376 0.4434233257288884 0.05703512922136052 0.06531217693786573
1 0.4794450837430115 0.6852117052543447 0.09750055560623688 0.14670900771753564
1 0.09853362373929517 0.8286084795141473 0.10751994837227345 0.15039154874578647
1 0.3722354196273223 0.7748201565085584 0.11100842383389893 0.17717461797742562
1 0.08582085891913041 0.7214762025875907 0.10432236440119577 0.17360847951414712
1 0.5887297738246081 0.23893658733346446 0.047112700285506626 0.07829630257628158
1 0.3895603291267567 0.9426031974802637 0.11071753234335119 0.11479360503947267
1 0.9374024805635804 0.19276732203975663 0.053934509080465126 0.1051957743728932
1 0.38680877877451897 0.8417592788842132 0.20188109830554216 0.31648144223157354
1 0.4893093343807559 0.7088942462825956 0.05719027134965283 0.0919788436045324
1 0.09721602686128585 0.7685502782316611 0.16486536185021824 0.26903705901698555
0 0.5 0.5 1 1