1 0.7833333333333333 0.5422073278798292 0.43333333333333335 0.32927537890335695
0 0.5 0.5171181525474088 1 0.9657636949051825
1 0.285 0.6850406802853563 0.10333333333333333 0.07967335958464673
1 0.051666666666666666 0.69349665354101 0.06666666666666667 0.04527313521590107
1 0.515 0.5966816971238309 0.10666666666666667 0.069770349678775
1 0.19333333333333333 0.44770790787388687 0.21666666666666667 0.10963768945167847
1 0.19833333333333333 0.47422908939936104 0.07 0.05537012531002953
1 0.22 0.7902653204541931 0.15 0.12769788756911074
1 0.13833333333333334 0.8176415777603387 0.043333333333333335 0.03126087122366888
1 0.14833333333333334 0.5823506074779535 0.05 0.05812151807859247
1 0.4483333333333333 0.8452881656730653 0.05 0.03478818474525913
1 0.105 0.5036114787016225 0.12333333333333334 0.0969219668160836
1 0.11166666666666666 0.5200841651800324 0.05 0.038121518078592466
1 0.29333333333333333 0.5581315383833686 0.18 0.15857079841626615
1 0.25166666666666665 0.5393439145599734 0.06333333333333334 0.04184281178843927
1 0.5483333333333333 0.41237846284921376 0.08666666666666667 0.05585507578067146
1 0.04666666666666667 0.591975472015536 0.09333333333333334 0.3293823893022613
1 0.3416666666666667 0.816725182018507 0.11666666666666667 0.10672798662782687
1 0.47833333333333333 0.7877485881592433 0.05333333333333334 0.05155184150605426
1 0.5133333333333333 0.2967301921708952 0.03666666666666667 0.027733557702078998
1 0.4533333333333333 0.6084760138652062 0.03 0.030872910847155405
1 0.4066666666666667 0.43816720851633684 0.03666666666666667 0.02106689103541233
1 0.24333333333333335 0.3945863897952945 0.04666666666666667 0.024691194651130673
1 0.26 0.6641014393246525 0.03666666666666667 0.027733557702078998
1 0.44666666666666666 0.36533666072012955 0.17 0.12827982813388103
1 0.44166666666666665 0.4054821458613222 0.10666666666666667 0.06310368301210834
1 0.41 0.3730702184222085 0.04666666666666667 0.0280245279844641
1 0.3983333333333333 0.4400763504183245 0.056666666666666664 0.038315498266849206
1 0.2683333333333333 0.39719229742266493 0.10666666666666667 0.06310368301210834
1 0.10833333333333334 0.46518115527416076 0.06 0.051745821694311
1 0.4533333333333333 0.18847601386520613 0.1 0.06290970282385161
1 0.43666666666666665 0.5072942976691814 0.14666666666666667 0.13093423080831562
1 0.64 0.6347112352606831 0.09 0.0826187325414666
1 0.7183333333333334 0.657431968048666 0.09 0.07928539920813307
1 0.4083333333333333 0.6931187134692727 0.12 0.10015831005528866
1 0.515 0.2500150304571643 0.09333333333333334 0.08938238930226153
1 0.30333333333333334 0.2945072347676502 0.09333333333333334 0.0860490559689282
1 0.3983333333333333 0.24674301708499116 0.11 0.07653400643957013
1 0.6033333333333334 0.8291114596294288 0.11333333333333333 0.0966309965336984
1 0.265 0.8539559541834599 0.09333333333333334 0.08938238930226135
1 0.04666666666666667 0.7753088053488694 0.09333333333333334 0.06271572263559468
1 0.07 0.8429632080233039 0.06 0.081745821694311
1 0.27 0.24881046904226736 0.07 0.04870345864336277
1 0.6883333333333334 0.3849715455624882 0.12666666666666668 0.07368562357687873
1 0.61 0.28725081277450526 0.06 0.081745821694311
1 0.5766666666666667 0.3632207137157891 0.14666666666666667 0.10760089747498228
1 0.18333333333333332 0.3563322114896054 0.06333333333333334 0.03850947845510594