0 0.5 0.5 1 1
1 0.406682526898284 0.095 0.1599682795367654 0.19
1 0.5289840267286479 0.745 0.11845504619212306 0.14666666666666667
1 0.481317388321915 0.535 0.1736508205650163 0.2
1 0.34279890120332274 0.3016666666666667 0.042211648734477386 0.06333333333333334
1 0.40140199977381863 0.8666666666666667 0.04876191283617155 0.06
1 0.42949197803940686 0.635 0.0657777871977557 0.07
1 0.13689940114677743 0.5183333333333333 0.04554498206781072 0.06333333333333334
1 0.38775656015245386 0.3983333333333333 0.04876191283617155 0.06
1 0.2927830409717055 0.20666666666666667 0.052328051299449875 0.06666666666666667
1 0.6434549755422887 0.37833333333333335 0.09027514618081378 0.10333333333333333
1 0.4858623986496593 0.26166666666666666 0.021280428214697434 0.03666666666666667
1 0.3311375448304733 0.15833333333333333 0.06922752309606153 0.07333333333333333
1 0.4947829844518381 0.6266666666666667 0.2732698924068641 0.38
1 0.3538094228811892 0.75 0.03151323334464242 0.043333333333333335
1 0.3916189446721463 0.765 0.024613761548030764 0.03666666666666667
1 0.21357668840107843 0.23166666666666666 0.05162963590961491 0.04666666666666667
1 0.6343279947795825 0.35333333333333333 0.12868785132206806 0.15333333333333332
1 0.2958623279998251 0.7866666666666666 0.0279470948813641 0.03666666666666667
1 0.10440736658750319 0.30333333333333334 0.04496296924294822 0.04666666666666667