1 0.2197925722964151 0.28916528588134094 0.06852854025900987 0.1093831251709607
1 0.6988371939444268 0.7060018054666611 0.07180369004258258 0.10618561476284223
1 0.7882431376689111 0.9271987635606493 0.0713964051942575 0.08285228142950851
1 0.49722406060845725 0.32949073829258 0.03847035670924925 0.10482738551069502
1 0.5789704320409202 0.894088941182509 0.0760097766223267 0.1563214376880569
1 0.8302871324693812 0.23597635723371718 0.05064001904736794 0.038704010544887237
1 0.6890155298731313 0.40994634196346064 0.06110548744545364 0.06577814598719801
1 0.6421452207823021 0.4235145295831331 0.06116367099521464 0.06911147932053135
1 0.6655367376653962 0.4192304357732969 0.1114545887440181 0.0878154898654185
1 0.5845813593134077 0.858885206794687 0.06472973852759083 0.08258063557907917
0 0.5 0.5 1 1