1 0.19333333333333333 0.905 0.08833333333333333 0.185
1 0.11666666666666667 0.15333333333333332 0.03 0.06
1 0.2733333333333333 0.47 0.03666666666666667 0.045
1 0.82 0.4033333333333333 0.19166666666666668 0.3233333333333333
1 0.21166666666666667 0.455 0.04666666666666667 0.07
1 0.64 0.8766666666666667 0.021666666666666667 0.045
1 0.05 0.6866666666666666 0.035 0.09333333333333334
1 0.6533333333333333 0.05333333333333334 0.11333333333333333 0.105
1 0.15666666666666668 0.7016666666666667 0.028333333333333332 0.06666666666666667
1 0.2866666666666667 0.475 0.06166666666666667 0.055
1 0.6466666666666666 0.65 0.021666666666666667 0.045
1 0.6516666666666666 0.92 0.02 0.025
1 0.6333333333333333 0.8733333333333333 0.06166666666666667 0.125
0 0.48333333333333334 0.49666666666666665 0.9666666666666667 0.9933333333333333
1 0.5216666666666666 0.5483333333333333 0.12 0.5366666666666666
1 0.24166666666666667 0.25333333333333335 0.23166666666666666 0.32
1 0.45166666666666666 0.20666666666666667 0.125 0.18333333333333332
1 0.53 0.25333333333333335 0.065 0.21833333333333332
1 0.6933333333333334 0.765 0.03 0.07833333333333334
1 0.835 0.8266666666666667 0.07 0.13333333333333333
1 0.705 0.645 0.04833333333333333 0.11833333333333333
1 0.76 0.655 0.03 0.12166666666666667
1 0.32166666666666666 0.6216666666666667 0.09833333333333333 0.15166666666666667
1 0.056666666666666664 0.7983333333333333 0.06666666666666667 0.12333333333333334
1 0.08666666666666667 0.9216666666666666 0.09333333333333334 0.13666666666666666
1 0.19333333333333333 0.7633333333333333 0.07 0.13
1 0.10666666666666667 0.5066666666666667 0.115 0.21833333333333332
1 0.115 0.36333333333333334 0.125 0.18333333333333332
1 0.18 0.06333333333333334 0.215 0.125
1 0.056666666666666664 0.051666666666666666 0.07833333333333334 0.10333333333333333
1 0.43166666666666664 0.5216666666666666 0.11 0.17166666666666666
1 0.4 0.7433333333333333 0.09 0.2
1 0.505 0.8983333333333333 0.11 0.185