1 0.45252347353932765 0.8963124969084367 0.05717657048075637 0.07612841489509568
1 0.6468884860532204 0.608984797224542 0.05436731494025347 0.08595372229748534
1 0.5083946341010177 0.5352430803546648 0.05436731494025347 0.08595372229748534
1 0.382169483491386 0.12474026352994552 0.04998582602125926 0.06577902969987524
1 0.38475443750868626 0.33263686536925346 0.05016051861886941 0.06911236303320853
1 0.6859041133718928 0.30686722508510933 0.10311611879950097 0.19155805939975049
1 0.6008096800837174 0.33232521754724575 0.03998582602125926 0.06525495190704485
1 0.5606704224329591 0.1689989712032828 0.04752595567597666 0.08227100376893182
1 0.3697921748818988 0.5545726579217057 0.05016051861886941 0.06911236303320853
1 0.6730900732683803 0.7283662861435362 0.06612841489509567 0.05665249268792593
1 0.7175920410066706 0.2137888436588208 0.043319159354592594 0.0654296445046549
1 0.12706317865083055 0.5850660853306939 0.06752595567597666 0.0833191593545926
1 0.3553800355790624 0.2795726579217057 0.03595372229748534 0.05174692597610137
1 0.5901580364822205 0.8902289063759241 0.04262038896415201 0.05209631117132176
1 0.24584971988329068 0.9170608762244699 0.0426203889641521 0.05209631117132176
1 0.29062311593372725 0.7565226244528986 0.04262038896415201 0.05209631117132176
1 0.34451826443310357 0.983567024272267 0.06244569636654196 0.03286595145546585
0 0.4845372229748539 0.5 0.9690744459497078 1