0 0.9621459766666667 1 0.9800007466666667 0.7646604733333333 0.9384871600000001 0.6929164 0.8658088266666666 0.56874359 0.7364115566666666 0.2947945733333333 0.6025812933333333 0.019980696666666665 0.5174603833333333 0.012044023333333334 0.03374246 0.0007853633333333333 0.008818723333333334 0.32929929333333335 0.020848250000000002 0.33042092666666667 0.03474862 0.39794054333333334 0.04594583 0.4351065033333333 0.08582624333333333 0.4373198666666667 0.10843921999999999 0.45598418999999996 0.14503144666666667 0.5015383033333333 0.16648427666666668 0.5486909833333333 0.19023931333333333 0.6050888 0.20981717333333333 0.6505615766666667 0.2668253433333333 0.6513617766666667 0.29753141 0.6557298899999999 0.3109963233333333 0.6630056833333333 0.27932297666666667 0.99282577 0.35626667333333334 1 0.9621459766666667 1
1 0.5685433201223133 0.8366778147905191 0.11441932823137828 0.1893045292802962
1 0.5163843603466634 0.3470643422476301 0.07720966411568914 0.09511776980725926
1 0.39546431517240255 0.2158991858143707 0.05393450908046541 0.10457468044562963
1 0.9423517762235415 0.7637005779099267 0.06713209305154312 0.08155168389037044
1 0.5834172671430761 0.8586936103325189 0.033624224823881076 0.050775841945185224
1 0.8727881134593631 0.6870713098250378 0.016841201560995386 0.03038792097259261
1 0.5488826935279525 0.7778789762900745 0.043740581420100094 0.07100859452874071
1 0.5042425709121019 0.4284594642334819 0.05048481915091296 0.08449709625111117
1 0.1071686561586684 0.4892269450857778 0.05036846255469385 0.06449709625111116
1 0.5110158977919694 0.4102812992891856 0.09129931532444667 0.2254281065853335