0 0.5283333333333333 0.5 0.935 1
1 0.55 0.32666666666666666 0.03333333333333333 0.065
1 0.7566666666666667 0.3466666666666667 0.021666666666666667 0.05
1 0.26 0.3983333333333333 0.03166666666666667 0.07333333333333333
1 0.8866666666666667 0.445 0.028333333333333332 0.04
1 0.58 0.6533333333333333 0.04833333333333333 0.075
1 0.51 0.3466666666666667 0.015 0.025
1 0.69 0.775 0.035 0.05
1 0.7 0.6933333333333334 0.03833333333333333 0.04666666666666667
1 0.765 0.4766666666666667 0.03 0.05
1 0.3566666666666667 0.88 0.035 0.045
1 0.6266666666666667 0.6833333333333333 0.03 0.043333333333333335
1 0.93 0.47333333333333333 0.015 0.03666666666666667
1 0.49333333333333335 0.5133333333333333 0.011666666666666667 0.035
1 0.2783333333333333 0.845 0.04666666666666667 0.065
1 0.48333333333333334 0.24 0.023333333333333334 0.03
1 0.9166666666666666 0.5816666666666667 0.02 0.023333333333333334
1 0.9 0.49333333333333335 0.011666666666666667 0.02
1 0.6433333333333333 0.9783333333333334 0.035 0.03666666666666667
1 0.5466666666666666 0.32666666666666666 0.025 0.043333333333333335