1 0.3758773746657899 0.6654887340484208 0.02682181404625453 0.014575353294606732
1 0.8191889792488705 0.39795923506641523 0.02682181404625453 0.014575353294606543
1 0.13399621268828785 0.49264388773029444 0.0403490816040725 0.03186302994190991
1 0.13773680789303916 0.5277991402254535 0.06701574827073922 0.03310504990318312
1 0.2628725618501785 0.5452877754605888 0.047054535115636134 0.03550686826556159
1 0.23137926832164596 0.41555716967082307 0.05038786844896947 0.03566212076072077
1 0.5690167737746384 0.6578267121009855 0.0805818026734543 0.05372605988381982
1 0.6199464903882631 0.5968997924426193 0.0201163605346909 0.010931514970955049
1 0.5664979641841411 0.7276714596058264 0.04042665529386644 0.03852969660857657
1 0.29327982372159644 0.5816850479170214 0.04364362809250887 0.02868494910373575
1 0.6604119325270265 0.6387628223845292 0.023488480712921197 0.014420100799447558
1 0.5662241209420582 0.41782671210098554 0.04364362809250906 0.02868494910373575
1 0.23688466496920843 0.6023790888326488 0.026821814046254437 0.014575353294606732
1 0.2921356117971365 0.4833517145836879 0.06027150791427867 0.026127878246198104
1 0.6782615979630502 0.7412057515269918 0.023488480712921197 0.014420100799447558
1 0.5996361956290875 0.5693016108049975 0.2673260430299149 0.06908686627939953
1 0.9748312975174743 0.7466898902628238 0.020155147379587863 0.014264848304288383
1 0.47967731780178874 0.8535572684841084 0.04015514737958786 0.015196363275243433
1 0.5363827713133524 0.8595298942351477 0.02682181404625453 0.014575353294606732
1 0.4460325220453777 0.6820823697800965 0.05375998862719977 0.039150706589213276
1 0.2286870855930144 0.6136576242614177 0.020155147379587863 0.014264848304288383
1 0.13824337220450378 0.8576438877302943 0.047054535115636134 0.035506868265561785
1 0.23194518056435812 0.8936576242614175 0.047093321960533105 0.03884020159889512
1 0.34219262440057974 0.3474247949253217 0.04042665529386644 0.03852969660857657
1 0.39141805516654293 0.4263426227717962 0.0403490816040725 0.03186302994190991
1 0.37254170600465225 0.3788220673817541 0.046976961425842206 0.028840201598894926
1 0.668010651135122 0.8623290344606013 0.033721201782302805 0.03488585828492508
1 0.6491354696371335 0.9580641861563128 0.09065937636324824 0.060858484035964014
1 0.7254918415446246 0.934968326878307 0.02682181404625453 0.014575353294606732
1 0.43430533978356134 0.39002757187553194 0.040271507914278575 0.025196363275243244
1 0.32996705147461375 0.7283151991161926 0.02689938773604837 0.0212420199612734
1 0.6504895062168204 0.6449637315657183 0.05724846934012097 0.052639292417705597
1 0.8205453511563615 0.3713701946473282 0.020155147379587863 0.014264848304288383
1 0.5619634063229044 0.7674385808630876 0.016821814046254532 0.014109595809129209
1 0.043725872437911366 0.6083744441134175 0.0741866439210662 0.0767488882268348
1 0.13570283386375362 0.639310554396961 0.03356605440271503 0.02155252495159156
0 0.5011829987693569 0.6016666666666667 0.9976340024612862 0.7966666666666666
1 0.4250070059834128 0.8793289356473156 0.040543015828557336 0.04852969660857676
1 0.4725657700827094 0.9581691372462107 0.07065937636324823 0.05992696906500896
1 0.33235244243577605 0.9333151991161924 0.06724846934012096 0.0531050499031835
1 0.034462822490953386 0.6712420199612733 0.05372120178230283 0.03581737325587994
1 0.8397901753447732 0.4505574167040369 0.0839539228516846 0.05721464571231233
1 0.5497308274135256 0.288794742539436 0.08065937636324823 0.06039272655048658
1 0.6023671652026161 0.37453448954773627 0.03356605440271513 0.02155252495159156
1 0.3804689451304698 0.48746590570540577 0.06438057814555094 0.09294979740802413
1 0.8668858326331105 0.7749775175034843 0.06050422898366037 0.046127878246198295
1 0.7166531115637288 0.747991155221322 0.04031029475917554 0.028529696608576575
1 0.8054324936133771 0.7904386796763732 0.05375998862719977 0.03915070658921309
1 0.4332204757903489 0.43994994562795237 0.033721201782302805 0.034885858284924895