1 0.8233333333333334 0.395 0.058333333333333334 0.065
1 0.22 0.3416666666666667 0.028333333333333332 0.04666666666666667
1 0.69 0.35333333333333333 0.03 0.045
1 0.5433333333333333 0.6866666666666666 0.028333333333333332 0.056666666666666664
1 0.5533333333333333 0.5933333333333334 0.03666666666666667 0.07666666666666666
1 0.7616666666666667 0.5333333333333333 0.06 0.08333333333333333
1 0.45 0.37333333333333335 0.04833333333333333 0.04666666666666667
1 0.34 0.22 0.015 0.035
1 0.49333333333333335 0.2783333333333333 0.03166666666666667 0.04666666666666667
1 0.64 0.73 0.03 0.03
1 0.7016666666666667 0.86 0.045 0.055
1 0.6866666666666666 0.81 0.015 0.035
1 0.665 0.19166666666666668 0.02666666666666667 0.043333333333333335
1 0.4216666666666667 0.46 0.02666666666666667 0.055
1 0.645 0.8483333333333334 0.016666666666666666 0.023333333333333334
1 0.49166666666666664 0.5633333333333334 0.09666666666666666 0.18166666666666667
1 0.5233333333333333 0.4533333333333333 0.03666666666666667 0.04
1 0.17666666666666667 0.38333333333333336 0.05 0.03666666666666667
1 0.19333333333333333 0.32 0.018333333333333333 0.025
1 0.335 0.2633333333333333 0.016666666666666666 0.03333333333333333
1 0.15333333333333332 0.19833333333333333 0.015 0.02666666666666667
1 0.91 0.31666666666666665 0.03833333333333333 0.06
0 0.49 0.51 0.855 0.97
1 0.165 0.46166666666666667 0.04 0.04666666666666667
1 0.22833333333333333 0.5166666666666667 0.08833333333333333 0.09
1 0.2916666666666667 0.38 0.055 0.155
1 0.26 0.23666666666666666 0.07666666666666666 0.11333333333333333
1 0.46 0.6933333333333334 0.043333333333333335 0.04666666666666667
1 0.44 0.7966666666666666 0.095 0.11166666666666666
1 0.5183333333333333 0.8333333333333334 0.08666666666666667 0.135
1 0.84 0.5933333333333334 0.06833333333333333 0.19166666666666668
1 0.5933333333333334 0.3983333333333333 0.035 0.06
1 0.6016666666666667 0.49833333333333335 0.10333333333333333 0.10666666666666667
1 0.655 0.5966666666666667 0.08666666666666667 0.075
1 0.6483333333333333 0.6866666666666666 0.08166666666666667 0.07333333333333333
1 0.305 0.825 0.09666666666666666 0.12833333333333333
1 0.365 0.8816666666666667 0.04 0.08166666666666667
1 0.20666666666666667 0.7483333333333333 0.03666666666666667 0.045
1 0.23833333333333334 0.8016666666666666 0.043333333333333335 0.12333333333333334
1 0.34 0.6033333333333334 0.12333333333333334 0.15666666666666668
1 0.37833333333333335 0.21333333333333335 0.043333333333333335 0.055
1 0.495 0.2 0.043333333333333335 0.12833333333333333