1 0.09639793091115899 0.5321317461181735 0.079247302245746 0.06735126307836632
1 0.4315224105052274 0.3482578585869083 0.08911147932053136 0.06454200753786363
1 0.4706820247209952 0.4892328418525047 0.08911147932053136 0.06454200753786343
1 0.8524279461814156 0.6305478208975904 0.068839833470102 0.056827185285536076
1 0.646576217066037 0.621378761949419 0.07230898972864983 0.060335211216479556
1 0.7420657022060863 0.31867811367583215 0.19808713571584805 0.1267988373280546
1 0.697003462409052 0.40419510447929224 0.06843236469445779 0.046827185285536074
1 0.8498982070682242 0.44773856535708745 0.08550650013676848 0.057700648273586806
1 0.4218478629164665 0.6265038456214366 0.07230898972865002 0.060335211216479556
1 0.3179485512199818 0.31928475320445804 0.0628522814295087 0.07314446675698245
1 0.8430164626825891 0.2901040024141947 0.06856818761967247 0.05016051861886941
1 0.333803190430282 0.8689424549986082 0.08618561476284205 0.07436731494025328
1 0.6936192326098307 0.6505123859507386 0.05482738551069512 0.03946174822842882
1 0.13523209271568773 0.39538482014207205 0.05509903136112446 0.04612841489509549
1 0.02984731060233619 0.7368555332430176 0.055099031361124456 0.04612841489509549
1 0.19940305026260183 0.6980335570637055 0.05509903136112446 0.04612841489509568
1 0.001109270064010167 0.6343012296095594 0.002218540128020334 0.07139754078088117
0 0.4995925312243559 0.5 0.9991850624487117 1