0 0.5 0.5 1 1
1 0.4403651151576414 0.21895662897734885 0.0563400262513134 0.10612841489509549
1 0.4455641054982863 0.05343255118451841 0.042230772164952746 0.07876297783798833
1 0.569553524271646 0.2989849769348303 0.042327762259081206 0.08209631117132167
1 0.211814956417179 0.4529391237755302 0.1550078147617079 0.2943531409615127
1 0.2500156295234158 0.5611048515006237 0.04870345864336287 0.07244569636654186
1 0.2051839598834806 0.33978048303980696 0.038315498266849254 0.058588285240378186
1 0.3099749492380595 0.8433971162376666 0.2037826136710071 0.1404815558566084
1 0.06482946409686692 0.8512370221620117 0.06831549826684925 0.06016051861886941
1 0.8728690225384954 0.3398419635177795 0.020775920753026943 0.027714822252327544
1 0.12779768227255892 0.6059018109455322 0.031260871223669016 0.044905566711824656
1 0.12808364240255596 0.7878305165086141 0.038121518078592466 0.05192161857371161
1 0.5493723689974853 0.4085411584514345 0.03164883160018254 0.05823890004515789
1 0.3809855304646997 0.5876251735271616 0.05808584794562421 0.16612841489509567
1 0.5305184150605418 0.5063433270025671 0.05672798662782687 0.11946174822842882
1 0.4175117221425618 0.40877484939036834 0.07271572263559486 0.09700187788314622
1 0.8181064876214282 0.522986430274762 0.03184281178843927 0.06490556671182465
1 0.7740942236291962 0.5019241007103604 0.03566109559241454 0.08174692597610146
1 0.7308093853429269 0.5058617711459588 0.027442587419693798 0.02806420744754784
1 0.8042268838562927 0.39017717473425906 0.027733557702078998 0.03806420744754784
1 0.766814956417179 0.4238528062734423 0.038412488360977666 0.06192161857371161
1 0.7919682563200795 0.7146460099520582 0.031551841506054265 0.05490556671182465
1 0.973274817981493 0.6681965578192239 0.053450364037014045 0.07314446675698245
1 0.5722285666218846 0.6777550417621889 0.02821850817272093 0.054730874114214505
1 0.5027135170925265 0.6980902529786684 0.03537012531002953 0.07174692597610147
1 0.41894372833561544 0.687457567918922 0.03643701634544167 0.10841359264276813
1 0.35829545765729687 0.7256893809747095 0.06498216493351587 0.059985826021259264
1 0.11601118029289163 0.8318626202323878 0.04164883160018254 0.05876297783798842
1 0.2503857548334453 0.6311921977994287 0.031260871223669065 0.044905566711824656
1 0.2134281178843934 0.6231138163731403 0.028024527984464007 0.04806420744754784
1 0.3111131805394082 0.6530477310424463 0.024109254086360464 0.027889514849937694
1 0.31935453393100116 0.47734896065200577 0.02792753789033573 0.0447308741142145
1 0.33811149777381627 0.3762134587675399 0.013915273898103635 0.020698770390440588
1 0.33545709509938165 0.3997214846984833 0.01724860723143697 0.020873462988050734
1 0.3063785009936013 0.4329603847436412 0.031066891035412235 0.03823890004515799
1 0.2702502899970289 0.28128663108760427 0.01783054779620727 0.04087346298805073
1 0.28057693041238224 0.17725452736383032 0.017636567607950536 0.03420679632138402
1 0.21171015156134276 0.16250239228150481 0.017248607231437015 0.020873462988050685
1 0.5369169566636955 0.26731122327879325 0.03096990094128387 0.03490556671182456
1 0.5406432605259305 0.10854115845143457 0.018024527984464005 0.04754012965471735
1 0.6350613199611602 0.08356241941954565 0.024109254086360464 0.027889514849937645
1 0.479821649335159 0.5423843955988576 0.03880044873749114 0.07525495190704494
1 0.45647048093534165 0.6003612567476002 0.024885174839387597 0.05455618151660436
1 0.31459981377564195 0.9449764366055281 0.0583154982668492 0.05963644082603878
1 0.15594485017934337 0.8848536553598714 0.12624303615718493 0.10646362611157505