1 0.5380216855113257 0.21113823130134862 0.31604337102265123 0.42227646260269724
0 0.5366666666666666 0.49893310896458776 0.9266666666666666 0.9978662179291755
1 0.7443129214516513 0.6977714333781154 0.0752407779283042 0.1020367919766962
1 0.7769781347783862 0.9388561594800119 0.043668544549812886 0.07116388112954079
1 0.6255051192510801 0.4692084497235571 0.06559016312352431 0.10841248836097747
1 0.5104271623680061 0.8214213868220259 0.10486304477560225 0.22271572263559486
1 0.5350777771727858 0.8140272944493964 0.05366854454981289 0.0714548514119258
1 0.8572826956110237 0.7512374269385453 0.12435314096151273 0.1500613199611602
1 0.8966500105512769 0.8335523642835306 0.02893767043559819 0.044109254086360274
1 0.6523487809417176 0.8540144695353004 0.05911236303320872 0.048315498266849395
1 0.8897921748818988 0.5115947273344787 0.035953722297485155 0.05096990094128387
1 0.5766358365725363 0.9062937367473175 0.09646362611157504 0.12595206587479954
1 0.5928657717451777 0.8974754529433422 0.036128414895095676 0.0543032342746172
1 0.611066934417123 0.7033177038099175 0.15592537434000386 0.1809342308083156
1 0.5968459641169983 0.7504693209472261 0.036652492687925926 0.0643032342746172
1 0.43305233589516773 0.4597853801359393 0.05436731494025347 0.08478818474525913
1 0.680748199605745 0.9500022055430684 0.3366524926879259 0.07303234274617201
1 0.8722236972697001 0.6222736579933774 0.10611424091635475 0.11957636949051827
1 0.826727967434351 0.4867223774091873 0.05279508156176216 0.054788184745259136
1 0.31716469892837634 0.5098951951441637 0.028588285240378184 0.0374425874196938
1 0.6439116249044777 0.5337719942999793 0.03157223337849132 0.030872910847155405
1 0.4738101046269319 0.6004821458613222 0.01858828524037828 0.0371516171373086
1 0.4496481326681308 0.7764520468026059 0.022445696366541864 0.04724860723143706
1 0.7257978085313375 0.7266867072762191 0.025254951907044944 0.03734559732556553
1 0.3937298453174972 0.5694280797400059 0.1289093224781171 0.173491643388622
1 0.43706317865083055 0.5681672085163368 0.059098189054467794 0.11155184150605427
1 0.4073181305578754 0.6057552810772232 0.02595372229748534 0.050678930658898856
1 0.4776675157530957 0.6103851557671938 0.036303107492705634 0.05763656760795054
1 0.44658392522058304 0.7498338751830035 0.058748803859247495 0.1048851748393876
1 0.5366358365725363 0.9074576178768581 0.04963644082603897 0.058024527984464
1 0.21425392311032765 0.5846655448229388 0.05524077792830411 0.1014548514119258
1 0.5418884860532204 0.5617786872179594 0.1310198076281794 0.15025530014941713
1 0.6503587746109514 0.3382870438293374 0.08155805939975039 0.09556410549828627
1 0.6643247930040312 0.254420264978298 0.08155805939975058 0.09556410549828627
1 0.737674602742466 0.5711047667114487 0.09962226684729823 0.12271572263559467
1 0.26725204522718143 0.5130167132227562 0.0880500334688071 0.09242475235320967
1 0.3385197177730353 0.7262708915284452 0.08471670013547367 0.09232776225908121
1 0.2786283250399514 0.6345378947482303 0.07593954831874461 0.11537012531002953
1 0.8564069301966123 0.3523221530404417 0.09260621498541127 0.11585507578067146
1 0.9196623066468714 0.6993461201030419 0.08805003346880691 0.09242475235320967
1 0.861716095881971 0.9313829120797379 0.061383366802140245 0.09164883160018235
1 0.9318978754689514 0.9009642917226444 0.08647780009031597 0.06242475235320967
1 0.2954413363467468 0.7642469244658452 0.043668544549812886 0.07116388112954079
1 0.3888738875312652 0.31751893783801827 0.07014634464012867 0.13184281178843926
1 0.2952572543334056 0.4103801456148057 0.08630310749270563 0.059091419019876336
1 0.3783214617809533 0.43467055497532686 0.10435314096151274 0.1494793793963898
1 0.4163879716548618 0.8425189378380182 0.036652492687925926 0.0643032342746172