1 0.33409533094930594 0.6719445560843051 0.12698415389834955 0.20698920409639793
1 0.28864034127705035 0.9484812746284876 0.13922752309606154 0.08129326022089799
1 0.3430582578023536 0.40254342768068874 0.2015979154463804 0.24792705104419677
1 0.6658677795933108 0.3687114055320608 0.17020108466671027 0.2061797500200974
1 0.37867730138426786 0.37040783754012274 0.10523811542376223 0.15582433674699833
1 0.574656173248734 0.6262024089457259 0.15295240517518133 0.18854236056226417
1 0.7471746886272598 0.592773558584262 0.11085715900567644 0.126212625863465
1 0.49439695794937144 0.9582080509638077 0.08104762308475226 0.03465946939759836
1 0.14433875666688525 0.9769265629116353 0.0678306923163916 0.03721622449799876
1 0.6794868796950924 0.7587114055320608 0.13926986414693032 0.17776578232933124
0 0.494476259107458 0.5 0.9875556874352461 1