1 0.63 0.205 0.03666666666666667 0.06
1 0.5033333333333333 0.2866666666666667 0.04833333333333333 0.09
1 0.37833333333333335 0.86 0.03666666666666667 0.07
1 0.41833333333333333 0.6166666666666667 0.03 0.05333333333333334
1 0.6583333333333333 0.49333333333333335 0.03666666666666667 0.06333333333333334
1 0.725 0.6466666666666666 0.06 0.13
1 0.335 0.67 0.043333333333333335 0.08
1 0.29 0.25833333333333336 0.041666666666666664 0.06333333333333334
1 0.45166666666666666 0.7766666666666666 0.043333333333333335 0.07666666666666666
1 0.5566666666666666 0.215 0.025 0.055
1 0.5866666666666667 0.4033333333333333 0.04666666666666667 0.09
1 0.5733333333333334 0.30666666666666664 0.043333333333333335 0.07333333333333333
1 0.025 0.7133333333333334 0.03333333333333333 0.05
1 0.5966666666666667 0.42333333333333334 0.025 0.04666666666666667
1 0.5766666666666667 0.685 0.03833333333333333 0.06
1 0.24833333333333332 0.21 0.07333333333333333 0.09
1 0.7466666666666667 0.8433333333333334 0.025 0.06333333333333334
1 0.26666666666666666 0.6366666666666667 0.028333333333333332 0.045
1 0.68 0.39666666666666667 0.04 0.056666666666666664
1 0.7233333333333334 0.6666666666666666 0.02 0.03333333333333333
1 0.31 0.255 0.018333333333333333 0.035
1 0.56 0.98 0.035 0.035
1 0.23333333333333334 0.225 0.03833333333333333 0.06
1 0.5733333333333334 0.6066666666666667 0.028333333333333332 0.04
1 0.62 0.325 0.021666666666666667 0.025
1 0.615 0.315 0.03 0.045
1 0.6866666666666666 0.4083333333333333 0.02666666666666667 0.03333333333333333
1 0.6066666666666667 0.6266666666666667 0.028333333333333332 0.05333333333333334
0 0.49666666666666665 0.49666666666666665 0.9933333333333333 0.9933333333333333