0 0.5 0.5 1 1
1 0.7715469764330259 0.8709626651390109 0.19412843674083055 0.13891630367068955
1 0.2798232426807236 0.6000364515170927 0.06360483205784458 0.04740361671970883
1 0.1927687206933266 0.6677115761510799 0.06711270028550653 0.0774424035646056
1 0.05965840416941321 0.6309297166136247 0.046899379859104876 0.04054301582855715
1 0.38374805537817075 0.4971673926586206 0.07366301035595409 0.05751997725439954
1 0.5609372155153495 0.6917589631233005 0.08362422482388107 0.05096967112242358
1 0.6005299674285827 0.7612935209845372 0.07372118865406378 0.06751997725439954
1 0.46562693125876525 0.7461977215361969 0.08029089149054774 0.0509308842775268
1 0.3874875255857971 0.7137758790579418 0.06034906978865725 0.06069816320814501
1 0.2708208589191304 0.7151334186293351 0.08038785532073045 0.06759755094419347
1 0.7026825644586361 0.3901299156376286 0.04701573645532411 0.06054301582855733
1 0.761965032115285 0.5127650857628169 0.07366301035595409 0.05751997725439954
1 0.8772462272228144 0.46309360628053886 0.053682403121990775 0.06062058951835108
1 0.9598232426807237 0.5921239351581151 0.07356604652577138 0.04085331058773287
1 0.7961893214738243 0.6456911572247324 0.06695755815721441 0.05077573689793894
1 0.8374778292027788 0.7102063216635204 0.05023271319243823 0.0405818026734543
1 0.5700947414052348 0.5499953293443915 0.05687998709306839 0.0373260430299149
1 0.47160626594360944 0.5778062079355182 0.04348847546162536 0.027170895650327036
1 0.8864328422617545 0.31632997250162975 0.17071753234335119 0.12531146242307764
1 0.31225703481830663 0.1813540365796868 0.1675005556062369 0.14527267557818077
1 0.20823525829067685 0.30088976210482554 0.07703512922136052 0.06422543076596317
1 0.04103417934553211 0.6811430442605579 0.04693816539117791 0.04720968249522381
1 0.17499777757505228 0.5712582371313465 0.1238181524842463 0.08476844659452051
1 0.06896026459209857 0.7508133560789338 0.09050421191694946 0.08771391147888437
1 0.49582197013160434 0.4258680333545728 0.1938957235483925 0.09891630367068975
1 0.33080257736556773 0.4311213155103051 0.1338763307823558 0.09488480712921121
1 0.4509879198553885 0.11141104918313009 0.1137405814201001 0.07131875272649628
0 0.1481975839710777 0.16827398540208577 0.2963951679421554 0.25011869586249513
1 0.05525099474600088 0.2426739569700852 0.036802416028922286 0.02375998862719977
1 0.09849706063216987 0.2571697279864249 0.05015514212829212 0.027248469340120873
1 0.22091034879124247 0.1274206748143529 0.03009696383018261 0.01701574827073922
1 0.09760610460696391 0.12385578807554003 0.05019392766036518 0.03391513600678754
1 0.11586186687615116 0.13697579376194013 0.05023271319243823 0.04058180267345421
1 0.47863058756947774 0.8027092408232758 0.06356604652577157 0.04073695005304216
1 0.33064632402480176 0.74443525542119 0.05360483205784457 0.047287256185017744
1 0.3921966340952493 0.7637176987905965 0.04680241602892229 0.02387634916189048
1 0.3387372477826786 0.7860049549756142 0.06021332042640173 0.03736482987481168
1 0.3603457361512357 0.7957528404837841 0.07021332042640173 0.037481190409502575