1 0.573040644053076 0.2360951651622125 0.13522660394956346 0.16849460449149195
1 0.7282224236400564 0.25804482101045484 0.11821055208767652 0.16114882319875184
1 0.4953731282999803 0.8612621079859442 0.1422284818327095 0.23863042741670673
1 0.44013695522439755 0.20159599363340788 0.06155805939975039 0.09564232306198325
1 0.34714361767055346 0.5479853427840721 0.10435314096151274 0.15060553149789294
1 0.16461766199457684 0.6352518692830585 0.1490698410969864 0.2422354066004694
1 0.1430454286160856 0.6660668068343468 0.10522660394956337 0.16727219816455963
1 0.19416675652181076 0.579165285881341 0.08909818905446788 0.11339557313036759
1 0.16730183386306213 0.8696406661195923 0.12084511503056926 0.14795131279063298
1 0.31757095974884775 0.8901273896889902 0.10084511503056925 0.14713637523934495
0 0.5 0.5 1 1