0 0.5633333333333334 0.6333333333333333 0.5733333333333334 0.7333333333333333
1 0.555 0.8166666666666667 0.05333333333333334 0.055
1 0.5533333333333333 0.7266666666666667 0.015 0.02666666666666667
1 0.395 0.6133333333333333 0.03333333333333333 0.056666666666666664
1 0.5666666666666667 0.8733333333333333 0.10666666666666667 0.19666666666666666
0 0.19333333333333333 0.15666666666666668 0.2866666666666667 0.31333333333333335
0 0.545 0.10333333333333333 0.27 0.20666666666666667
0 0.8916666666666667 0.6016666666666667 0.21666666666666667 0.55
0 0.7833333333333333 0.13666666666666666 0.43333333333333335 0.2733333333333333
1 0.745 0.5433333333333333 0.16 0.16
1 0.475 0.365 0.065 0.09333333333333334
1 0.4166666666666667 0.43833333333333335 0.10333333333333333 0.09166666666666666
1 0.325 0.78 0.06166666666666667 0.11
1 0.3283333333333333 0.8733333333333333 0.035 0.051666666666666666
1 0.57 0.4816666666666667 0.07666666666666666 0.07
1 0.6133333333333333 0.4116666666666667 0.10833333333333334 0.10166666666666667
1 0.19166666666666668 0.07333333333333333 0.028333333333333332 0.09166666666666666
1 0.195 0.19 0.04666666666666667 0.058333333333333334
1 0.23333333333333334 0.24666666666666667 0.03 0.05
1 0.13166666666666665 0.043333333333333335 0.055 0.085
1 0.09333333333333334 0.09166666666666666 0.05 0.06833333333333333
1 0.28833333333333333 0.023333333333333334 0.028333333333333332 0.045
1 0.2866666666666667 0.15666666666666668 0.025 0.05
1 0.45 0.051666666666666666 0.03333333333333333 0.06833333333333333
1 0.8883333333333333 0.15833333333333333 0.09 0.08
1 0.815 0.075 0.04833333333333333 0.06666666666666667
1 0.835 0.028333333333333332 0.03666666666666667 0.035
1 0.7616666666666667 0.185 0.043333333333333335 0.058333333333333334