1 0.6086445323185045 0.4201088826381486 0.19237122952568408 0.14108599489804494
1 0.32927551204934136 0.6384314083759898 0.1874080210897744 0.10106660213200845
1 0.25100165694239085 0.27139627915462927 0.058024895918813685 0.03366301035595408
1 0.5659110588174909 0.5981513244809342 0.04775325006838424 0.026938165391177903
1 0.5656762045311519 0.5514943541972857 0.027481604217954897 0.020155142128292027
1 0.3954554551466103 0.7904471448313137 0.10577814598719802 0.060601175747132176
1 0.5401923910566758 0.1714361758991762 0.02720995836752536 0.013488475461625455
1 0.14095919371272747 0.39239389539303604 0.02387662503419212 0.013469082695588951
1 0.1979201928921161 0.07280114347980296 0.1523712295256842 0.1408532817056068
1 0.3407893407940739 0.8801077714256746 0.04816071884402836 0.03693816539117809
1 0.4083813197042996 0.7805247158954598 0.14502544823294394 0.12414782950686705
1 0.4412760643634717 0.7290616732721766 0.0340124479594067 0.01686059432703189
1 0.5698017887534808 0.8981028425658428 0.027209958367525548 0.013488475461625361
1 0.45423304881967796 0.760796214619971 0.04414827088462137 0.020252105958474733
1 0.3637519969158534 0.8302532171709486 0.04108658340171758 0.026899379859104896
1 0.6984464695962554 0.3339852134205044 0.03401244795940689 0.01686059432703189
0 0.5 0.5 1 1