1 0.14986202821279668 0.5975587339043464 0.11374058142010018 0.07065935404524168
1 0.06526927629956351 0.5270642183704153 0.10364361758991762 0.05393450908046532
1 0.5324789404152527 0.4364458722821944 0.11717087858361613 0.08734541347794486
1 0.6871298706265954 0.49734763590289255 0.1238375452502828 0.08738419901001786
1 0.8713455748145903 0.34674757136823436 0.12715148581757943 0.08407025844272104
1 0.2063153744530616 0.6345550775936339 0.036802416028922286 0.02354665375973506
1 0.43375775176118897 0.5025404523507838 0.06352726099369856 0.03370179588802709
1 0.017334605882452666 0.3701066602132009 0.03466921176490533 0.05354665375973506
1 0.8929249740340927 0.3618736243474717 0.19075631787542421 0.13110538766408145
1 0.7075091407767813 0.1457876294494267 0.03680241602892238 0.023546653759735012
1 0.5236995734630795 0.5130640570337698 0.09031028425658424 0.05385693801631931
0 0.5 0.5 1 1