0 0.5 0.5 1 1
1 0.5017515308288227 0.8020192512624456 0.06524077792830402 0.10069816320814501
1 0.4355570306030333 0.6513404814767491 0.09260621498541127 0.11434179130065407
1 0.6761378043108266 0.41095494835558377 0.02946174822842882 0.053643628092508965
1 0.49371336891239576 0.2672519723318273 0.050335211216479554 0.07054301582855733
1 0.40323411548214827 0.4477550336515855 0.051907444594970875 0.10054301582855733
1 0.35447113764415994 0.40721201782302824 0.053319159354592596 0.06391513600678764
1 0.9062935383666864 0.8933403393167462 0.09681301130679533 0.13104724481221752
1 0.3378257319456044 0.3120762638658889 0.032620388964152106 0.050349081604072504
1 0.9464965789217779 0.7705500218119701 0.03998582602125907 0.06375998862719977
1 0.32192161857371154 0.040390203776773756 0.014381488918994212 0.020155147379587793
1 0.3015722333784912 0.0334908160407254 0.010698770390440586 0.013449693868024184
1 0.5896929570307138 0.9862640754508573 0.01104815558566088 0.020116360534690708
1 0.3117469259761014 0.03694050990874958 0.03490556671182456 0.03038786844896948
1 0.4304154705259143 0.10827865605769432 0.08208213719258083 0.10422543076596318
1 0.9392987474729106 0.7921197213663944 0.06208213719258083 0.10399270969658157