1 0.13455563091537873 0.5620073324667451 0.07519577437289318 0.05461337142806921
1 0.24887307575716108 0.44907284848325074 0.11256085642939487 0.07525339047543733
1 0.885830748836259 0.46851923982088267 0.08531217693786554 0.058121255410684775
1 0.6169154026780632 0.4471687973984776 0.06496296924294825 0.0477721541121205
1 0.43638104119788684 0.6672147601703299 0.07519577437289324 0.05461337142806921
1 0.5884974578928263 0.7781372614680155 0.15337567438420213 0.09928492640589942
1 0.6909630116328488 0.3735070190429743 0.09554498206781052 0.06496247272663368
1 0.2624497641582395 0.21778437489002883 0.07876191283617155 0.061338221644496684
1 0.7828677937232776 0.5250197913367531 0.09554498206781072 0.06496247272663368
1 0.16032810781931725 0.4891685593063778 0.06473016411300327 0.04110548744545364
1 0.3546720334803512 0.5691807800842863 0.11244445386442237 0.07192005714210381
1 0.2550000706498342 0.5291310320330115 0.09221164873447739 0.06490428917687287
1 0.37519584502272746 0.5845298813828506 0.0579470948813641 0.03765578701259907
1 0.6583757450340365 0.6327797246709652 0.07519577437289324 0.05461337142806921
1 0.21880425388704045 0.16039041385135308 0.12015874361584149 0.10203642424162539
1 0.7927249809888877 0.8549906995618727 0.07139683077966992 0.04122185454497526
1 0.6715026834068423 0.29321610129417064 0.05473016411300326 0.040930936796171595
1 0.3280477078645535 0.6653237948031063 0.0719788436045324 0.057888521211641925
1 0.6086138604577987 0.7818196960999132 0.03759788718644662 0.027306685714034606
1 0.2548730474972274 0.23930558268229365 0.04438095641808578 0.03075638614688946
1 0.9752381860735964 0.691611403456687 0.048179900011308896 0.044147903029983504
1 0.23839684490963672 0.14907284848325075 0.07519577437289324 0.0546133714280693
1 0.5775027257967428 0.6063833194767078 0.05139683077966992 0.04087275324641079
1 0.26519584502272747 0.5826098242407466 0.031047623084752445 0.030523651947846512
1 0.2549048386102962 0.5741019402581312 0.05484656667797575 0.04426427012950493
1 0.34006358222613764 0.6755274372272688 0.04116402564972494 0.03403153593046208
1 0.5905662232430794 0.6465869619008703 0.06484656667797575 0.044438820778786976
0 0.5 0.5 1 1