1 0.34833333333333333 0.3616666666666667 0.17 0.20666666666666667
1 0.36666666666666664 0.43666666666666665 0.05 0.09666666666666666
1 0.29333333333333333 0.38166666666666665 0.04833333333333333 0.07666666666666666
1 0.29333333333333333 0.675 0.09833333333333333 0.125
1 0.7816666666666666 0.26666666666666666 0.04833333333333333 0.14666666666666667
1 0.8033333333333333 0.31333333333333335 0.023333333333333334 0.065
1 0.2833333333333333 0.6983333333333334 0.075 0.07333333333333333
1 0.7316666666666667 0.5133333333333333 0.05333333333333334 0.125
1 0.30666666666666664 0.6966666666666667 0.03 0.07
0 0.465 0.49666666666666665 0.6833333333333333 0.9933333333333333
1 0.6083333333333333 0.6566666666666666 0.08 0.15666666666666668
1 0.7 0.6283333333333333 0.08666666666666667 0.10833333333333334
1 0.6733333333333333 0.7233333333333334 0.095 0.17666666666666667
1 0.42333333333333334 0.5533333333333333 0.07666666666666666 0.1
1 0.37166666666666665 0.655 0.12 0.24333333333333335
1 0.4216666666666667 0.8333333333333334 0.09333333333333334 0.145
1 0.4666666666666667 0.415 0.08166666666666667 0.19333333333333333
1 0.17333333333333334 0.455 0.03833333333333333 0.06833333333333333
1 0.2 0.49833333333333335 0.051666666666666666 0.10833333333333334
1 0.24833333333333332 0.6216666666666667 0.065 0.19666666666666666
1 0.17166666666666666 0.21833333333333332 0.04833333333333333 0.07833333333333334
1 0.33 0.13333333333333333 0.10333333333333333 0.08666666666666667
1 0.43 0.16833333333333333 0.10666666666666667 0.24166666666666667
1 0.5883333333333334 0.1 0.21 0.2
1 0.6316666666666667 0.16333333333333333 0.08833333333333333 0.145
1 0.775 0.14333333333333334 0.06833333333333333 0.08833333333333333
1 0.73 0.38666666666666666 0.09333333333333334 0.19
1 0.6183333333333333 0.33 0.03166666666666667 0.10666666666666667
0 0.92 0.075 0.15833333333333333 0.14833333333333334
0 0.925 0.6066666666666667 0.15 0.785
1 0.9866666666666667 0.54 0.02666666666666667 0.07
1 0.9816666666666667 0.7366666666666667 0.03666666666666667 0.09333333333333334
1 0.92 0.9016666666666666 0.09 0.085
1 0.9216666666666666 0.7633333333333333 0.058333333333333334 0.041666666666666664