0 0.5 0.49120388964152056 1 0.9824077792830411
1 0.1854528421002292 0.6544263132815771 0.19529709408337334 0.13995747806377778
1 0.5300199250916412 0.8061023693639748 0.1503338856474636 0.09768647429484607
1 0.4779344463181841 0.649711915572464 0.22475380238251452 0.12819637810893578
1 0.6188625201323945 0.30635023428164926 0.13672890646370092 0.09032103723773882
1 0.5883701248974236 0.07092058977699431 0.11659308353848626 0.08593954831874465
1 0.070390602303195 0.7319074445949708 0.04775325006838429 0.02911236303320853
1 0.8250849264593267 0.2870938290346728 0.05523485428633914 0.049461748228428824
1 0.8720007008384006 0.9392703995154291 0.048432364694457795 0.045779029699875386
1 0.4991427477433187 0.9080381619164272 0.04816071884402845 0.03911236303320872
1 0.20743361784698866 0.7708238540624581 0.16298810435472344 0.08171857801862