0 0.5 0.5 1 1
1 0.6257352404676708 0.30807900494991086 0.2578918677573675 0.15814051688544206
1 0.7489743883161956 0.7624390436707057 0.07096990094128387 0.03374058142010009
1 0.6700106193710277 0.7412281070058974 0.0643032342746172 0.03370179588802709
1 0.9386371285298145 0.11956032912675676 0.06096990094128387 0.03368240312199068
1 0.5637804081279387 0.7568486755190659 0.0908729108471554 0.030523604682985973
1 0.6804827449275737 0.6428172026084179 0.078024527984464 0.047112700285506626
1 0.9611103759300882 0.20444397253053764 0.037733557702079 0.036879987093068396
1 0.9123584222396613 0.13304880458838222 0.1183154982668494 0.05734541347794476
1 0.9112558610712809 0.20973486402108543 0.13802452798446402 0.04746177007416388
1 0.5649414846481596 0.33843777112158646 0.116049055968928 0.09399268737857502
1 0.8810312209024441 0.1448997025323958 0.05096990094128387 0.033624224823881076
1 0.9609320252652473 0.7712076030273869 0.04058194056477002 0.02023271319243823
1 0.996056870730636 0.7609361043028756 0.007886258538727967 0.013507868227662053
1 0.4927976822725589 0.6089031975064629 0.3313478410130212 0.39186170553950583
1 0.5964348108023734 0.7333214145253673 0.023818283803975267 0.01680241602892238