1 0.5683333333333334 0.66 0.22 0.4
1 0.195 0.35333333333333333 0.07333333333333333 0.275
1 0.7566666666666667 0.395 0.12166666666666667 0.1
1 0.20166666666666666 0.3333333333333333 0.04 0.06333333333333334
1 0.19666666666666666 0.37833333333333335 0.04833333333333333 0.15333333333333332
1 0.78 0.44333333333333336 0.16833333333333333 0.19666666666666666
1 0.19166666666666668 0.40166666666666667 0.03333333333333333 0.10333333333333333
1 0.17 0.7416666666666667 0.015 0.03333333333333333
1 0.16166666666666665 0.6783333333333333 0.016666666666666666 0.08666666666666667
1 0.19166666666666668 0.5883333333333334 0.08 0.7566666666666667
1 0.16333333333333333 0.6533333333333333 0.015 0.03333333333333333
1 0.17666666666666667 0.8866666666666667 0.025 0.02666666666666667
1 0.19666666666666666 0.6166666666666667 0.008333333333333333 0.013333333333333334
1 0.17333333333333334 0.795 0.03833333333333333 0.345
1 0.82 0.475 0.09 0.135
1 0.16666666666666666 0.8266666666666667 0.01 0.016666666666666666
1 0.16166666666666665 0.7083333333333334 0.01 0.02666666666666667
1 0.19333333333333333 0.5933333333333334 0.008333333333333333 0.013333333333333334
1 0.16666666666666666 0.7933333333333333 0.015 0.025
1 0.165 0.8566666666666667 0.013333333333333334 0.035
0 0.5 0.49833333333333335 0.9983333333333333 0.9966666666666667