1 0.4066666666666667 0.7683333333333333 0.043333333333333335 0.07333333333333333
1 0.19 0.8283333333333334 0.045 0.08333333333333333
1 0.32666666666666666 0.84 0.043333333333333335 0.105
1 0.7166666666666667 0.7466666666666667 0.04833333333333333 0.07
1 0.26666666666666666 0.11 0.02666666666666667 0.05
1 0.7566666666666667 0.13833333333333334 0.07166666666666667 0.09333333333333334
1 0.17666666666666667 0.33666666666666667 0.045 0.055
1 0.51 0.45666666666666667 0.035 0.05
1 0.53 0.6466666666666666 0.03166666666666667 0.056666666666666664
1 0.29 0.5116666666666667 0.041666666666666664 0.07666666666666666
1 0.64 0.21333333333333335 0.05 0.08333333333333333
1 0.8333333333333334 0.035 0.045 0.07
1 0.56 0.95 0.04 0.095
1 0.57 0.235 0.045 0.075
1 0.33166666666666667 0.8166666666666667 0.03333333333333333 0.056666666666666664
1 0.5933333333333334 0.15166666666666667 0.043333333333333335 0.06666666666666667
1 0.26666666666666666 0.9783333333333334 0.04 0.03666666666666667
1 0.16166666666666665 0.7166666666666667 0.03333333333333333 0.055
1 0.17833333333333334 0.016666666666666666 0.05 0.03333333333333333
0 0.49833333333333335 0.49833333333333335 0.9966666666666667 0.9966666666666667
1 0.5966666666666667 0.5666666666666667 0.11333333333333333 0.15