1 0.49666666666666665 0.5333333333333333 0.15333333333333332 0.26
1 0.32666666666666666 0.9266666666666666 0.056666666666666664 0.043333333333333335
1 0.485 0.59 0.12 0.14
0 0.47333333333333333 0.475 0.875 0.95
1 0.25333333333333335 0.64 0.056666666666666664 0.09
1 0.17 0.48 0.045 0.08
1 0.295 0.13166666666666665 0.03666666666666667 0.043333333333333335
1 0.16166666666666665 0.2966666666666667 0.07333333333333333 0.09666666666666666
1 0.31666666666666665 0.81 0.023333333333333334 0.028333333333333332
1 0.36 0.8283333333333334 0.025 0.04833333333333333
1 0.38166666666666665 0.5066666666666667 0.04 0.07166666666666667
1 0.44 0.30666666666666664 0.041666666666666664 0.09333333333333334
1 0.44333333333333336 0.7933333333333333 0.041666666666666664 0.058333333333333334