1 0.41333333333333333 0.3983333333333333 0.13833333333333334 0.18333333333333332
1 0.6266666666666667 0.6783333333333333 0.095 0.17666666666666667
1 0.27 0.74 0.03166666666666667 0.055
1 0.5866666666666667 0.44666666666666666 0.025 0.045
1 0.5433333333333333 0.44666666666666666 0.021666666666666667 0.02666666666666667
1 0.7766666666666666 0.62 0.058333333333333334 0.1
1 0.17333333333333334 0.455 0.011666666666666667 0.025
1 0.39 0.8516666666666667 0.013333333333333334 0.023333333333333334
1 0.07666666666666666 0.7833333333333333 0.14 0.14333333333333334
1 0.8633333333333333 0.6766666666666666 0.035 0.04666666666666667
1 0.7666666666666667 0.6066666666666667 0.12 0.135
1 0.715 0.5733333333333334 0.016666666666666666 0.03
1 0.88 0.455 0.013333333333333334 0.025
1 0.7466666666666667 0.5616666666666666 0.02 0.043333333333333335
1 0.8133333333333334 0.6533333333333333 0.028333333333333332 0.04
1 0.33 0.30666666666666664 0.016666666666666666 0.03
0 0.5 0.49833333333333335 0.9983333333333333 0.9966666666666667