0 0.4766666666666667 0.49666666666666665 0.8333333333333334 0.9933333333333333
1 0.7733333333333333 0.09666666666666666 0.018333333333333333 0.02666666666666667
1 0.5266666666666666 0.22666666666666666 0.08666666666666667 0.055
1 0.5466666666666666 0.17666666666666667 0.025 0.035
1 0.72 0.10666666666666667 0.018333333333333333 0.03
1 0.6 0.13833333333333334 0.015 0.023333333333333334
1 0.6316666666666667 0.06 0.03666666666666667 0.06
1 0.7133333333333334 0.18 0.021666666666666667 0.04
1 0.68 0.16666666666666666 0.018333333333333333 0.02666666666666667
1 0.7366666666666667 0.29833333333333334 0.04833333333333333 0.11833333333333333
1 0.7766666666666666 0.20333333333333334 0.025 0.043333333333333335
1 0.5633333333333334 0.14333333333333334 0.011666666666666667 0.02
1 0.6633333333333333 0.19 0.016666666666666666 0.02
1 0.6333333333333333 0.13 0.015 0.02
1 0.275 0.20666666666666667 0.08166666666666667 0.07333333333333333
1 0.27666666666666667 0.14333333333333334 0.028333333333333332 0.035
1 0.23166666666666666 0.24166666666666667 0.055 0.085
1 0.45 0.30666666666666664 0.09333333333333334 0.115
1 0.37833333333333335 0.37333333333333335 0.041666666666666664 0.08166666666666667
1 0.3333333333333333 0.45166666666666666 0.075 0.10166666666666667
1 0.31833333333333336 0.32 0.043333333333333335 0.17833333333333334
1 0.5566666666666666 0.5566666666666666 0.09666666666666666 0.13166666666666665
1 0.7316666666666667 0.3933333333333333 0.056666666666666664 0.08
1 0.7883333333333333 0.38666666666666666 0.03166666666666667 0.043333333333333335
1 0.83 0.38166666666666665 0.04833333333333333 0.04666666666666667
1 0.8016666666666666 0.3333333333333333 0.02666666666666667 0.03833333333333333
1 0.475 0.7733333333333333 0.058333333333333334 0.15666666666666668
1 0.465 0.915 0.15 0.17
1 0.4866666666666667 0.9133333333333333 0.056666666666666664 0.075
1 0.43833333333333335 0.87 0.035 0.06166666666666667
1 0.36 0.7733333333333333 0.06333333333333334 0.14166666666666666
1 0.2833333333333333 0.555 0.056666666666666664 0.085
1 0.3 0.6366666666666667 0.041666666666666664 0.03666666666666667
1 0.245 0.5616666666666666 0.043333333333333335 0.06833333333333333
1 0.22 0.725 0.05 0.11833333333333333
1 0.23666666666666666 0.6283333333333333 0.02 0.043333333333333335
1 0.52 0.9816666666666667 0.04 0.03666666666666667
1 0.5833333333333334 0.8433333333333334 0.06333333333333334 0.06
1 0.6083333333333333 0.7783333333333333 0.02 0.021666666666666667
1 0.17666666666666667 0.47 0.02 0.03333333333333333
1 0.195 0.46 0.028333333333333332 0.043333333333333335
1 0.21666666666666667 0.44666666666666666 0.03666666666666667 0.051666666666666666
1 0.24 0.43 0.03166666666666667 0.035
1 0.24 0.385 0.056666666666666664 0.06
1 0.16 0.41833333333333333 0.03166666666666667 0.058333333333333334
1 0.405 0.575 0.17333333333333334 0.16666666666666666
1 0.345 0.6466666666666666 0.035 0.045
1 0.5633333333333334 0.9466666666666667 0.058333333333333334 0.105
1 0.6233333333333333 0.8866666666666667 0.02 0.058333333333333334
1 0.6183333333333333 0.43166666666666664 0.08833333333333333 0.11666666666666667
1 0.8 0.5616666666666666 0.025 0.03833333333333333
1 0.5516666666666666 0.305 0.016666666666666666 0.03166666666666667
1 0.37 0.8983333333333333 0.03333333333333333 0.06
1 0.405 0.9466666666666667 0.035 0.03166666666666667
1 0.32 0.9133333333333333 0.04 0.09833333333333333
1 0.26166666666666666 0.745 0.023333333333333334 0.041666666666666664