1 0.6031840242732562 0.6825554754857435 0.0780242062380599 0.11934392566103402
1 0.45145567434753775 0.2526771883445331 0.077907845703369 0.10934392566103403
1 0.17130402995965635 0.6792962743163478 0.12883872998089582 0.19108996413562143
1 0.8056082020793156 0.8839046549207273 0.1109308842775268 0.08384128464409212
1 0.5579284067897197 0.2461957461129595 0.48919014691277274 0.492391492225919
1 0.4068641038828578 0.43264015758748137 0.06124117903670234 0.10876191283617155
1 0.6576386731168946 0.3471850972653915 0.08856722206661724 0.1663598000226182
1 0.6728748971779828 0.796835889570474 0.11159026064077504 0.14050795131075897
1 0.2352738432420829 0.3019100217344118 0.04453572552513871 0.10484656667797575
1 0.20843263577337998 0.2878412422541917 0.1565526414597801 0.2820211846554014
1 0.580447216380217 0.16147082164393922 0.06833450099723545 0.14566138463278322
1 0.7558979357521405 0.7672591587794951 0.09127996588159931 0.11314286925425715
1 0.5161259861659137 0.22207400499423613 0.077907845703369 0.10934392566103403
1 0.6420545351156361 0.022624297355864027 0.05744240356460561 0.045248594711728055
1 0.5774241778060594 0.18825389087557837 0.05771391147888418 0.0919788436045324
1 0.43918781158496834 0.20141793065527017 0.10577690456184125 0.2136084795141473
0 0.5008180267345423 0.49906877948022005 0.894969386802418 0.9981375589604401
1 0.8312834688733056 0.511190365169308 0.14845086153192635 0.15845504619212306
1 0.6527209174622971 0.9275925062427952 0.03763633778909025 0.08461376154803057