1 0.7633333333333333 0.6083333333333333 0.12166666666666667 0.15666666666666668
1 0.28 0.465 0.135 0.15
1 0.6233333333333333 0.7916666666666666 0.018333333333333333 0.03666666666666667
1 0.8033333333333333 0.14666666666666667 0.10666666666666667 0.16666666666666666
1 0.5283333333333333 0.835 0.02 0.05
1 0.8833333333333333 0.6066666666666667 0.02 0.035
1 0.6883333333333334 0.5083333333333333 0.02 0.03333333333333333
1 0.6066666666666667 0.48 0.021666666666666667 0.04
1 0.9716666666666667 0.8233333333333334 0.03 0.043333333333333335
1 0.9266666666666666 0.8566666666666667 0.016666666666666666 0.025
1 0.505 0.48 0.016666666666666666 0.07
1 0.7966666666666666 0.765 0.015 0.025
1 0.5666666666666667 0.5266666666666666 0.011666666666666667 0.03333333333333333
1 0.92 0.7616666666666667 0.015 0.02666666666666667
1 0.9483333333333334 0.8833333333333333 0.02 0.03666666666666667
1 0.525 0.4666666666666667 0.016666666666666666 0.035
1 0.7966666666666666 0.8683333333333333 0.015 0.023333333333333334
1 0.9366666666666666 0.7183333333333334 0.018333333333333333 0.023333333333333334
1 0.24333333333333335 0.9233333333333333 0.018333333333333333 0.03666666666666667
1 0.49 0.5616666666666666 0.018333333333333333 0.03333333333333333
1 0.8416666666666667 0.5966666666666667 0.02 0.023333333333333334
1 0.5233333333333333 0.7616666666666667 0.011666666666666667 0.023333333333333334
1 0.8466666666666667 0.955 0.015 0.03
1 0.825 0.8866666666666667 0.013333333333333334 0.02
1 0.8166666666666667 0.175 0.08 0.105
1 0.53 0.53 0.013333333333333334 0.025
1 0.9833333333333333 0.75 0.021666666666666667 0.035
1 0.9166666666666666 0.9666666666666667 0.028333333333333332 0.05
1 0.585 0.6866666666666666 0.01 0.023333333333333334
0 0.49833333333333335 0.49666666666666665 0.9966666666666667 0.9933333333333333