1 0.46 0.24333333333333335 0.09 0.16
1 0.31 0.24 0.08166666666666667 0.15
1 0.7433333333333333 0.655 0.07833333333333334 0.13
1 0.8083333333333333 0.8166666666666667 0.06666666666666667 0.12333333333333334
1 0.14666666666666667 0.32166666666666666 0.11166666666666666 0.15666666666666668
1 0.8633333333333333 0.635 0.07833333333333334 0.105
1 0.6433333333333333 0.9133333333333333 0.16833333333333333 0.17333333333333334
1 0.7183333333333334 0.9016666666666666 0.03666666666666667 0.10666666666666667
1 0.8766666666666667 0.9166666666666666 0.08833333333333333 0.13666666666666666
1 0.52 0.5916666666666667 0.09166666666666666 0.12333333333333334
1 0.79 0.93 0.06666666666666667 0.125
1 0.8933333333333333 0.83 0.075 0.105
0 0.49833333333333335 0.49666666666666665 0.9966666666666667 0.9933333333333333
1 0.4683333333333333 0.65 0.09166666666666666 0.22
1 0.49833333333333335 0.8533333333333334 0.13166666666666665 0.135
1 0.16833333333333333 0.6883333333333334 0.18166666666666667 0.19333333333333333
1 0.05 0.545 0.08833333333333333 0.145