1 0.731932640851523 0.11376729377982293 0.09019806272224894 0.08969313335595146
1 0.983551172622953 0.6355980143561482 0.03289765475409392 0.03864551027119887
1 0.26285504300016016 0.5284391859605058 0.05122240632693234 0.03174603847458741
1 0.6163864390557423 0.627328121949284 0.03802489591881378 0.034613761548030766
1 0.48620539133021284 0.29158736550858017 0.034691562585480444 0.03449735898305827
1 0.8179484026957115 0.672645609180967 0.05816071884402845 0.03864551027119887
1 0.3083360949039847 0.4601270231526069 0.04802489591881368 0.03496296924294825
1 0.3538680432736973 0.6381323193164572 0.044419916735050906 0.0281799000113089
1 0.25116859976612266 0.3233227833955332 0.07258063557907936 0.0657777871977557
1 0.4339840896315411 0.4395503206215615 0.10645726061327157 0.08027514618081398
1 0.34868132388259465 0.3883069231639159 0.030950760476502904 0.024380956418085777
1 0.6966892048046889 0.678396915559471 0.030950760476502904 0.024380956418085777
1 0.19920760058673403 0.6410529333785696 0.05149405217736169 0.038412705141254076
0 0.5 0.4924603847458739 1 0.9849207694917478