0 0.49833333333333335 0.49666666666666665 0.9966666666666667 0.9933333333333333
1 0.57 0.6983333333333334 0.04833333333333333 0.07666666666666666
1 0.3466666666666667 0.5933333333333334 0.065 0.12333333333333334
1 0.49 0.635 0.04 0.095
1 0.9133333333333333 0.29333333333333333 0.051666666666666666 0.07
1 0.9366666666666666 0.3516666666666667 0.09833333333333333 0.18666666666666668
1 0.9183333333333333 0.35333333333333333 0.043333333333333335 0.056666666666666664
1 0.32 0.7366666666666667 0.03 0.03666666666666667
1 0.7033333333333334 0.10666666666666667 0.02 0.03333333333333333
1 0.015 0.6783333333333333 0.03 0.09666666666666666
1 0.48833333333333334 0.6116666666666667 0.03333333333333333 0.04666666666666667
1 0.22 0.2633333333333333 0.145 0.095
1 0.18 0.2633333333333333 0.06166666666666667 0.09
1 0.335 0.6233333333333333 0.04 0.055