1 0.8122894576047829 0.6847027457638556 0.1007563178754242 0.1305817829810955
1 0.37195866936968824 0.33881926369672016 0.10048481915091297 0.08391511631442881
1 0.05780225469227683 0.4819866473062693 0.11071753234335115 0.12397329461253852
1 0.4775803490953307 0.7327537727771856 0.07052360468298598 0.09040724808676676
1 0.543859160441267 0.6664749614312492 0.06387633078235581 0.09370179588802709
1 0.3802748323619328 0.9088483528457751 0.046996343689287415 0.056938165391178096
1 0.6077246836281307 0.47185312036896127 0.06736480624398117 0.12038785532073044
1 0.5417755493048152 0.5947985983815643 0.20560228695960595 0.39118295872822767
1 0.1469705881776543 0.9124908592232187 0.05372118865406369 0.06697695092325072
1 0.8082385919280985 0.5613500196644857 0.0537793669521731 0.0769769509232511
1 0.03452709965705305 0.49185089794401354 0.06391511631442888 0.10036846255469375
1 0.9102327131924383 0.21196089179463604 0.17953457361512354 0.25438054269930527
1 0.9213865827716109 0.24368573675941227 0.10436114993326859 0.17726784241379875
1 0.5966979782406693 0.5817852456878335 0.07062056851316849 0.10707391475343361
1 0.6013586048350301 0.5234810015035549 0.08798537475714985 0.22717087858361615
1 0.5899634368928747 0.5700797934890939 0.04707391475343343 0.07027149872451123
1 0.9702714987245112 0.14397662824996002 0.05945700255097752 0.0903490697886573
1 0.8564835466017936 0.2599742444883668 0.06738419901001787 0.12372118865406369
1 0.08438165391177915 0.4671417894345613 0.06713209305154308 0.08038785532073045
1 0.5304579524268059 0.6547307237004365 0.02354665375973506 0.03680241602892238
1 0.49890764235635837 0.6745464924230895 0.30333555575828103 0.57507868227662
1 0.6018919059010344 0.6151476681702216 0.04027149872451124 0.046899379859104896
1 0.578257984694135 0.5633452521412993 0.1384701939080628 0.3107951034074972
1 0.6754557300018582 0.08226036845572819 0.07717087858361614 0.08711270028550658
1 0.38232935434932985 0.97552471589546 0.08023271319243823 0.04046542638487608
1 0.8364555686652126 0.5415148581757961 0.10742298454209087 0.1306205685131685
1 0.816542836112377 0.556398501579577 0.037015736455324105 0.06021332042640173
0 0.5 0.5 1 1