1 0.660416050536139 0.5913766138575043 0.017889072993599105 0.03029091774880366
1 0.2945048431943777 0.21137196363844066 0.01788907299359901 0.030290917748803613
1 0.5393464821311408 0.864963337666275 0.04203734387822048 0.050698202597128934
1 0.5731551957027256 0.852714835502001 0.03951894809617537 0.07064001904736794
1 0.5633843783234916 0.7246433281425909 0.04217316680343515 0.05403153593046208
1 0.4392728990029603 0.7867670277088573 0.042308989728650014 0.057364869263795415
1 0.611627113531925 0.3990324008701033 0.06353139605558226 0.08771397056235969
1 0.5381211657092867 0.363674864073053 0.014148270884621563 0.020232734199042854
1 0.6803000041782952 0.3895063047666751 0.04523485428633914 0.047423052813556126
1 0.5931438523715793 0.6891487679696248 0.035234854286339136 0.04724850216427399
1 0.5734239314582332 0.31475969524211234 0.01775325006838443 0.026957584415470328
1 0.3678551915244304 0.4549173748944225 0.035234854286339136 0.04724850216427399
1 0.6277052636974181 0.7401754155889234 0.017889072993598917 0.03029091774880366
1 0.49226100335768375 0.7125609411291132 0.03258063557907936 0.06385698528117985
1 0.669917983635595 0.276434797407265 0.01775325006838424 0.026957584415470328
1 0.5137691604368432 0.389082148921378 0.10447081320093882 0.27496247272663366
1 0.8261885248577637 0.4469171368023228 0.02176569802779113 0.04368243463189761
1 0.8185654260490212 0.38875835411827164 0.017889072993599105 0.03029091774880366
1 0.6618053996868031 0.5164057056323846 0.04564232306198316 0.05742305281355622
1 0.6408348626429294 0.7449426813898805 0.017617427143169568 0.023624251082136803
1 0.904204987540353 0.7803170891839027 0.042308989728649826 0.05736486926379522
1 0.9215450971675201 0.6817510216515266 0.045506500136768865 0.05408971948022289
1 0.34661300863012734 0.6901210173185851 0.045370677211553814 0.05075638614688936
1 0.4141936442092067 0.6256531047649176 0.0384323646944578 0.04397335238070127
1 0.3730391493448817 0.6546846406953796 0.03537067721155381 0.05058183549760732
1 0.7939304315950019 0.25761533939945147 0.04162987510257646 0.040698202597128745
1 0.8938625201323945 0.25753649957329644 0.07046970857267827 0.09449700432854778
1 0.8551839578204512 0.18493046061197216 0.017889072993599105 0.03029091774880366
1 0.370619784923961 0.5914385826866874 0.03176569802779113 0.043856985281179844
1 0.7341936442092066 0.6200674839878879 0.024555739660265773 0.030407284848325087
1 0.5796831293492558 0.3246433281425909 0.0593831251709607 0.06765578701259897
1 0.2659677754732223 0.21686652381140684 0.017617427143169568 0.023624251082136994
1 0.7205037385661172 0.38380810216954636 0.017617427143169568 0.023624251082136994
1 0.6735004246813355 0.9242444787927517 0.08659308353848626 0.0814545887440181
1 0.6856367999206805 0.8307656865850167 0.028160718844028453 0.037132135064752374
0 0.5512932278844614 0.49874905368014444 0.8974135442310772 0.9974981073602889
1 0.8626203372380913 0.49291469264674115 0.05523485428633914 0.04759760346283826
1 0.9333984832252892 0.4317219298766463 0.0663214376880569 0.07443882077878698
1 0.9392247641077237 0.5748516207858171 0.05965477102139024 0.07432245367926574
1 0.7403708257358242 0.9180808077975374 0.042308989728649826 0.0573648692637956
1 0.342461827650584 0.17889072727512384 0.06686472938891559 0.0877721541121204
1 0.2410894934966393 0.5004325913437832 0.07019806272224893 0.08783033766188131
1 0.31727510825948146 0.42915255324904705 0.028160718844028453 0.037132135064752374
1 0.4808603108758733 0.624489433769703 0.09979059394660492 0.07835398960972763
1 0.6628636247606551 0.08169662338118829 0.05271645850429403 0.06753941991307755
1 0.6682145254048381 0.23649298095702573 0.0384323646944578 0.04397335238070127
1 0.6938200569027311 0.13944812121691436 0.04577814598719783 0.06075638614688946
1 0.4208914307743904 0.5838991627736099 0.04162987510257646 0.040698202597128745