0 0.13832816433918463 0.9068412074687029 0.1598518769717929 0.18631758506259416
1 0.3437778437176231 0.49380111079990097 0.2340000282599336 0.21263750545299256
1 0.2466825975481182 0.432695685720338 0.07151323334464242 0.04414785707616924
1 0.26086253994932773 0.7910484124761197 0.11647620258759067 0.09131875272649627
1 0.4762487784012971 0.7569028907277549 0.05461376154803076 0.03728725618501774
1 0.27685189110175973 0.2947696142584226 0.03414815128814079 0.023721201782302803
0 0.5030846679717711 0.5883333333333334 0.9938306640564578 0.8233333333333334
1 0.169608592553882 0.9449235939741082 0.07542857950283822 0.06085331058773287
1 0.12241811434483914 0.9293805781455509 0.11108996413562139 0.12790784570336883
1 0.9066561167288666 0.573786388033061 0.1866877665422669 0.1756993308720473
1 0.674613832197865 0.5692882816889172 0.4182222410621781 0.1448095687672215
1 0.5648624975594273 0.4797137693188815 0.21442329746895478 0.1291102378951746
1 0.7415079937006595 0.4334555321875349 0.2175238256723431 0.12248235807340468
1 0.9652883865904399 0.43279849115209096 0.06942322681912022 0.04759755094419347
1 0.7393704771301199 0.8016143247188319 0.41593653081359716 0.17477078192232473
1 0.46076199761597264 0.6950810766815003 0.1477566308022881 0.12833450099723545
1 0.3575238963221773 0.6488980779121434 0.10291006412431235 0.08449693868024175
1 0.37596301163284873 0.36589443276043404 0.14279366155933984 0.08162904748567182