1 0.5167249385989872 0.535365107355895 0.0579470948813641 0.03765578701259907
1 0.7328571731356432 0.23765492207295774 0.09554498206781072 0.06496247272663368
1 0.7441852526950268 0.5143506805145047 0.15659260515256315 0.0960097766223267
1 0.4027567014521223 0.6582995913393894 0.05473016411300326 0.040930936796171595
1 0.7427038104634531 0.8058137047570089 0.13577778719775552 0.0723273419904289
0 0.5005820128248625 0.5166666666666667 0.998835974350275 0.9666666666666667
1 0.502370463000153 0.6966826727239974 0.18132276926556642 0.1364170614706518
1 0.4064445527741902 0.8116038328978423 0.05128042821469743 0.03753941991307746
1 0.37123291816967974 0.8526304805171411 0.04783069231639161 0.0341479030299835
1 0.34828582328831564 0.8155856207770296 0.05139683077966992 0.04087275324641079
1 0.2935186284182606 0.8212922588726443 0.05128042821469743 0.03753941991307746
1 0.39490483861029624 0.5765456493480816 0.048529107706226565 0.054147903029983506
1 0.4666297065594491 0.5794632623346039 0.05151323334464223 0.044206086579744126
1 0.29444453864422343 0.7047128675306188 0.14244445386442237 0.07244370908995051
1 0.24430696555381645 0.6522025393924216 0.08876191283617156 0.06151277229377892
1 0.2473863232317703 0.5972898147170626 0.07542857950283822 0.061280038094735874
1 0.34843394631652275 0.6290353212098845 0.10314286925425734 0.09174550649282177
1 0.27368261167808505 0.5394510415566954 0.048063497446336596 0.04081456969665017
1 0.29079371807920723 0.5047710510803795 0.08876191283617156 0.06151277229377873
1 0.3545132898645098 0.4692389636340469 0.06162963590961491 0.04771397056235969
1 0.22738101293795315 0.4536946554098061 0.11969313335595151 0.08870309090829209
1 0.6093757167741028 0.4220524302989561 0.11291006412431234 0.08525339047543724
1 0.6855344321300106 0.3134488354932135 0.21260319748026366 0.17360738008516496
1 0.9347831257515066 0.43939199306729354 0.0618624410395599 0.054380637229026356
1 0.9739047962203957 0.5735108043223967 0.052190407559208625 0.09455518787830859