0 0.5 0.5 1 1
1 0.5146892479764679 0.615 0.174739796414943 0.17333333333333334
1 0.4605980334176934 0.345 0.12303201896819227 0.13666666666666666
1 0.7810957110580777 0.44166666666666665 0.028529696608576766 0.04
1 0.5007440952876753 0.485 0.2303380768658504 0.43666666666666665
1 0.6127942978796511 0.5483333333333333 0.03961646407469061 0.06333333333333334
1 0.6807349046624978 0.6283333333333333 0.1157443423208891 0.12333333333333334
1 0.7697714695366361 0.5416666666666666 0.04915070658921328 0.05333333333333334
1 0.6938261686279151 0.7766666666666666 0.03946121157953163 0.06
1 0.729429044391411 0.44166666666666665 0.05326030239834229 0.07
1 0.7415614685435551 0.43166666666666664 0.017598181637621717 0.02
1 0.5677942978796512 0.5483333333333333 0.08752515070263067 0.09