0 0.5 0.5 1 1
1 0.7069312437700738 0.37996832687830706 0.20294819939170375 0.1359818163762164
1 0.5397893173279251 0.8944157525200727 0.11860627152962971 0.08876717066390408
1 0.4468466919981476 0.729913430160457 0.06418675947303693 0.03961646407469061
1 0.7825547043571851 0.21330625552422902 0.1694596976693333 0.12776262475795808
1 0.42909384660822153 0.7758038343513277 0.17341370455881494 0.15458454391978382
1 0.4842490149972587 0.7716988338547872 0.050775841945185224 0.03566212076072077
1 0.37471452016436974 0.7465755015145349 0.03736492441733333 0.03170777744675093
1 0.7423191647426663 0.36493181141081155 0.05736492441733352 0.03263929241770579
1 0.7779772368805923 0.4099729221908957 0.0506206735561481 0.0289954540940541
1 0.4130076678849623 0.8217718647897783 0.06077584194518522 0.03612787824619829
1 0.8276322885517036 0.21206883087554435 0.07519535400177782 0.08341555489350157
1 0.7297602798390367 0.4027217610110878 0.050775841945185224 0.03566212076072077
1 0.7752257850061479 0.3848176696957365 0.05093101033422234 0.04232878742738744
1 0.7603061562316294 0.23729711430569447 0.10155168389037045 0.07132424152144154
1 0.37386109402466605 0.7832421681812015 0.06240511003007422 0.1061278782461981
1 0.7783693383996295 0.17807337678149027 0.07100859452874071 0.04659363573167572
1 0.6392185839928886 0.35011898406087755 0.050775841945185224 0.03566212076072077
1 0.3720004668717031 0.7914978752669553 0.03736492441733333 0.03170777744675093
1 0.5608118470114813 0.13457100501523178 0.07767526119540738 0.04690414072199407
1 0.4703338002050364 0.7960778238741507 0.04744250861185189 0.03550686826556159
1 0.4697519187461475 0.8210778238741506 0.26597398297792607 0.2687763612890814
1 0.7549154482280738 0.3972194880581149 0.1082183505570371 0.07163474651175988
1 0.10526318358792557 0.4236895444163244 0.10852868733511119 0.08496807984509322
1 0.8333305463023702 0.18230170961828313 0.047132171833777645 0.022173534932228258
1 0.8290662026348147 0.22214645712312395 0.05457468044562972 0.055817373255879946
1 0.39548896859407345 0.7859179760664028 0.10271544680814827 0.12132424152144154
1 0.3747519187461475 0.8166531277621144 0.03736492441733333 0.03170777744675093