1 0.6693539348647497 0.595 0.4861716958912484 0.32666666666666666
1 0.44964770975645457 0.12666666666666668 0.31083724071418717 0.14333333333333334
1 0.34042583605255006 0.73 0.1377948776632391 0.15333333333333332
1 0.4278840529956597 0.13 0.07498216493351606 0.056666666666666664
1 0.4760234061407362 0.13666666666666666 0.17595206587479975 0.09
1 0.3844559351112662 0.7633333333333333 0.25649833630660185 0.22333333333333333
1 0.5010719011878003 0.135 0.11841248836097748 0.06
1 0.8626594128268228 0.195 0.037345597325565145 0.023333333333333334
1 0.8000050101523881 0.17166666666666666 0.09783054779620746 0.04
1 0.6415261916778622 0.17666666666666667 0.7142318940086809 0.26
1 0.773483828626914 0.16666666666666666 0.03734559732556533 0.023333333333333334
1 0.7243745745405535 0.19333333333333333 0.013624303615718342 0.01
1 0.8624169375915016 0.20333333333333334 0.26682497672195493 0.12
1 0.4079525886522762 0.815 0.16701895691021199 0.12666666666666668
1 0.9521744623561809 0.21166666666666667 0.023721293709847182 0.013333333333333334
1 0.8298110299641314 0.17833333333333334 0.030484950470641935 0.016666666666666666
1 0.702998878156272 0.18333333333333332 0.01362430361571853 0.01
1 0.9173199474973734 0.20666666666666667 0.03067893065889886 0.023333333333333334
1 0.9786471488345906 0.21833333333333332 0.03067893065889848 0.023333333333333334
0 0.5 0.5 1 1