1 0.44453288459584217 0.0837296153988152 0.13653400643956995 0.11310336778074086
1 0.48845316864633387 0.23652125288600037 0.03753957751382207 0.03085342613970378
1 0.5495072347676502 0.3163286859151857 0.0783154982668492 0.0584511031405926
1 0.3784403437322379 0.34903855866140776 0.06783054779620727 0.04155168389037044
1 0.8669241723591519 0.5271876861168157 0.023721293709846804 0.013876422694963064
1 0.49698048216792406 0.23004854670563005 0.09812151807859247 0.0522499416410371
1 0.2400507005901325 0.6343461084085188 0.027248607231436968 0.020620673556148102
0 0.5 0.37997096251111157 1 0.7599419250222231
1 0.052730753092759125 0.42317955845977784 0.05164883160018256 0.057830429584444495
1 0.18318504358282095 0.4679108008099261 0.18552843536531805 0.19418954650400017
1 0.3376515980651148 0.4898517991883707 0.13857079841626616 0.18310336778074088
1 0.6886036639399146 0.4079593475155561 0.08841248836097748 0.06201718905748161
1 0.6696577300612309 0.48590475987629683 0.19252174244733813 0.0910889657542225
1 0.5417965222844434 0.5813286859151857 0.13507915502764434 0.06310336778074088
1 0.49554847597487045 0.5085370484280005 0.1194793793963898 0.09938211347481495
1 0.4120568325862485 0.626675027759556 0.12938238930226145 0.09628153272503709
1 0.42595427141786807 0.5502799057737041 0.085758085686543 0.08527293819629639
1 0.783899644374688 0.5719535400177784 0.057345597325565524 0.024652264640148285
1 0.660954271417868 0.5557495914872599 0.1254671154041578 0.07620394853051872
1 0.6327357632451472 0.608462251264445 0.09135786131779734 0.04876143991866684
1 0.5414748920214782 0.6497008113457783 0.07126087122366888 0.04496260141822214
1 0.5107781262960954 0.615630428164519 0.06126087122366888 0.04472984883466666