1 0.14255200120709735 0.4292932752521409 0.11278090758302146 0.11728723517983515
1 0.8851204788192962 0.5436469512273393 0.06787534087119676 0.08703512922136042
1 0.19402041188168206 0.7196811305728713 0.068050033468807 0.09036846255469376
1 0.22407462565999603 0.1780241602892229 0.07436731494025348 0.08374058142010019
1 0.547325397257534 0.5950313115740026 0.07857411126163735 0.10042664085280345
1 0.3450331325204911 0.54217198979609 0.031921618573711424 0.036841201560995386
1 0.3208782475510603 0.3986544251854097 0.01823890004515789 0.03009696383018261
1 0.137544914217727 0.39758782305340123 0.0527950815617622 0.05362422482388107
1 0.28835937886445406 0.5101659497237844 0.01455618151660436 0.023410904397479348
1 0.24432249057767053 0.10978779078607218 0.11802168551132562 0.21728723517983525
0 0.5 0.5 1 1