1 0.62 0.42333333333333334 0.14166666666666666 0.20666666666666667
1 0.18666666666666668 0.43166666666666664 0.14166666666666666 0.24333333333333335
1 0.4666666666666667 0.205 0.035 0.075
1 0.46 0.7983333333333333 0.028333333333333332 0.056666666666666664
1 0.8483333333333334 0.2966666666666667 0.03 0.05333333333333334
1 0.37833333333333335 0.525 0.023333333333333334 0.035
1 0.21666666666666667 0.37666666666666665 0.08 0.13
1 0.825 0.6516666666666666 0.03333333333333333 0.04666666666666667
1 0.14333333333333334 0.5033333333333333 0.05333333333333334 0.09333333333333334
1 0.5966666666666667 0.4116666666666667 0.08 0.15333333333333332
1 0.6916666666666667 0.14 0.09333333333333334 0.2
0 0.5 0.49833333333333335 0.995 0.9966666666666667
1 0.91 0.8533333333333334 0.16 0.29333333333333333
1 0.6733333333333333 0.6633333333333333 0.041666666666666664 0.15333333333333332
1 0.685 0.575 0.03166666666666667 0.06333333333333334
1 0.745 0.6183333333333333 0.03166666666666667 0.065
1 0.8083333333333333 0.6083333333333333 0.041666666666666664 0.06666666666666667
1 0.735 0.7433333333333333 0.03166666666666667 0.06833333333333333
1 0.7283333333333334 0.865 0.04666666666666667 0.08166666666666667
1 0.7783333333333333 0.9816666666666667 0.043333333333333335 0.03666666666666667
1 0.9383333333333334 0.31333333333333335 0.02666666666666667 0.065
1 0.7816666666666666 0.2916666666666667 0.03166666666666667 0.056666666666666664
1 0.815 0.275 0.02666666666666667 0.03166666666666667
1 0.8266666666666667 0.37333333333333335 0.035 0.06833333333333333
1 0.8883333333333333 0.25 0.028333333333333332 0.04666666666666667