1 0.7102023215791856 0.4301880959049741 0.1060487801414816 0.11786905885847204
1 0.5730313576481485 0.41011168987908225 0.0800803712254816 0.1475587640992965
1 0.4109019728453338 0.5353649720348146 0.05511776980725926 0.07728725618501775
1 0.9233804865234818 0.4210390711649027 0.06162926808488881 0.0706981632081451
1 0.4855556310009636 0.6628643882028636 0.05868385572414809 0.0873260430299149
1 0.5289651550133339 0.5940074324634214 0.05155168389037044 0.06724846934012096
1 0.8127986050645929 0.397319037046502 0.03821835055703711 0.06709332196053311
0 0.5 0.5 1 1
1 0.15361184559155586 0.3683127722469827 0.05527293819629638 0.0839539228516845
1 0.18085760668614834 0.24963035730957686 0.0650401856127408 0.0740702833863754
1 0.2517498249231114 0.28714916690007425 0.06170685227940747 0.07403149654147834
1 0.20640208956325953 0.3443588493952982 0.06914936089125935 0.1074424035646056
1 0.39473402938111135 0.27048133256950546 0.07325853616977791 0.1408145237428359
1 0.44244947618925956 0.3866243768300633 0.19845389017155582 0.2222496370040231
1 0.3012898938179264 0.5533116045830806 0.11380162553140755 0.16461329921493265
1 0.3721848990858525 0.7342025343518083 0.24690499331214844 0.2994593194992471
1 0.48858280810266747 0.8645504482919787 0.11201718905748143 0.08794663254826597
1 0.5552882668665933 0.8654413780607064 0.06170685227940756 0.07403149654147834
1 0.4973054559240749 0.9528062079355183 0.08527293819629639 0.08430300445575692
1 0.800712192905482 0.7375517581158836 0.22287340222814844 0.2691878115849685
1 0.7313314729461488 0.6933468884362711 0.07899419250222232 0.10089209743262983
1 0.8349751430575562 0.7054778295777991 0.06891660830770377 0.09744240356460561
1 0.8719147479205193 0.7884039010397144 0.05178443647392593 0.07724846934012097