1 0.8266666666666667 0.31 0.055 0.09
1 0.20333333333333334 0.20333333333333334 0.045 0.06
1 0.285 0.3616666666666667 0.06 0.08666666666666667
1 0.22666666666666666 0.31 0.05 0.085
1 0.455 0.4583333333333333 0.04 0.06333333333333334
1 0.52 0.5133333333333333 0.03 0.08
1 0.6216666666666667 0.795 0.023333333333333334 0.05
1 0.45666666666666667 0.905 0.051666666666666666 0.065
1 0.8766666666666667 0.35833333333333334 0.04 0.03333333333333333
1 0.13 0.33666666666666667 0.028333333333333332 0.055
0 0.52 0.49666666666666665 0.8333333333333334 0.9933333333333333