1 0.7177942978796511 0.5093768840662727 0.17861191816874492 0.12241734840906057
1 0.9348902065642998 0.45310921152041883 0.08705939321715316 0.08436731494025347
1 0.5151961162420294 0.539945786221686 0.13768040319778985 0.10032103723773882
1 0.6373742464868464 0.4154982119719979 0.07845666567358572 0.11384323714742303
1 0.812451872734426 0.40466018393079894 0.130858484035964 0.09663831870918518
1 0.21210944758920086 0.33636689039703893 0.41684030041218045 0.3111378043108266
1 0.7231640478671943 0.7867494081127503 0.03426484830428838 0.021746925976101464
1 0.4340682379958312 0.6040510622655243 0.03790868662793988 0.028588285240378278
1 0.6557989920055253 0.19839481381130586 0.09465757485477487 0.10471670013547367
1 0.6520410119667985 0.17199018604105443 0.06186302994190991 0.04314446675698245
1 0.2673469216445283 0.2569924884674151 0.027442929142462543 0.018064207447547838
1 0.2085843462932129 0.30496226262678744 0.1679909081881082 0.1085599372828967
1 0.9415706591687323 0.238283904118029 0.02899545409405391 0.05139754078088108
1 0.16757060976208968 0.40021721453383236 0.27760737226279897 0.17748343373975445
1 0.11338338770538096 0.42134562942892784 0.165744342320889 0.13171857801862
0 0.5 0.5 1 1