0 0.49833333333333335 0.49833333333333335 0.9966666666666667 0.9966666666666667
1 0.66 0.6216666666666667 0.13166666666666665 0.23333333333333334
1 0.20833333333333334 0.6833333333333333 0.02666666666666667 0.065
1 0.23666666666666666 0.6066666666666667 0.025 0.06
1 0.8066666666666666 0.9566666666666667 0.028333333333333332 0.07333333333333333
1 0.23166666666666666 0.5033333333333333 0.02 0.08666666666666667
1 0.33 0.63 0.04 0.07
1 0.7233333333333334 0.9716666666666667 0.03166666666666667 0.05333333333333334
1 0.7966666666666666 0.9283333333333333 0.04666666666666667 0.12666666666666668
1 0.7233333333333334 0.9216666666666666 0.03166666666666667 0.15333333333333332
1 0.6366666666666667 0.5583333333333333 0.08166666666666667 0.10333333333333333
1 0.7883333333333333 0.89 0.03 0.045
1 0.175 0.885 0.016666666666666666 0.04
1 0.17833333333333334 0.9333333333333333 0.01 0.03
1 0.38333333333333336 0.455 0.35333333333333333 0.275
1 0.25 0.5383333333333333 0.015 0.023333333333333334