1 0.36 0.36333333333333334 0.10833333333333334 0.12333333333333334
1 0.5833333333333334 0.47333333333333333 0.10166666666666667 0.135
1 0.78 0.825 0.08 0.1
1 0.7833333333333333 0.475 0.10166666666666667 0.14
1 0.12833333333333333 0.5433333333333333 0.14 0.15666666666666668
1 0.15666666666666668 0.5783333333333334 0.07833333333333334 0.08333333333333333
1 0.43333333333333335 0.7916666666666666 0.21333333333333335 0.18666666666666668
1 0.39666666666666667 0.755 0.13666666666666666 0.115
1 0.11 0.505 0.09833333333333333 0.08
1 0.49 0.8416666666666667 0.095 0.08333333333333333
0 0.49833333333333335 0.49666666666666665 0.9966666666666667 0.9933333333333333