1 0.51 0.82 0.08166666666666667 0.13
1 0.7166666666666667 0.5266666666666666 0.05333333333333334 0.07666666666666666
1 0.21 0.565 0.13666666666666666 0.205
1 0.4 0.61 0.07833333333333334 0.1
1 0.7483333333333333 0.7833333333333333 0.04 0.085
1 0.32 0.6933333333333334 0.065 0.09666666666666666
1 0.2866666666666667 0.42333333333333334 0.105 0.145
1 0.6066666666666667 0.045 0.028333333333333332 0.09
1 0.24333333333333335 0.49833333333333335 0.06833333333333333 0.07333333333333333
0 0.49833333333333335 0.49833333333333335 0.9966666666666667 0.9966666666666667
1 0.47333333333333333 0.4083333333333333 0.12666666666666668 0.15
1 0.49 0.07 0.09166666666666666 0.13333333333333333