0 0.5 0.5 1 1
1 0.5197719160200207 0.4256748402008579 0.10566067532376223 0.13935181463856489
1 0.13222871082752077 0.7401119549498143 0.1497503948039851 0.18520902722893084
1 0.3052082926432262 0.3881525161948115 0.11583522597304446 0.1499342483132648
1 0.41224558182449283 0.9321504728112635 0.13940129350542066 0.1356990543774729
1 0.7993975082259984 0.17669176625510336 0.2500413125527886 0.20770003064259593
1 0.6056699757618896 0.6659167432731563 0.2812049835480032 0.276113998333362
1 0.5594396857184284 0.6381987194578905 0.17360738008516496 0.21656803913656386
1 0.6139198190500043 0.384444221164723 0.10209460779138604 0.12582433674699833
1 0.6858774034654745 0.37195166250007183 0.2508558822494388 0.2543666973092626
1 0.6535087489222567 0.6970651727008723 0.16027404675183163 0.21579146090363072