1 0.5266666666666666 0.8166666666666667 0.051666666666666666 0.065
1 0.4083333333333333 0.9066666666666666 0.016666666666666666 0.043333333333333335
1 0.5316666666666666 0.55 0.03333333333333333 0.05
1 0.5866666666666667 0.385 0.02666666666666667 0.065
1 0.5633333333333334 0.5833333333333334 0.025 0.04
1 0.5666666666666667 0.6483333333333333 0.05 0.05333333333333334
1 0.6 0.47833333333333333 0.035 0.06333333333333334
1 0.62 0.25 0.018333333333333333 0.03
1 0.6333333333333333 0.7833333333333333 0.09833333333333333 0.15666666666666668
0 0.135 0.5133333333333333 0.27 0.885
1 0.19666666666666666 0.49 0.04 0.05
1 0.4083333333333333 0.5166666666666667 0.03 0.035
1 0.5833333333333334 0.31166666666666665 0.058333333333333334 0.06333333333333334
1 0.5966666666666667 0.6933333333333334 0.175 0.34
1 0.61 0.25333333333333335 0.03833333333333333 0.03666666666666667
1 0.35 0.39166666666666666 0.035 0.03333333333333333
1 0.08 0.6533333333333333 0.05333333333333334 0.09
1 0.18333333333333332 0.7033333333333334 0.025 0.04666666666666667
1 0.5166666666666667 0.8933333333333333 0.03166666666666667 0.03333333333333333
1 0.5066666666666667 0.65 0.015 0.03
1 0.6566666666666666 0.5333333333333333 0.011666666666666667 0.025
1 0.64 0.4083333333333333 0.016666666666666666 0.03333333333333333
1 0.635 0.4033333333333333 0.02666666666666667 0.05
1 0.6616666666666666 0.7483333333333333 0.043333333333333335 0.06333333333333334
0 0.43333333333333335 0.61 0.565 0.77
1 0.29833333333333334 0.47833333333333333 0.07333333333333333 0.1
1 0.07666666666666666 0.27666666666666667 0.04833333333333333 0.10166666666666667
1 0.09333333333333334 0.5266666666666666 0.058333333333333334 0.105
1 0.018333333333333333 0.685 0.035 0.06666666666666667