1 0.435 0.325 0.07 0.105
1 0.56 0.7416666666666667 0.07 0.09666666666666666
1 0.8433333333333334 0.3566666666666667 0.11333333333333333 0.17333333333333334
1 0.25333333333333335 0.12166666666666667 0.1 0.07333333333333333
1 0.4583333333333333 0.7566666666666667 0.44333333333333336 0.47
1 0.61 0.5733333333333334 0.05333333333333334 0.09666666666666666
1 0.36833333333333335 0.6366666666666667 0.07666666666666666 0.15
1 0.375 0.21333333333333335 0.1 0.125
1 0.7666666666666667 0.7083333333333334 0.03833333333333333 0.09666666666666666
1 0.79 0.7233333333333334 0.135 0.25666666666666665
1 0.43333333333333335 0.8166666666666667 0.06 0.13
1 0.295 0.235 0.08 0.1
1 0.49666666666666665 0.7666666666666667 0.07166666666666667 0.09666666666666666
1 0.36666666666666664 0.9566666666666667 0.05 0.06333333333333334
1 0.43666666666666665 0.7933333333333333 0.04833333333333333 0.08
1 0.5683333333333334 0.79 0.09 0.195
0 0.5183333333333333 0.49666666666666665 0.8033333333333333 0.9933333333333333
1 0.21166666666666667 0.4716666666666667 0.13333333333333333 0.14
1 0.3983333333333333 0.09 0.03333333333333333 0.08