0 0.5266666666666666 0.49666666666666665 0.94 0.9933333333333333
1 0.52 0.18 0.10666666666666667 0.165
1 0.38 0.12666666666666668 0.07333333333333333 0.13
1 0.4716666666666667 0.5533333333333333 0.4716666666666667 0.6566666666666666
1 0.6216666666666667 0.3933333333333333 0.02 0.035
1 0.41333333333333333 0.6816666666666666 0.02666666666666667 0.056666666666666664
1 0.49333333333333335 0.91 0.028333333333333332 0.035
1 0.9766666666666667 0.47 0.03 0.055
1 0.57 0.6333333333333333 0.025 0.04
1 0.4216666666666667 0.8266666666666667 0.013333333333333334 0.02
1 0.7566666666666667 0.3933333333333333 0.03 0.03
1 0.32 0.735 0.013333333333333334 0.045
1 0.6433333333333333 0.58 0.016666666666666666 0.035
1 0.75 0.9333333333333333 0.03666666666666667 0.055
1 0.5516666666666666 0.8233333333333334 0.043333333333333335 0.051666666666666666
1 0.565 0.7633333333333333 0.02 0.05
1 0.9483333333333334 0.745 0.06666666666666667 0.065
1 0.21666666666666667 0.7033333333333334 0.10166666666666667 0.18333333333333332
1 0.13666666666666666 0.7966666666666666 0.07 0.085
1 0.13833333333333334 0.9333333333333333 0.08166666666666667 0.10833333333333334
1 0.38166666666666665 0.9433333333333334 0.041666666666666664 0.10833333333333334
1 0.6133333333333333 0.85 0.045 0.06
1 0.625 0.77 0.055 0.09166666666666666
1 0.495 0.8183333333333334 0.043333333333333335 0.05333333333333334
1 0.38166666666666665 0.41333333333333333 0.08166666666666667 0.11
1 0.4666666666666667 0.33 0.056666666666666664 0.08166666666666667
1 0.64 0.18666666666666668 0.06333333333333334 0.07833333333333334
1 0.7133333333333334 0.17333333333333334 0.02666666666666667 0.06833333333333333
1 0.3933333333333333 0.5416666666666666 0.05 0.07666666666666666