1 0.82 0.6433333333333333 0.08333333333333333 0.12
1 0.35 0.3566666666666667 0.09 0.07
1 0.06 0.54 0.1 0.11
1 0.49666666666666665 0.7316666666666667 0.058333333333333334 0.08333333333333333
1 0.5566666666666666 0.6566666666666666 0.05333333333333334 0.085
1 0.42333333333333334 0.9133333333333333 0.041666666666666664 0.05333333333333334
1 0.595 0.45666666666666667 0.05333333333333334 0.11
1 0.5466666666666666 0.5866666666666667 0.16 0.37
1 0.19666666666666666 0.9466666666666667 0.04833333333333333 0.06
1 0.8033333333333333 0.5216666666666666 0.043333333333333335 0.07333333333333333
1 0.03666666666666667 0.55 0.05333333333333334 0.09
1 0.87 0.16666666666666666 0.16333333333333333 0.23
1 0.8766666666666667 0.195 0.08166666666666667 0.165
1 0.5966666666666667 0.5666666666666667 0.056666666666666664 0.1
1 0.5966666666666667 0.51 0.058333333333333334 0.215
1 0.59 0.5566666666666666 0.03833333333333333 0.06666666666666667
1 0.9216666666666666 0.09333333333333334 0.06 0.08333333333333333
1 0.8133333333333334 0.22 0.05333333333333334 0.115
1 0.08166666666666667 0.52 0.056666666666666664 0.07
1 0.5416666666666666 0.6466666666666666 0.02 0.035
1 0.5133333333333333 0.6716666666666666 0.22833333333333333 0.5433333333333333
1 0.6066666666666667 0.5983333333333334 0.03333333333333333 0.043333333333333335
1 0.5766666666666667 0.5516666666666666 0.09666666666666666 0.2966666666666667
1 0.6166666666666667 0.06833333333333333 0.06333333333333334 0.07666666666666666
1 0.43333333333333335 0.9833333333333333 0.075 0.03
1 0.8266666666666667 0.49666666666666665 0.09166666666666666 0.12
1 0.99 0.215 0.016666666666666666 0.07
1 0.8083333333333333 0.515 0.03 0.055
0 0.49833333333333335 0.49666666666666665 0.9966666666666667 0.9933333333333333