1 0.5418706671596997 0.33666666666666667 0.2625117221425618 0.43
1 0.15688068746447584 0.68 0.10186846161663136 0.29333333333333333
1 0.7473962979156978 0.605 0.1366309965336984 0.11333333333333333
1 0.16463208023303888 0.7 0.04537012531002944 0.07
1 0.15937176993123378 0.6516666666666666 0.06141918127895764 0.16333333333333333
1 0.7672814727550853 0.5516666666666666 0.1929710227850118 0.21666666666666667
1 0.15338403392346583 0.6283333333333333 0.046534006439570084 0.11
1 0.12038014561480566 0.2733333333333333 0.017636567607950536 0.03333333333333333
1 0.11510701039890459 0.34 0.02271572263559482 0.09333333333333334
1 0.14905795442997644 0.43333333333333335 0.14661095592414605 0.8
1 0.1143310896458775 0.36666666666666664 0.017636567607950536 0.03333333333333333
1 0.1265083566113781 0.12 0.027442587419693753 0.02666666666666667
1 0.15331269365752945 0.40166666666666667 0.007054627043180233 0.013333333333333334
1 0.12374413892871906 0.215 0.07057192025999413 0.36333333333333334
1 0.8099180403630359 0.5183333333333333 0.10417057404752067 0.14333333333333334
1 0.11628371644254121 0.185 0.010581940564770301 0.02
1 0.1143617496264576 0.30833333333333335 0.010775920753027132 0.02666666666666667
1 0.14753677290450237 0.42833333333333334 0.007054627043180233 0.013333333333333334
1 0.11693198712085982 0.22 0.01744258741969375 0.02666666666666667
1 0.11392028405049175 0.15166666666666667 0.017733557702078902 0.03666666666666667
0 0.5 0.5 1 1