0 0.5283333333333333 0.5 0.74 1
1 0.7166666666666667 0.395 0.018333333333333333 0.02
1 0.5233333333333333 0.9666666666666667 0.015 0.035
1 0.285 0.6516666666666666 0.021666666666666667 0.04
1 0.33 0.585 0.021666666666666667 0.035
1 0.6216666666666667 0.8366666666666667 0.013333333333333334 0.02
1 0.5316666666666666 0.8933333333333333 0.016666666666666666 0.03
1 0.4716666666666667 0.8366666666666667 0.02 0.04
1 0.5433333333333333 0.8466666666666667 0.015 0.02666666666666667
1 0.56 0.7933333333333333 0.028333333333333332 0.043333333333333335
1 0.41333333333333333 0.885 0.021666666666666667 0.02
1 0.5766666666666667 0.9133333333333333 0.013333333333333334 0.03666666666666667
1 0.20833333333333334 0.14666666666666667 0.07833333333333334 0.13666666666666666
1 0.34833333333333333 0.685 0.025 0.07833333333333334
1 0.55 0.6033333333333334 0.04833333333333333 0.125
1 0.56 0.705 0.03666666666666667 0.085
1 0.635 0.6466666666666666 0.04833333333333333 0.10333333333333333
1 0.49833333333333335 0.7133333333333334 0.02666666666666667 0.058333333333333334
1 0.4166666666666667 0.48833333333333334 0.03166666666666667 0.04833333333333333
1 0.5083333333333333 0.305 0.041666666666666664 0.09166666666666666