1 0.29333333333333333 0.6183333333333333 0.10833333333333334 0.23333333333333334
1 0.7383333333333333 0.3466666666666667 0.13 0.205
1 0.52 0.7466666666666667 0.013333333333333334 0.023333333333333334
1 0.59 0.9233333333333333 0.043333333333333335 0.12333333333333334
1 0.24666666666666667 0.3 0.011666666666666667 0.015
1 0.6233333333333333 0.43333333333333335 0.02666666666666667 0.04
1 0.7533333333333333 0.5466666666666666 0.07666666666666666 0.15666666666666668
1 0.635 0.7433333333333333 0.19166666666666668 0.30333333333333334
1 0.6033333333333334 0.6116666666666667 0.015 0.023333333333333334
1 0.735 0.51 0.02666666666666667 0.04
0 0.49833333333333335 0.49833333333333335 0.9966666666666667 0.9966666666666667
1 0.785 0.845 0.09 0.305