0 0.502265619988851 0.4697671212572612 0.9954687600222979 0.9395342425145224
1 0.21042441842785567 0.49006384030981354 0.2613381008565197 0.2421096946224147
1 0.4746692117649053 0.3211322265255731 0.24786901816093082 0.21815535130844466
1 0.33948386927508456 0.645675659665273 0.2107757106414607 0.1431142405283606
1 0.6113347672190982 0.6013559146431345 0.2977914470967846 0.20715080540249878
1 0.791151647154225 0.33804990615211933 0.21420600780497656 0.15993615969018643
1 0.6040680360177734 0.4184107125476991 0.17750055560623687 0.15156171557676884
1 0.7821966340952493 0.731693744475771 0.19075631787542421 0.13884939222407222
1 0.8485045345902403 0.7902553612392544 0.10034906978865744 0.06465757485477487
1 0.6157045023229114 0.7094563692337291 0.1338957235483925 0.10287676647303329
1 0.5455881457266921 0.7327166716320715 0.14717087858361613 0.0934977764536698
1 0.6283687852279848 0.8238353592530926 0.19389572354839232 0.10567131138589805
1 0.3971772413292128 0.7529587409999876 0.15722905688172564 0.10396353393914733
1 0.2159856974304408 0.6797533353194952 0.17056239021505906 0.10458454391978383
1 0.12490081374486967 0.5840227789363722 0.1706593540452416 0.12125121058645069