1 0.7417884501752906 0.6340204118816821 0.2059365308135972 0.18048155585660822
1 0.4497778154576893 0.25694057711546187 0.21868785132206806 0.16451365958038214
1 0.640074202813772 0.9248726139016217 0.17635980002261817 0.09575068174239391
1 0.4557778578475899 0.572202616011877 0.2261693359435422 0.18819637810893577
1 0.3689207271018472 0.6669193161473508 0.03759788718644662 0.028588285240378278
1 0.7541905629888439 0.6066549748245749 0.044497358983058274 0.03560433710226524
1 0.8933492642147849 0.38396850052972886 0.023915346158195613 0.017889514849937692
1 0.3601059232770066 0.749197406905653 0.034264553853113285 0.028413592642768132
1 0.37862972068941597 0.658061905021187 0.06496296924294825 0.04998582602125926
1 0.3898889783786789 0.6457838142628848 0.02736508205650163 0.021397540780881172
0 0.5 0.5 1 1