1 0.6966666666666667 0.7866666666666666 0.145 0.14
1 0.6933333333333334 0.5533333333333333 0.16166666666666665 0.24333333333333335
1 0.4533333333333333 0.5966666666666667 0.07833333333333334 0.095
1 0.5533333333333333 0.47333333333333333 0.056666666666666664 0.075
1 0.6133333333333333 0.4483333333333333 0.04833333333333333 0.07333333333333333
1 0.5066666666666667 0.29333333333333333 0.08166666666666667 0.13333333333333333
1 0.46 0.4683333333333333 0.08833333333333333 0.13333333333333333
1 0.6783333333333333 0.205 0.13 0.225
1 0.51 0.6683333333333333 0.045 0.06333333333333334
1 0.415 0.31666666666666665 0.09 0.135
1 0.575 0.5416666666666666 0.4166666666666667 0.6333333333333333
1 0.48 0.38166666666666665 0.22 0.30666666666666664
1 0.17666666666666667 0.6016666666666667 0.08833333333333333 0.14333333333333334
1 0.26666666666666666 0.7266666666666667 0.06 0.10333333333333333
1 0.7233333333333334 0.20333333333333334 0.04 0.07333333333333333
1 0.47333333333333333 0.6233333333333333 0.12166666666666667 0.14666666666666667
1 0.7616666666666667 0.4683333333333333 0.09 0.07666666666666666
1 0.27666666666666667 0.5083333333333333 0.065 0.10333333333333333
1 0.5566666666666666 0.36833333333333335 0.07333333333333333 0.07333333333333333
1 0.4816666666666667 0.395 0.08333333333333333 0.1
1 0.2633333333333333 0.6066666666666667 0.08833333333333333 0.135
0 0.49833333333333335 0.49666666666666665 0.9966666666666667 0.9933333333333333
1 0.30833333333333335 0.3 0.12333333333333334 0.2783333333333333
1 0.065 0.6316666666666667 0.13 0.13