1 0.6116666666666667 0.42 0.09666666666666666 0.155
1 0.6516666666666666 0.22333333333333333 0.12666666666666668 0.21666666666666667
1 0.44 0.47333333333333333 0.10166666666666667 0.125
1 0.8366666666666667 0.4666666666666667 0.065 0.10666666666666667
1 0.62 0.7483333333333333 0.025 0.04666666666666667
1 0.5466666666666666 0.9466666666666667 0.03333333333333333 0.08333333333333333
1 0.64 0.305 0.155 0.385
1 0.5466666666666666 0.7666666666666667 0.058333333333333334 0.21
1 0.37333333333333335 0.9533333333333334 0.03 0.08333333333333333
1 0.26666666666666666 0.7633333333333333 0.021666666666666667 0.03666666666666667
1 0.6883333333333334 0.3933333333333333 0.05333333333333334 0.075
1 0.7566666666666667 0.7733333333333333 0.051666666666666666 0.08333333333333333
1 0.7816666666666666 0.6566666666666666 0.043333333333333335 0.12
1 0.35333333333333333 0.8816666666666667 0.02 0.056666666666666664
1 0.56 0.8533333333333334 0.02 0.04
1 0.3566666666666667 0.7633333333333333 0.028333333333333332 0.05333333333333334
1 0.6883333333333334 0.7583333333333333 0.03333333333333333 0.05333333333333334
0 0.49666666666666665 0.49666666666666665 0.9933333333333333 0.9933333333333333