1 0.5679125163589777 0.6506516436014969 0.1815126869509811 0.13943340027094753
1 0.48702041892634784 0.5781775992774736 0.12445815183534478 0.1031302927782417
1 0.7018629362189557 0.26673523413400957 0.13786905885847203 0.11049572983534896
1 0.8262252886059603 0.4920256209879062 0.1382569273074417 0.1438290631686823
0 0.7034132423509315 0.7566478878352044 0.593173515298137 0.4447780009031582
1 0.8475828281773535 0.607644132068912 0.19166783433056858 0.15329081139711132
1 0.6333756231699367 0.4004037786838225 0.19465208605982942 0.12346550399472137
0 0.5003490816040725 0.45379611035847944 0.999301836791855 0.8924077792830412
0 0.22903850252489122 0.908557634856536 0.3318617685550536 0.17729456716340375
1 0.7806857757691095 0.8779793432853917 0.08062058951835108 0.05752595567597685
1 0.7461888370888675 0.779726269261493 0.046976961425842394 0.02911236303320872
1 0.4867706397623219 0.8433522918750836 0.08073695005304198 0.06752595567597647
1 0.5883791261616431 0.8330241676479745 0.07081452374283591 0.07366854454981289
1 0.5371585082112913 0.874065236244265 0.057209682495224 0.049636440826038776
1 0.6602979073201399 0.8509349434660233 0.05054301582855734 0.04928705563081868
1 0.1538046137916074 0.7490675386706257 0.20527267557818077 0.17732291512088505
1 0.1379501355399724 0.5330996423943996 0.2425211449183017 0.22924453369459646
1 0.12432473320600981 0.3653777331527017 0.10445815183534488 0.10208213719258093
1 0.28477078192232474 0.39532582180074843 0.16166783433056878 0.15171857801862
1 0.7286060089115142 0.12858368038765675 0.06062058951835127 0.056477800090315826
1 0.821222953278156 0.2054463006200446 0.11449693868024174 0.10593954831874465
1 0.9312629077869552 0.3464354578643818 0.12135753957139324 0.12295560018063156
1 0.7928520007638279 0.3470185339985358 0.14131875272649608 0.12067042243295911
1 0.9002156629747374 0.25800769124287304 0.10430300445575691 0.08874880385924759