1 0.41862972068941595 0.6927616833046089 0.1916719769604839 0.15093941714535655
1 0.5028519334916602 0.6262930793601911 0.1337248820791198 0.11196376075004007
1 0.3017936898192735 0.3018845059562864 0.14717461797742562 0.11584038578423218
1 0.16953446038994427 0.5178466097639356 0.15178837952545635 0.15264287537611343
0 0.305455130971924 0.7766666666666666 0.5722646103729807 0.44666666666666666
1 0.143492147599009 0.6299575367703366 0.20213758722037384 0.1646802192543341
1 0.36650799370065945 0.43932931861015107 0.20453970003392727 0.1381493755128821
0 0.5005820128248625 0.5103734387822052 0.998835974350275 0.9540802108977439
0 0.7557514476781725 0.9394029017383316 0.3650053102938172 0.12119419652333666
1 0.1996456233109338 0.903525724390009 0.08209524616950489 0.06325975020515291
1 0.23626994892673153 0.8084889328259188 0.047714289751419114 0.0319015209530058
1 0.49210593740697345 0.890478141808903 0.08577778719775571 0.07339557313036758
1 0.39336519509623635 0.8748046988484024 0.0758941897627282 0.07632143768805691
1 0.4432117617742121 0.920107464597349 0.05841270514125407 0.05230898972864983
1 0.320497472022793 0.8851499278270124 0.05507937180792074 0.05217316680343515
1 0.830920741231814 0.8227333249767431 0.219619071841848 0.18869266721374098
1 0.8550794424577549 0.6090236427662828 0.2614815128814079 0.24365587564965077
1 0.8759259808757971 0.44344355950133374 0.11027514618081416 0.10767966694020382
1 0.7135238680622435 0.46345490283248003 0.17535451798873472 0.1602603025192832
1 0.28196298337291503 0.1629399694594869 0.06531217693786573 0.05924730224574603
1 0.1845238398023099 0.2321986150363792 0.12039154874578638 0.11142046904918118
1 0.07757147701702917 0.3626485470416867 0.11419049233900973 0.12448215653208516
1 0.20780428214697416 0.3746123077917267 0.1508571590056764 0.12597620870944687
1 0.10293654494356395 0.2788030419060117 0.10980953592092395 0.09434633360687049