0 0.5 0.4866666666666667 1 0.9733333333333334
1 0.3232255619076586 0.2955434658224823 0.04023271319243823 0.04116388112954061
1 0.6746196186373402 0.6185958491782068 0.033449689929552356 0.020969900941283866
1 0.47763519375601865 0.10608192149257656 0.043527260993698365 0.03459420455700235
1 0.6367032297737919 0.5480445685940164 0.1607757106414607 0.13798885785149576
1 0.6923226870744866 0.7263957369938339 0.03686059432703189 0.034400224368745666
1 0.5964220346662624 0.5975417830568904 0.03686059432703189 0.034400224368745666
1 0.49558814572669213 0.7437848192140754 0.3107175323433512 0.13235341208727316
1 0.17691655020019367 0.5247625349170671 0.04348847546162546 0.027927537890335544
1 0.25045350757691043 0.48762875284624263 0.05682180879495879 0.028315498266849204
1 0.736179625090806 0.6351348657701649 0.030135749362255715 0.024206244180488737
1 0.8770619959454675 0.47939461515010595 0.06375997418613678 0.0751761451217726
1 0.25967779693544973 0.6206711158971908 0.298101731353369 0.25529878504409304
1 0.35025957991654527 0.5180523833557245 0.036802416028922286 0.024400224368745664
1 0.4939419830385359 0.45388180930820377 0.17040724808676677 0.07494649480054762
1 0.3266256587096459 0.5703979806812898 0.05360483205784457 0.04821850817272093
1 0.47300254509823864 0.3295122449200383 0.05019392766036503 0.03478818474525913
1 0.2600764598516722 0.265719610944255 0.06370179588802719 0.06517614512177261
1 0.9899589920429791 0.5510969519497408 0.013488475461625361 0.027054627043180138
1 0.49287760333147523 0.06397879940233214 0.02343029716351604 0.017345597325565384
1 0.6467032297737919 0.5477535983116314 0.03352726099369856 0.0343032342746172
1 0.3638051224638064 0.7676159279321465 0.046899379859104896 0.04135786131779734
1 0.5406571316202938 0.444190614657073 0.07364361758991758 0.0554671154041578
1 0.4472645087763771 0.7435245089122703 0.050213320426401725 0.038121518078592466
1 0.673573520483842 0.5119776775586042 0.05701573645532411 0.06164883160018254
1 0.190550471407093 0.47270790787388695 0.03354665375973506 0.03763656760795053
1 0.4539710721875907 0.4500456904377444 0.08352726099369856 0.035758085686543005
1 0.617371168989578 0.7202446807783893 0.0468605943270317 0.03469119465113067
1 0.792566207862417 0.3952011958837132 0.07029089149054774 0.052036791976696195
1 0.38637355275117113 0.6119854923203121 0.03682180879495879 0.027733557702078998
1 0.5913832491341894 0.6043539348647498 0.026763630496849374 0.01744258741969361
1 0.5272548123933589 0.7428634133198557 0.3979659819911133 0.23487515453461127
1 0.207933559204637 0.6355077956895142 0.08711270028550658 0.07918840911400479
1 0.13951295842413933 0.652496092619146 0.06029089149054774 0.05174582169431081