0 0.5 0.5 1 1
1 0.49746901558540846 0.1537275324641088 0.0709309367961716 0.05455518787830859
1 0.93409901991835 0.7365241281320459 0.08800488831116354 0.0781794389604454
1 0.8713681783590183 0.6053895489117118 0.054147903029983506 0.04759760346283826
1 0.534082148921378 0.5394839186109982 0.2569407134184983 0.21108861644848181
1 0.6462142839861306 0.5147664008613159 0.057655787012599075 0.057655787012599075
1 0.7902955679678673 0.37890586839281337 0.07087275324641079 0.05122185454497526
1 0.4533341982729746 0.6764499385249546 0.06426427012950493 0.05443882077878698
1 0.6714630242425041 0.02339065194345281 0.03707395151499175 0.023973352380701314
1 0.5475402848527188 0.6280790779182548 0.10098912034593241 0.058412173159488434
1 0.6549755584441832 0.39488276796083727 0.08116367099521445 0.06806307186092415
1 0.52405684242592 0.25422209263707496 0.2791103757566172 0.14482923463014022
1 0.6878847359322194 0.22873975324201715 0.043798801731419035 0.02742305281355603
1 0.6588578502208211 0.6500282268352391 0.23021586320207083 0.20728981471706256
1 0.6396724199174713 0.6030124588700081 0.06759760346283826 0.05449700432854778
1 0.4998629766240842 0.1120899575723225 0.03391516883094065 0.03391516883094056
1 0.1153499662382056 0.6505443082242409 0.11478792207735145 0.08531157402519796
1 0.12724936710391518 0.6374146173150701 0.037132135064752464 0.027306685714034606
1 0.7448132285728095 0.21472887358794948 0.043856985281179844 0.03075638614688946
1 0.5511476649378837 0.4214124112515881 0.07765578701259908 0.05800488831116335
1 0.47676324242943496 0.76688631514816 0.060814569696650174 0.04771397056235969
1 0.577768368832698 0.23348636276657989 0.06748123636331683 0.04783033766188121
1 0.2932553584468195 0.77368621991132 0.22940129350542074 0.1606231480503959
1 0.3536626432951446 0.7514001904736798 0.04742305281355603 0.044147903029983504
1 0.24857536797050347 0.7545674086562169 0.02701576796523104 0.020465468398085704
1 0.09513788831555707 0.5668327818174629 0.1584121731594884 0.10273462683875399
1 0.31555360866236815 0.6423686545432178 0.29302554458755775 0.17839530216251642
1 0.3363513073620463 0.40599290562535467 0.24980857835374584 0.18430558268229372
1 0.4321452207823021 0.4576802285684157 0.10151277229377872 0.08841217315948843
1 0.3105198666684241 0.26216501211905524 0.13928492640589932 0.15238552554018972
1 0.30416477402695546 0.14868621991132008 0.08139640519425739 0.08139640519425739
1 0.39928114112647695 0.14367778441283405 0.0918618735923432 0.10823762251020624
1 0.3154448121216914 0.0755274372272689 0.06449700432854778 0.06777215411212045
1 0.4363175653681023 0.02762204501865501 0.06736486926379541 0.0411636709952145
1 0.5191563385284695 0.05740996709600647 0.10496247272663367 0.09513702337591581
1 0.6614132761912295 0.12157852640238434 0.22039041385135305 0.21711526406778048
1 0.7645720588752806 0.1333822164449668 0.14852854025900986 0.10922674285613856
1 0.8403659722955363 0.18472043808946348 0.07788852121164193 0.07133822164449669
1 0.7657235090925867 0.25844039999472757 0.07806307186092416 0.08133822164449668
1 0.8609355870152352 0.3434610562711219 0.1651370233759159 0.10618432727160884
1 0.8746386779235272 0.22699803202861776 0.06742305281355622 0.044497004328547876
1 0.9799839939426692 0.4955847558373884 0.024089719480222888 0.04374061818165842
1 0.8514470181851734 0.5050113558382671 0.15560249177400162 0.13267644328899336
1 0.7708276554141997 0.4435858588691294 0.12151277229377873 0.08876127445805272
1 0.675129452817071 0.4819276277009487 0.10536975757495877 0.11847035670924924
1 0.5373741697019226 0.732933619043853 0.09162913939330035 0.09490428917687306
1 0.43732442165064794 0.8295505376592448 0.15560249177400162 0.13267644328899336
1 0.7634880926458624 0.768556767094249 0.11847035670924924 0.10536975757495877
1 0.8637208268449054 0.7569689402537374 0.047190318614513366 0.03081456969665017
1 0.710483204334699 0.8443215887396245 0.060698202597128555 0.04104730389569303