1 0.8237184891005271 0.40115215799985554 0.10663099653369841 0.11874880385924759
1 0.05953007998652237 0.5277360832204385 0.06252174244733803 0.08981113342364912
1 0.73689852253096 0.6969241007103604 0.06252174244733813 0.08981113342364912
1 0.7711867263484128 0.14762995809017135 0.06909141901987634 0.08682718528553607
1 0.39597210648435216 0.5750047845630096 0.07300669291797987 0.10700187788314622
1 0.6073299678021495 0.5173324842469043 0.03106689103541233 0.03823890004515799
1 0.6481187134692726 0.3737441990065261 0.017539577513822072 0.030873462988050732
1 0.8345913999476825 0.37062808020702515 0.04821850817272093 0.05577902969987519
1 0.6681543836022409 0.4858546841565885 0.013915273898103729 0.020698770390440588
1 0.7599386800388398 0.09797455872238198 0.10678930658898707 0.19594911744476395
0 0.5 0.5 1 1