0 0.5 0.49833333333333335 0.9983333333333333 0.9966666666666667
1 0.5333333333333333 0.375 0.09166666666666666 0.175
1 0.43 0.4033333333333333 0.04833333333333333 0.056666666666666664
1 0.5066666666666667 0.6266666666666667 0.015 0.023333333333333334
1 0.19833333333333333 0.6133333333333333 0.07333333333333333 0.043333333333333335
1 0.18333333333333332 0.685 0.025 0.035
1 0.25333333333333335 0.8266666666666667 0.02 0.03333333333333333
1 0.9466666666666667 0.08333333333333333 0.025 0.02666666666666667
1 0.5533333333333333 0.9083333333333333 0.025 0.03666666666666667
1 0.2866666666666667 0.5633333333333334 0.013333333333333334 0.023333333333333334
1 0.4766666666666667 0.41 0.03833333333333333 0.065