0 0.4666666666666667 0.49666666666666665 0.9333333333333333 0.9933333333333333
1 0.18333333333333332 0.42333333333333334 0.035 0.06
1 0.8266666666666667 0.15333333333333332 0.056666666666666664 0.07
1 0.69 0.18 0.035 0.045
1 0.5516666666666666 0.47833333333333333 0.14666666666666667 0.21
1 0.555 0.36833333333333335 0.04666666666666667 0.043333333333333335
1 0.46166666666666667 0.20333333333333334 0.03333333333333333 0.06
1 0.66 0.5833333333333334 0.03666666666666667 0.05
1 0.10333333333333333 0.23166666666666666 0.018333333333333333 0.03333333333333333
1 0.6383333333333333 0.4866666666666667 0.03333333333333333 0.08666666666666667
1 0.06666666666666667 0.2833333333333333 0.023333333333333334 0.035
1 0.44666666666666666 0.33166666666666667 0.04833333333333333 0.06666666666666667
1 0.285 0.42 0.07 0.25666666666666665
1 0.3 0.2633333333333333 0.016666666666666666 0.03666666666666667
1 0.685 0.38666666666666666 0.15166666666666667 0.18166666666666667
1 0.6366666666666667 0.3933333333333333 0.04 0.056666666666666664
1 0.14666666666666667 0.41 0.023333333333333334 0.025
1 0.5583333333333333 0.89 0.056666666666666664 0.095
1 0.5483333333333333 0.8766666666666667 0.02 0.03
1 0.3 0.20666666666666667 0.018333333333333333 0.04
1 0.44666666666666666 0.43333333333333335 0.03666666666666667 0.06666666666666667
1 0.75 0.5833333333333334 0.03 0.05
1 0.27666666666666667 0.36666666666666664 0.03333333333333333 0.056666666666666664
1 0.7116666666666667 0.755 0.10166666666666667 0.195
1 0.7066666666666667 0.6933333333333334 0.03166666666666667 0.03666666666666667
1 0.685 0.7916666666666666 0.013333333333333334 0.023333333333333334
1 0.475 0.8916666666666667 0.06 0.14166666666666666
1 0.595 0.7033333333333334 0.10333333333333333 0.2633333333333333
1 0.38166666666666665 0.63 0.12333333333333334 0.20833333333333334
1 0.45166666666666666 0.5533333333333333 0.065 0.08166666666666667
1 0.24333333333333335 0.62 0.12333333333333334 0.1
1 0.135 0.6016666666666667 0.06 0.065
1 0.15333333333333332 0.5116666666666667 0.08666666666666667 0.06166666666666667
1 0.07 0.5716666666666667 0.055 0.04666666666666667
1 0.03666666666666667 0.45 0.065 0.056666666666666664
1 0.10166666666666667 0.38 0.06833333333333333 0.08333333333333333
1 0.19333333333333333 0.2633333333333333 0.16333333333333333 0.16833333333333333
1 0.22833333333333333 0.17 0.07166666666666667 0.12833333333333333
1 0.29333333333333333 0.11166666666666666 0.051666666666666666 0.065
1 0.345 0.19833333333333333 0.065 0.058333333333333334
1 0.445 0.13 0.06333333333333334 0.14333333333333334
1 0.3416666666666667 0.09 0.02666666666666667 0.06
1 0.6183333333333333 0.03833333333333333 0.035 0.05333333333333334
1 0.5933333333333334 0.175 0.095 0.12833333333333333
1 0.5183333333333333 0.23666666666666666 0.058333333333333334 0.1
1 0.5316666666666666 0.3333333333333333 0.09666666666666666 0.075
1 0.7316666666666667 0.52 0.07333333333333333 0.06833333333333333
1 0.7983333333333333 0.635 0.09333333333333334 0.12833333333333333
1 0.8183333333333334 0.31833333333333336 0.07833333333333334 0.09333333333333334
1 0.8316666666666667 0.22166666666666668 0.018333333333333333 0.041666666666666664
1 0.875 0.385 0.02666666666666667 0.051666666666666666