1 0.255 0.8366666666666667 0.04 0.055
1 0.6933333333333334 0.6316666666666667 0.035 0.04666666666666667
1 0.42333333333333334 0.7933333333333333 0.05 0.07
1 0.6333333333333333 0.5883333333333334 0.035 0.06666666666666667
1 0.6733333333333333 0.23666666666666666 0.035 0.045
1 0.3566666666666667 0.7833333333333333 0.03666666666666667 0.055
1 0.6566666666666666 0.10333333333333333 0.023333333333333334 0.04
1 0.3883333333333333 0.45666666666666667 0.02666666666666667 0.035
1 0.39 0.8833333333333333 0.03333333333333333 0.056666666666666664
1 0.725 0.065 0.02666666666666667 0.04
1 0.75 0.5683333333333334 0.035 0.04666666666666667
0 0.9233333333333333 0.09333333333333334 0.15166666666666667 0.185
1 0.95 0.12666666666666668 0.06166666666666667 0.09
1 0.72 0.2783333333333333 0.051666666666666666 0.04666666666666667
1 0.6516666666666666 0.165 0.03666666666666667 0.045
1 0.705 0.135 0.04666666666666667 0.055
1 0.5733333333333334 0.5466666666666666 0.045 0.085
1 0.41 0.9366666666666666 0.03333333333333333 0.06
1 0.4533333333333333 0.915 0.018333333333333333 0.04
1 0.7233333333333334 0.32666666666666666 0.028333333333333332 0.05
1 0.7133333333333334 0.7666666666666667 0.06 0.07
1 0.5583333333333333 0.7466666666666667 0.023333333333333334 0.056666666666666664
1 0.7166666666666667 0.3983333333333333 0.043333333333333335 0.05333333333333334
1 0.6666666666666666 0.4166666666666667 0.025 0.03666666666666667
1 0.056666666666666664 0.26166666666666666 0.025 0.06666666666666667
1 0.9333333333333333 0.14166666666666666 0.025 0.056666666666666664
1 0.37666666666666665 0.485 0.05333333333333334 0.095
1 0.056666666666666664 0.2816666666666667 0.021666666666666667 0.02666666666666667
1 0.7333333333333333 0.6983333333333334 0.025 0.04666666666666667
1 0.7566666666666667 0.17666666666666667 0.02666666666666667 0.06
1 0.7066666666666667 0.455 0.03166666666666667 0.055
1 0.10333333333333333 0.5766666666666667 0.03166666666666667 0.04
1 0.5416666666666666 0.755 0.02 0.045
1 0.57 0.028333333333333332 0.018333333333333333 0.056666666666666664
1 0.24666666666666667 0.94 0.028333333333333332 0.06
1 0.7083333333333334 0.14166666666666666 0.03 0.03666666666666667
1 0.365 0.9566666666666667 0.023333333333333334 0.045
1 0.7 0.7566666666666667 0.035 0.043333333333333335
0 0.39666666666666667 0.49666666666666665 0.7933333333333333 0.9933333333333333
0 0.9233333333333333 0.6066666666666667 0.15333333333333332 0.20833333333333334
1 0.9366666666666666 0.615 0.023333333333333334 0.03
1 0.9533333333333334 0.6516666666666666 0.013333333333333334 0.018333333333333333