0 0.5 0.5 1 1
1 0.3322147601703299 0.43036586160032175 0.06203642424162543 0.11981113342364912
1 0.2733746458861221 0.20748343373975445 0.04771397056235969 0.06244569636654196
1 0.7399202952342037 0.6065910122099534 0.08566067532376223 0.1377006482735866
1 0.4899616077869924 0.7866477081249162 0.040989120345932405 0.05876297783798842
1 0.722605174021683 0.663963536256431 0.010232734199042852 0.013857411126163772
1 0.4655143515097192 0.8170041803095069 0.01713213506475237 0.0275401296547174
1 0.8947166528100411 0.6030475513321581 0.01029091774880347 0.017190744459497108
1 0.7327965956679372 0.48466230664687154 0.006899400865709519 0.013682718528553626
1 0.26034066580007836 0.12853867631478566 0.006899400865709519 0.013682718528553626
1 0.7466244891742367 0.5136944103706453 0.034497004328547784 0.06841359264276813
1 0.7511214935027846 0.5805357696349221 0.04806307186092416 0.08244569636654205