0 0.5 0.5 1 1
1 0.7740361861495256 0.3144284664631034 0.18050678095087466 0.22616933594354208
1 0.2605160813890018 0.5339047255705615 0.17711526406778044 0.22271960004523636
1 0.5076688727301486 0.4020158037117499 0.1668825298687375 0.20903705901698552
1 0.0969171368023228 0.8411005140734216 0.09513702337591581 0.10659260515256316
1 0.4961645359348557 0.5839734767908478 0.10250189263971113 0.14682541028250815
1 0.21082300519513614 0.04559787305647976 0.11168732294306105 0.09119574611295952
1 0.22177081298827978 0.18447618845762379 0.3964583740234405 0.36895237691524757
1 0.2818252112586181 0.45820631018072644 0.03403153593046208 0.04116402564972494
1 0.5549173748944225 0.3670528344688017 0.058179438960445584 0.08864551027119906
1 0.2279804467553466 0.2985184871185922 0.06438063722902636 0.06221164873447738
1 0.4946348926441049 0.48075654602248696 0.2130086735905858 0.37055029236162795