1 0.36666666666666664 0.78 0.16166666666666665 0.22
1 0.31333333333333335 0.5916666666666667 0.105 0.16666666666666666
1 0.35333333333333333 0.7 0.19 0.39
0 0.39166666666666666 0.49666666666666665 0.6433333333333333 0.9933333333333333
1 0.5816666666666667 0.085 0.105 0.14166666666666666
1 0.49333333333333335 0.305 0.16 0.18833333333333332
1 0.6266666666666667 0.31333333333333335 0.115 0.225
1 0.64 0.5933333333333334 0.14 0.295
1 0.6066666666666667 0.7966666666666666 0.14333333333333334 0.19333333333333333
1 0.135 0.34 0.105 0.24666666666666667
1 0.20166666666666666 0.12833333333333333 0.13166666666666665 0.22333333333333333
1 0.10333333333333333 0.6683333333333333 0.035 0.18666666666666668
1 0.24166666666666667 0.9566666666666667 0.08166666666666667 0.085
1 0.36666666666666664 0.9566666666666667 0.115 0.085
1 0.535 0.9583333333333334 0.09333333333333334 0.08166666666666667
1 0.9416666666666667 0.68 0.04 0.06666666666666667
1 0.9533333333333334 0.755 0.03333333333333333 0.043333333333333335
1 0.7683333333333333 0.8933333333333333 0.02666666666666667 0.045
1 0.765 0.7483333333333333 0.03 0.05