1 0.7030038883086602 0.37991014890411334 0.12041361020470541 0.24729102054239804
1 0.22975973030774735 0.647005324423784 0.14287403269088333 0.21810583849720558
1 0.470216825407129 0.2383122334577331 0.014012263992232193 0.02379894359322331
1 0.4035451485880742 0.06414291164415782 0.04624303615718494 0.10151323334464239
1 0.7416382122291548 0.7149313194295479 0.013721293709846805 0.013798943593223308
1 0.3539966344688163 0.5629206847119467 0.02783054779620727 0.04093122051977995
1 0.22082161119077146 0.4381481795480745 0.08484950470641933 0.1694603282260065
1 0.35011983531300056 0.2374550744520567 0.20921405894219675 0.3236508205650162
1 0.3794280797400059 0.3769524334351149 0.014012263992232004 0.02379894359322331
1 0.23970622510829506 0.4771799282712428 0.02783054779620727 0.04093122051977995
0 0.5 0.5 1 1
1 0.19764157776033864 0.14537568851416915 0.10138351114598938 0.2799259384858965