1 0.3338232432872359 0.4195050292245818 0.04379880173141913 0.02792753789033573
1 0.6213167004284611 0.6660825205588281 0.0336824346318978 0.020969900941283866
1 0.6308596675288612 0.5447553192216107 0.07806307186092416 0.08223077216495293
1 0.762197889173358 0.6252045995592844 0.030465468398085706 0.02753957751382207
1 0.507327341990429 0.14802733259378387 0.03374061818165842 0.0243032342746172
1 0.8549118597357176 0.687871827147815 0.043798801731419035 0.027927537890335544
1 0.10115902077615088 0.4510490559689282 0.027015767965231016 0.020775920753026943
1 0.7025432051924999 0.35693759633949945 0.040640019047367935 0.03783054779620727
1 0.16136266320031345 0.4644615443299058 0.026957584415470328 0.0174425874196938
1 0.5656024917740016 0.1463913259076973 0.06759760346283826 0.05527313521590107
1 0.5970861722929001 0.23226423675485278 0.1750206562763943 0.10171015156134273
1 0.7501783359287045 0.31834395270436106 0.05379880173141904 0.028218508172720837
1 0.7708061341981641 0.1640228833632597 0.10133822164449668 0.07957636949051827
1 0.853432829435883 0.2213991406694052 0.0673648692637956 0.04193980188256773
1 0.8609431575740799 0.2699264541909953 0.03379880173141904 0.027636567607950534
1 0.8392473991325329 0.26762935191249415 0.07385698528118004 0.03213378207082447
1 0.5090391064893068 0.6278333524055271 0.020232734199042854 0.013915273898103729
1 0.10549834545238855 0.3179097028238516 0.027015767965230992 0.020775920753027134
1 0.6275432051925 0.35475531922161074 0.033682434631897615 0.020969900941283866
1 0.9178379082207259 0.6663813056029212 0.047190318614513366 0.03135786131779734
1 0.11845727099169953 0.5831521780591725 0.033682434631897656 0.020969900941283866
1 0.6783324683936921 0.6877313521590106 0.03385698528117984 0.03096990094128387
1 0.8226098242407467 0.2688110681085189 0.04368243463189761 0.021260871223669067
1 0.9046875610351608 0.5810418402734717 0.043798801731419035 0.02792753789033573
0 0.5001745506492822 0.4362151807859247 0.9996508987014358 0.8324303615718494
1 0.4358099194775865 0.44079656042883103 0.1145551878783086 0.07329766320036507
1 0.5390268857113985 0.4371365866801443 0.10116367099521445 0.06957636949051826
1 0.41475796536282983 0.7616873063424705 0.08116367099521445 0.06899442892574788
1 0.547596738523197 0.7372335767742727 0.05069820259712856 0.0414548514119258
1 0.854525231163787 0.7611566654340842 0.053915168830940656 0.0348851748393876
1 0.23977105108037947 0.28017113496938456 0.13513702337591582 0.10721293709846881
1 0.3652656112533456 0.3121415968325324 0.16583522597304448 0.1480858479456242
1 0.2840306709908208 0.7162380260047968 0.08519520692567653 0.10909141901987633
1 0.9162340753228836 0.28819345741078034 0.05081456969665017 0.04812151807859247
1 0.3249202952342037 0.5774988972284658 0.033682434631897705 0.020969900941283866
1 0.6969191922024627 0.7982163026296526 0.12104730389569303 0.063491643388622
1 0.8810801809499957 0.37379323304203477 0.08748123636331684 0.049188409114004704