0 0.49833333333333335 0.49666666666666665 0.9966666666666667 0.9933333333333333
1 0.31 0.4116666666666667 0.11833333333333333 0.13666666666666666
1 0.365 0.6233333333333333 0.12666666666666668 0.13666666666666666
1 0.15 0.44666666666666666 0.05333333333333334 0.08
1 0.63 0.36 0.085 0.115
1 0.74 0.6533333333333333 0.055 0.15333333333333332
1 0.6466666666666666 0.55 0.09166666666666666 0.12
1 0.11666666666666667 0.7333333333333333 0.04833333333333333 0.056666666666666664
1 0.28 0.39666666666666667 0.023333333333333334 0.02666666666666667
1 0.3333333333333333 0.6416666666666667 0.06 0.09666666666666666
1 0.6066666666666667 0.16666666666666666 0.10833333333333334 0.09333333333333334
1 0.8133333333333334 0.855 0.06166666666666667 0.12
1 0.3933333333333333 0.61 0.06833333333333333 0.11
1 0.5766666666666667 0.6433333333333333 0.13 0.19333333333333333