1 0.17603342644551237 0.4755777009124443 0.17035229024354537 0.13054587639259277
1 0.12309306364108068 0.6350360050662961 0.16320067310623676 0.11372404133688899
1 0.7669955126250885 0.7149846713297031 0.25044928033767366 0.13574123039437042
1 0.20520400049303297 0.33166248612022203 0.09498216493351591 0.05883902411318521
1 0.5558701062378356 0.4151052281679254 0.1529097028238516 0.1034912887533335
1 0.7145557298147143 0.28483089645614756 0.24730992719259726 0.1423303128665187
1 0.7513678816225736 0.2789774703164438 0.17271572263559468 0.0972901272537779
1 0.651222396481381 0.28630499615199945 0.11909141901987634 0.08604878014148161
1 0.9158701062378357 0.4067261351599252 0.1469219668160834 0.12666945369762972
1 0.868172218668725 0.5577347296886659 0.1527157226355947 0.09682462208666683
0 0.5 0.5 1 1