0 0.5 0.49666666666666665 1 0.9933333333333333
1 0.4475039073808539 0.125268884279778 0.06792753789033573 0.04604979183762737
1 0.11131998564176092 0.7864006924818104 0.08193980188256773 0.06992641687181958
1 0.1505312399746378 0.6429683277873526 0.0511638811295406 0.04203734387822048
1 0.4789487384880035 0.5177872800618231 0.24180714165547101 0.18631009435691057
1 0.3619911015389517 0.5125410824443376 0.05155184150605417 0.05537067721155381
1 0.19531160995818905 0.40419640577985805 0.06783054779620731 0.042716458504294036
1 0.5792525336844847 0.6388484152305968 0.058024527984464 0.048975656395316494
1 0.2528305477962073 0.029745369146290012 0.03734559732556533 0.024827385510695046
1 0.47994929940986747 0.609521858191097 0.09792753789033554 0.04727219816455962
1 0.31029097028238517 0.00409170275316047 0.040581940564770304 0.00818340550632094
1 0.3318812865307274 0.39529433251272195 0.081745821694311 0.06325975020515291
1 0.437274257059629 0.23247884264730345 0.2795763694905183 0.11127330279282024
1 0.27222576201256476 0.23753541077876453 0.044012263992232 0.025099031361124464
1 0.3710161904452798 0.650670681389849 0.21523746508293282 0.18855684428852632
1 0.3812765007470848 0.6018619678182642 0.06469119465113067 0.04924730224574603
1 0.4397218546317109 0.08720719679687405 0.030872910847155405 0.03122240632693232
1 0.9137854182803269 0.5517969664505785 0.10870345864336287 0.0743463336068705
1 0.8984459529508775 0.540741502947378 0.037345597325565145 0.02482738551069512
1 0.212031781824308 0.23331355676596252 0.04401226399223205 0.025099031361124464
1 0.4406025802405742 0.4042134207765775 0.078024527984464 0.049790593946604816
1 0.5720167513671438 0.7342558840062409 0.05783054779620746 0.042308989728649826
1 0.3818378016360512 0.21971992091334602 0.06449721446287393 0.04258063557907936
1 0.7581014774690401 0.7066498001942176 0.2203522902435454 0.13549515680562232
1 0.6943801837591932 0.6958971024399635 0.04440022436874566 0.0384323646944578
1 0.7990407184297438 0.6799520136290338 0.023818283803975267 0.017617427143169568
1 0.919548514119258 0.46312407580420845 0.15909141901987633 0.0897170108184243
1 0.7127006921784305 0.5800142534260679 0.2939765938592637 0.14848326116034571
1 0.6509113855894435 0.34892199835877724 0.2377948776632392 0.16284093809836256
1 0.5661360257582804 0.4174533944143595 0.09556410549828627 0.08046970857267828
1 0.653261993067397 0.20031701917501452 0.1240735839533922 0.14488962530772928
1 0.6415825014866343 0.08565657648805126 0.07537012531002953 0.07298810435472343
1 0.5452068051023528 0.09959544131927761 0.07957636949051827 0.10312392727993815
1 0.6145457095099381 0.024748204979076583 0.05850947845510594 0.049496409958153166
1 0.4854364554235777 0.005764041085400275 0.06420624418048874 0.01152808217080055
1 0.4115518415060542 0.04009765057579875 0.095758085686543 0.0801953011515975
1 0.2789765938592638 0.12546127533645376 0.20219510203198468 0.19801355258766742
1 0.17803735289856007 0.15460387455550217 0.14252174244733803 0.09237122952568418
1 0.11154683135366608 0.2207215778557369 0.07507915502764428 0.06298810435472348
1 0.19838964314210542 0.2805914265960954 0.06880044873749114 0.07604979183762736
1 0.11958418425222615 0.38225242159718886 0.16242475235320966 0.08985283374363898
1 0.086286521051861 0.27014149459078785 0.06763656760795053 0.03604979183762737
1 0.02619734571944053 0.5562591978910225 0.021163881129540638 0.040814937551288226
1 0.15595487048411957 0.5426287704743159 0.14663099653369846 0.11917371911756543
1 0.2271544217466284 0.46630733278625913 0.11537012531002944 0.07461797945729984
1 0.32616668573886043 0.4856338898257587 0.09310368301210833 0.1103338856474636
1 0.5062893256611809 0.7119044310479276 0.08242475235320967 0.08659308353848626
1 0.6236655829673263 0.788885206794687 0.1466309965336984 0.11917371911756543
1 0.28661095592414604 0.7892699889080386 0.10938238930226153 0.09767966694020383
1 0.1850412793516078 0.7967459214604202 0.04734559732556538 0.025234854286339137
1 0.35350226275964963 0.8516214418663518 0.0577335577020789 0.03897565639531649