1 0.28 0.665 0.06833333333333333 0.145
1 0.6266666666666667 0.5433333333333333 0.095 0.15
1 0.7533333333333333 0.8466666666666667 0.025 0.06333333333333334
1 0.75 0.59 0.03166666666666667 0.07
1 0.7633333333333333 0.7533333333333333 0.041666666666666664 0.06666666666666667
1 0.94 0.31666666666666665 0.115 0.10333333333333333
1 0.7266666666666667 0.96 0.028333333333333332 0.06
1 0.715 0.8933333333333333 0.023333333333333334 0.04
1 0.7466666666666667 0.6016666666666667 0.02 0.04666666666666667
0 0.5766666666666667 0.49833333333333335 0.8416666666666667 0.9966666666666667
1 0.6633333333333333 0.6633333333333333 0.056666666666666664 0.09166666666666666