0 0.47333333333333333 0.495 0.715 0.99
1 0.6666666666666666 0.4716666666666667 0.016666666666666666 0.02666666666666667
1 0.64 0.6633333333333333 0.018333333333333333 0.02666666666666667
1 0.275 0.575 0.02 0.03
1 0.6466666666666666 0.7633333333333333 0.02666666666666667 0.02666666666666667
1 0.5833333333333334 0.10166666666666667 0.018333333333333333 0.02666666666666667
1 0.39166666666666666 0.4216666666666667 0.016666666666666666 0.023333333333333334
1 0.41 0.8166666666666667 0.03 0.07666666666666666
1 0.515 0.7233333333333334 0.11833333333333333 0.36
1 0.5633333333333334 0.65 0.015 0.025
1 0.3433333333333333 0.7316666666666667 0.018333333333333333 0.043333333333333335
1 0.565 0.4816666666666667 0.18 0.285
1 0.6333333333333333 0.22666666666666666 0.025 0.03666666666666667
1 0.42 0.5166666666666667 0.041666666666666664 0.085
1 0.5466666666666666 0.5883333333333334 0.013333333333333334 0.02666666666666667
1 0.7083333333333334 0.8416666666666667 0.05333333333333334 0.05
1 0.7233333333333334 0.8166666666666667 0.023333333333333334 0.043333333333333335
1 0.6733333333333333 0.695 0.013333333333333334 0.02
1 0.31333333333333335 0.5 0.041666666666666664 0.1
1 0.3566666666666667 0.36833333333333335 0.013333333333333334 0.016666666666666666
1 0.6466666666666666 0.66 0.03166666666666667 0.04
1 0.5216666666666666 0.6916666666666667 0.013333333333333334 0.016666666666666666
1 0.2866666666666667 0.6783333333333333 0.025 0.03666666666666667
1 0.39 0.65 0.016666666666666666 0.03
1 0.21666666666666667 0.16666666666666666 0.021666666666666667 0.025
1 0.7866666666666666 0.5533333333333333 0.021666666666666667 0.04666666666666667
1 0.7866666666666666 0.5066666666666667 0.011666666666666667 0.025
1 0.6016666666666667 0.885 0.125 0.13333333333333333
1 0.5783333333333334 0.805 0.013333333333333334 0.02
1 0.6283333333333333 0.23 0.016666666666666666 0.02
1 0.8033333333333333 0.5 0.011666666666666667 0.025
1 0.6666666666666666 0.47333333333333333 0.028333333333333332 0.03666666666666667
1 0.7183333333333334 0.13833333333333334 0.051666666666666666 0.07833333333333334
1 0.6316666666666667 0.325 0.03 0.06833333333333333
1 0.7516666666666667 0.365 0.018333333333333333 0.041666666666666664
1 0.28 0.8666666666666667 0.045 0.04666666666666667
1 0.215 0.6983333333333334 0.10833333333333334 0.18166666666666667
1 0.17833333333333334 0.5866666666666667 0.06166666666666667 0.08666666666666667
1 0.24666666666666667 0.49 0.045 0.065
1 0.25333333333333335 0.21 0.023333333333333334 0.043333333333333335
1 0.21 0.29333333333333333 0.028333333333333332 0.03833333333333333
1 0.24166666666666667 0.2816666666666667 0.02 0.023333333333333334
1 0.40166666666666667 0.19333333333333333 0.065 0.06666666666666667
1 0.4066666666666667 0.075 0.018333333333333333 0.06
1 0.77 0.85 0.02666666666666667 0.023333333333333334
1 0.7016666666666667 0.9433333333333334 0.04 0.03166666666666667
1 0.6716666666666666 0.15166666666666667 0.028333333333333332 0.045
1 0.7683333333333333 0.28 0.02666666666666667 0.04
1 0.7166666666666667 0.25833333333333336 0.08 0.13
1 0.7016666666666667 0.35 0.075 0.09