1 0.6133333333333333 0.585 0.07833333333333334 0.15666666666666668
1 0.62 0.48333333333333334 0.025 0.045
1 0.76 0.465 0.04833333333333333 0.07
1 0.5 0.24833333333333332 0.18166666666666667 0.31666666666666665
1 0.6583333333333333 0.4216666666666667 0.03333333333333333 0.06333333333333334
1 0.7716666666666666 0.39666666666666667 0.043333333333333335 0.04666666666666667
1 0.33 0.3933333333333333 0.11166666666666666 0.15666666666666668
1 0.8633333333333333 0.3016666666666667 0.07833333333333334 0.06666666666666667
1 0.28 0.13666666666666666 0.041666666666666664 0.06
1 0.8466666666666667 0.44166666666666665 0.075 0.05333333333333334
1 0.46 0.5333333333333333 0.3983333333333333 0.915
1 0.4033333333333333 0.9316666666666666 0.06333333333333334 0.12166666666666667
1 0.4666666666666667 0.8716666666666667 0.06333333333333334 0.20333333333333334
1 0.53 0.89 0.08 0.155
1 0.515 0.7166666666666667 0.04833333333333333 0.08833333333333333
1 0.5666666666666667 0.7233333333333334 0.02666666666666667 0.056666666666666664
1 0.9466666666666667 0.40166666666666667 0.03833333333333333 0.04666666666666667
0 0.5483333333333333 0.49666666666666665 0.89 0.9933333333333333
1 0.935 0.5916666666666667 0.09666666666666666 0.13666666666666666
1 0.7466666666666667 0.7416666666666667 0.03333333333333333 0.04833333333333333
1 0.7733333333333333 0.8083333333333333 0.035 0.051666666666666666
1 0.8083333333333333 0.7283333333333334 0.03666666666666667 0.06166666666666667
1 0.6883333333333334 0.63 0.04666666666666667 0.09166666666666666
1 0.73 0.19333333333333333 0.13333333333333333 0.10666666666666667
1 0.43833333333333335 0.6216666666666667 0.23166666666666666 0.4066666666666667
1 0.645 0.7716666666666666 0.051666666666666666 0.085
1 0.6316666666666667 0.25 0.035 0.08
1 0.32166666666666666 0.86 0.07 0.1