0 0.49333333333333335 0.5 0.8316666666666667 1
1 0.57 0.435 0.05333333333333334 0.025
1 0.63 0.19 0.04666666666666667 0.08166666666666667
1 0.6633333333333333 0.12166666666666667 0.03166666666666667 0.05333333333333334
1 0.38666666666666666 0.875 0.035 0.04
1 0.24666666666666667 0.6133333333333333 0.02666666666666667 0.09666666666666666
1 0.2783333333333333 0.6366666666666667 0.008333333333333333 0.03833333333333333
1 0.285 0.5816666666666667 0.015 0.04666666666666667
1 0.285 0.5766666666666667 0.01 0.015
1 0.31333333333333335 0.23833333333333334 0.043333333333333335 0.056666666666666664
1 0.26166666666666666 0.13 0.016666666666666666 0.02
1 0.23833333333333334 0.195 0.023333333333333334 0.035
1 0.8133333333333334 0.745 0.06166666666666667 0.06
1 0.3016666666666667 0.6283333333333333 0.015 0.03
1 0.7533333333333333 0.4716666666666667 0.14166666666666666 0.17666666666666667
1 0.8466666666666667 0.5566666666666666 0.09833333333333333 0.16833333333333333
1 0.8816666666666667 0.5316666666666666 0.023333333333333334 0.02666666666666667
0 0.07666666666666666 0.15166666666666667 0.15333333333333332 0.30333333333333334
1 0.8866666666666667 0.18166666666666667 0.018333333333333333 0.043333333333333335