1 0.61 0.09 0.058333333333333334 0.095
1 0.17666666666666667 0.5166666666666667 0.058333333333333334 0.075
1 0.5933333333333334 0.615 0.04 0.065
1 0.6466666666666666 0.19833333333333333 0.06666666666666667 0.09333333333333334
1 0.62 0.8933333333333333 0.15166666666666667 0.135
1 0.8033333333333333 0.17166666666666666 0.015 0.023333333333333334
1 0.2 0.6766666666666666 0.03166666666666667 0.045
1 0.5083333333333333 0.6266666666666667 0.01 0.04666666666666667
1 0.345 0.3883333333333333 0.01 0.023333333333333334
1 0.7833333333333333 0.17 0.011666666666666667 0.02
1 0.66 0.20666666666666667 0.04 0.06333333333333334
1 0.33166666666666667 0.7633333333333333 0.013333333333333334 0.03
1 0.7683333333333333 0.18833333333333332 0.013333333333333334 0.016666666666666666
1 0.6316666666666667 0.17833333333333334 0.03666666666666667 0.04666666666666667
0 0.44333333333333336 0.49833333333333335 0.8866666666666667 0.9966666666666667