1 0.3850635115763034 0.13394312926936394 0.03128042821469743 0.03753957751382217
1 0.7191534615819579 0.14591078652319198 0.04139683077966993 0.04116388112954061
1 0.31693657320349766 0.4762708915284452 0.04174603847458741 0.051163881129540796
1 0.21565083469498306 0.2990351092111042 0.028179900011309086 0.04410925408636047
1 0.7409206705819799 0.24371067433881918 0.05922752309606153 0.07498216493351587
1 0.2597566449322549 0.22434391455997352 0.02449735898305827 0.034012263992232006
1 0.30735991306235294 0.9186649839010748 0.052328051299449875 0.06812151807859247
1 0.7485555885254782 0.22346819910349822 0.024613761548030764 0.03734559732556533
1 0.4476508488249499 0.3973912877633098 0.05004234105086899 0.0980245279844641
1 0.8787566731921885 0.41654623228741455 0.0796931333559515 0.0888974388316196
1 0.836158786005742 0.39109194179735274 0.044846566677975756 0.0445942045570024
1 0.3340635398362371 0.3456404559166107 0.031629635909614914 0.047539577513822165
1 0.8600106205876344 0.26193419266392814 0.031746038474587596 0.0508729108471555
1 0.45385714487570955 0.009326079493489396 0.1277142897514191 0.018652158986978792
1 0.4639365166836303 0.05156687196321848 0.03876191283617156 0.06106689103541225
1 0.6115027540566764 0.7896934001941991 0.05244445386442237 0.0714548514119258
1 0.8286931616158852 0.2728555985581478 0.024613761548030764 0.03734559732556533
1 0.6786350309832331 0.8010869316449647 0.04174603847458741 0.0511638811295406
0 0.5266666666666666 0.4992240792469729 0.9466666666666667 0.9984481584939457
1 0.7564286218927387 0.3533712090093698 0.05624339745764568 0.0848851748393876
1 0.5894074372373375 0.20474189524126324 0.05946032822600652 0.08164883160018259
1 0.3051059232770066 0.7585679938069464 0.09279366155933985 0.0826187325414664
1 0.2601958450227274 0.5713500465560896 0.0958941897627282 0.0760490559689282
1 0.14842332572888842 0.3326900728074028 0.056126994892673136 0.08155184150605417
1 0.6415503347515283 0.5035295190646584 0.06612699489267318 0.08184281178843927
1 0.5690741604238715 0.6257602912296113 0.0860105923277007 0.07909141901987633
1 0.49969320400578565 0.5977485881592433 0.06798943593223308 0.13517614512177262
1 0.7975185860283601 0.47897098464062426 0.05209524616950489 0.061454851411925804
1 0.8220689066499216 0.8953466810249057 0.09015874361584149 0.10252174244733814
1 0.5384815976612088 0.8485423439787544 0.05946032822600652 0.08164883160018273
1 0.4166032963900317 0.8937976441281713 0.10787303336726059 0.13300669291798006