0 0.5 0.49833333333333335 0.995 0.9966666666666667
1 0.8733333333333333 0.5733333333333334 0.07666666666666666 0.11666666666666667
1 0.435 0.43333333333333335 0.056666666666666664 0.095
1 0.26 0.38666666666666666 0.05 0.07666666666666666
1 0.5333333333333333 0.6733333333333333 0.04666666666666667 0.09
1 0.03 0.5783333333333334 0.058333333333333334 0.06666666666666667
1 0.9566666666666667 0.29333333333333333 0.06833333333333333 0.105
1 0.2816666666666667 0.27666666666666667 0.05 0.04
1 0.25666666666666665 0.15666666666666668 0.028333333333333332 0.043333333333333335
1 0.45666666666666667 0.056666666666666664 0.041666666666666664 0.06333333333333334
1 0.10333333333333333 0.12666666666666668 0.03333333333333333 0.04
1 0.8616666666666667 0.7366666666666667 0.016666666666666666 0.025
1 0.94 0.31333333333333335 0.03833333333333333 0.065
1 0.8116666666666666 0.8416666666666667 0.02 0.03666666666666667
1 0.9 0.5633333333333334 0.021666666666666667 0.04
1 0.8633333333333333 0.7816666666666666 0.013333333333333334 0.02666666666666667