1 0.6995872220849636 0.6784503640370141 0.0512413471122962 0.054788184745259136
1 0.6600457596746669 0.34103843659790045 0.044031591083999996 0.031260871223669065
1 0.6468703817613338 0.4915233870685424 0.03387642269496306 0.0243032342746172
1 0.40264901073748205 0.6754158157477739 0.07124134711229639 0.05537012531002953
1 0.4336520312042967 0.43101559137902823 0.04077584194518522 0.03449721446287394
1 0.5608963987834076 0.237184482660957 0.034109175278518554 0.0343032342746172
1 0.31981718763755607 0.5560769113401884 0.057830429584444495 0.051648831600182535
1 0.8215946565340743 0.2596192553189429 0.04077584194518522 0.03449721446287394
1 0.6345054573440003 0.4618628523979917 0.0337988385004445 0.020969900941283866
1 0.6269839710221485 0.35367500420585096 0.03046550516711098 0.020872910847155406
1 0.4195386753793335 0.18292473328101588 0.03744250861185189 0.03440022436874557
1 0.3271751444774817 0.22730712258327737 0.03713217183377784 0.021066891035412236
1 0.8405140518727412 0.49923129494242935 0.13550569077985186 0.0972129370984688
1 0.8434206721362227 0.48080097151496753 0.027054587639259275 0.01744258741969361
1 0.667292914284741 0.2941292946959128 0.03046550516711098 0.020872910847155406
1 0.2965960500495559 0.3466103568578946 0.0337988385004445 0.020969900941283866
1 0.4596550516711113 0.18676085215147525 0.047520092806370255 0.038024527984464054
1 0.6212857132714819 0.32382048934704355 0.0372097560282964 0.02440022436874557
1 0.603462251264445 0.6328812483863399 0.10201718905748142 0.08957636949051827
1 0.674585828569482 0.6074626280292461 0.06131893130681495 0.05841248836097767
1 0.3262511017206671 0.5458829311519318 0.03728734022281486 0.027733557702078998
1 0.37023693313000017 0.2143795846929417 0.03728734022281486 0.0277335577020789
1 0.551138905975334 0.7494815849394582 0.047520092806370255 0.038024527984464006
0 0.5 0.49833333333333335 1 0.9966666666666667
1 0.5072610897648895 0.6556939611160629 0.135660859168889 0.10387960376513547
1 0.4004794403219265 0.7255128058419021 0.21023553961451863 0.15934671916929347
1 0.4014506362688896 0.8388946342222997 0.14914936089125927 0.1109342308083156
1 0.2642796723378526 0.821204561414897 0.1294596976693335 0.12368562357687873
1 0.13571079939000058 0.6715083566113781 0.2144998832820742 0.19944370926342173