1 0.14910644947704063 0.4391964126818861 0.14634002625131332 0.11000919062517729
1 0.48419842941878094 0.2795664097026432 0.08850947845510594 0.06736989820747151
1 0.3658316314955477 0.7914202490193757 0.23475251461229096 0.17404575549931564
1 0.3484146939040459 0.5870001482199283 0.1160490559689282 0.0986119181687449
1 0.22442306958761776 0.20237908883264888 0.0914548514119258 0.054191817369297346
1 0.25128091183322143 0.6559087854412254 0.10899442892574797 0.08496807984509322
1 0.5242441198565253 0.7387171162918563 0.17025530014941695 0.13109595809129132
1 0.9508216111907715 0.47486797110099793 0.07449721446287412 0.04341555489350147
1 0.4399408855819081 0.7681691372462107 0.085758085686543 0.08721464571231233
0 0.5 0.5 1 1
1 0.5681543836022409 0.5488358533195201 0.17769788756911073 0.15807312974827653
1 0.9139966344688162 0.5933154461494063 0.14329766320036508 0.11985393813001811