1 0.5769211164863011 0.30166199601105814 0.023798775472096734 0.040271507914278665
1 0.6268047559516102 0.29108019333760393 0.016899387736048464 0.020193934224484737
1 0.7609343872692331 0.501214779630841 0.03728725618501774 0.05375998862719977
1 0.6881440697644572 0.5487347568852406 0.05430300445575711 0.0839539228516846
1 0.7434931513685297 0.578094773944441 0.030465442138763402 0.0403490816040725
1 0.4499829419053558 0.27980256278380883 0.033992709696581566 0.057054535115636136
1 0.618762323955004 0.3161771604498463 0.016899387736048464 0.020193934224484737
1 0.3937235371101071 0.31546193914705695 0.03403149654147834 0.06038786844896947
1 0.293315107574787 0.13827281773818365 0.016899387736048366 0.020193934224484737
1 0.8812264562698624 0.6681711799703328 0.0305818026734543 0.050349081604072504
1 0.7680847218332096 0.399451145851932 0.030465442138763402 0.0403490816040725
1 0.44010280543175306 0.7199771035858451 0.030465442138763402 0.0403490816040725
1 0.47748702872901333 0.7812171149586453 0.016976961425842395 0.026860600891151307
1 0.5213439844684554 0.825712885974985 0.03410907023127228 0.06705453511563614
1 0.27631875272649625 0.11013341862933505 0.013488480712921197 0.013488480712921103
1 0.5585707250583236 0.5869141105028883 0.02375998862719977 0.03693817458094524
1 0.3354654421387634 0.03610192208785664 0.023721201782302803 0.033604841247611976
1 0.4139550905155866 0.1918764913218935 0.033837562316993704 0.04372120178230281
1 0.32556591224271214 0.4746097962232263 0.050620589518351175 0.053915136006787635
1 0.540391371440676 0.45710804472737304 0.03038786844896947 0.03368241493740584
1 0.4836471310842153 0.45110075442395453 0.03414785707616924 0.07038786844896947
1 0.536089534648821 0.5171662249947184 0.023798775472096734 0.040271507914278575
1 0.35279382049648245 0.37928010804160217 0.040736950053041975 0.06379877547209674
1 0.6293053397835613 0.3627274665818221 0.023643628092508872 0.026938174580945332
1 0.2613063652874606 0.9687576532993956 0.030232721069381702 0.020349081604072505
1 0.3157392853808463 0.3463734300021353 0.0370933219605331 0.0370933219605331
1 0.5627767624018382 0.6618753236579913 0.023643628092509063 0.02693817458094524
1 0.28471493698278355 0.68844735854022 0.2539950450243857 0.34624234670060444
1 0.21863124065347325 0.8825758221939407 0.05077573689793894 0.06724846934012096
1 0.7303525845957789 0.4515638612349136 0.030465442138763402 0.0403490816040725
1 0.29137926832164596 0.40166433133886237 0.03717089565032704 0.04375998862719977
1 0.7858591489072435 0.7809626651390109 0.020465442138763404 0.0402327210693818
1 0.42574278837255275 0.7751516443878813 0.04410907023127227 0.06717089565032704
1 0.25351020946317393 0.2987576532993955 0.04050422898366037 0.043798775472096735
1 0.23139632641629015 0.11732370770211054 0.023721201782302803 0.033604841247611955
1 0.46934529429236044 0.5112752952259908 0.03069816320814501 0.060349081604072506
1 0.7687429305325556 0.3127650857628169 0.023721201782302994 0.033604841247612004
0 0.5183333333333333 0.4997866723530668 0.9633333333333334 0.9995733447061336
1 0.15018037912154697 0.7300182257585464 0.08131875272649627 0.11426421761086014
1 0.19384106530870007 0.4711418765966557 0.11000233532780428 0.287907845703369
1 0.579050889963927 0.054937149077046034 0.04399270969658157 0.057170895650327014
1 0.8547684465945206 0.11340390103971441 0.030736950053042163 0.06368241493740588
1 0.8823295460216213 0.47646572645876917 0.04771391147888418 0.09054301582855714
1 0.9888387299808958 0.39185242724383645 0.02232254003820837 0.06031029475917563
1 0.8530847218332096 0.39846208130705985 0.07147390010608413 0.12748119040950256
1 0.9317865301930639 0.42921725711864817 0.08100845796732074 0.08759755094419347
1 0.9435683897305194 0.2957287764057271 0.06744240356460561 0.06744240356460561
1 0.8626568988754412 0.2183263273499205 0.06414785707616905 0.07073695005304206
1 0.8783162752386892 0.27481845321455095 0.030426655293866435 0.03701574827073917
1 0.5769587356672959 0.16164260258860966 0.03740361671970864 0.06375998862719977
1 0.4871755663059355 0.611081361001506 0.040620589518351076 0.05379877547209674
1 0.12564698892421247 0.9136618538510554 0.02375998862719977 0.03693817458094524
1 0.42279148516867815 0.09176013078720265 0.027248469340120873 0.05031029475917559
1 0.469671479482278 0.10955044829197869 0.030543015828557146 0.04701574827073917
1 0.521222953278156 0.24230197895185776 0.03414785707616943 0.07038786844896947
1 0.6722713657542757 0.47390929768727685 0.023992709696581568 0.05693817458094524