1 0.2709048810001967 0.8894246961120361 0.10803177698310198 0.2211506077759278
1 0.48491545919793055 0.8778586322558923 0.1717883795254564 0.15442929142462467
1 0.6916032257401974 0.41159388276488956 0.07027514618081379 0.10643838323651664
1 0.1432752027006813 0.5291553019018019 0.07074075644070386 0.11977171656984997
1 0.06362972068941597 0.6785296966085765 0.05647620258759062 0.09248403992254661
1 0.6691800130510438 0.9130641861563129 0.0636084795141473 0.10612787824619849
1 0.5791429116441578 0.4313152979294781 0.3211746462373592 0.33443848204980214
1 0.0743122051977994 0.2696940903222703 0.08027514618081392 0.10690414072199407
1 0.8465821258645972 0.8947035279806616 0.09740742310737042 0.12101373653112318
1 0.6480212270453019 0.4977536811659947 0.08027514618081398 0.10690414072199397
1 0.12020646561036177 0.8652328787427388 0.1694286077627719 0.26953424251452246
1 0.9740741250989544 0.8513017590249259 0.051851749802091264 0.10008222156016813
1 0.19314293990409154 0.6229955035006969 0.05267725899436731 0.0789954540940541
1 0.06011647321480672 0.5302739895228228 0.08833864362715049 0.14721464571231233
1 0.1364973731130251 0.14446580689212024 0.08407408977403724 0.12039272655048658
1 0.21097887186446607 0.276059442623796 0.059343925661033976 0.07930595908437245
1 0.14574606673452106 0.26636535230152564 0.0909735615706489 0.1273698982074716
1 0.03288896424871206 0.5606210099806367 0.03132276926556636 0.13457535329460674
1 0.058672061740284914 0.7748082320373454 0.0429100641243123 0.08519636327524324
1 0.16356620911311254 0.5316666666666666 0.3227091207572704 0.9366666666666666
1 0.018365124446402155 0.33531050499031834 0.019269864146930445 0.1706210099806367
1 0.5297408553504718 0.874954540940541 0.07798943593223309 0.1367488882268348
1 0.47763498859333253 0.5264248443319645 0.08407408977403709 0.12039272655048648
0 0.5 0.5 1 1