1 0.20666666666666667 0.56 0.08833333333333333 0.125
1 0.43666666666666665 0.7183333333333334 0.06833333333333333 0.08666666666666667
1 0.6366666666666667 0.3383333333333333 0.03833333333333333 0.08333333333333333
1 0.43333333333333335 0.6166666666666667 0.06166666666666667 0.09333333333333334
1 0.10666666666666667 0.4083333333333333 0.06833333333333333 0.09666666666666666
1 0.5916666666666667 0.15 0.03666666666666667 0.11
1 0.405 0.3466666666666667 0.03666666666666667 0.08666666666666667
1 0.7833333333333333 0.8433333333333334 0.07 0.08333333333333333
1 0.16666666666666666 0.32666666666666666 0.065 0.09
1 0.2733333333333333 0.8483333333333334 0.03833333333333333 0.056666666666666664
1 0.6466666666666666 0.745 0.065 0.125
1 0.13666666666666666 0.37 0.12833333333333333 0.18
1 0.7216666666666667 0.5866666666666667 0.043333333333333335 0.075
1 0.425 0.9566666666666667 0.02666666666666667 0.065
1 0.23833333333333334 0.11333333333333333 0.09 0.11
1 0.71 0.9266666666666666 0.05 0.09333333333333334
1 0.12833333333333333 0.8033333333333333 0.12 0.15666666666666668
1 0.39 0.5333333333333333 0.105 0.15
1 0.5666666666666667 0.9033333333333333 0.085 0.13
1 0.3466666666666667 0.7533333333333333 0.028333333333333332 0.045
1 0.025 0.3883333333333333 0.05 0.043333333333333335
1 0.855 0.3433333333333333 0.04666666666666667 0.065
1 0.7366666666666667 0.375 0.028333333333333332 0.07
1 0.013333333333333334 0.5183333333333333 0.025 0.09333333333333334
1 0.06333333333333334 0.27 0.08833333333333333 0.15
1 0.09333333333333334 0.8666666666666667 0.03833333333333333 0.03333333333333333
1 0.9533333333333334 0.3233333333333333 0.03333333333333333 0.045
1 0.03333333333333333 0.9066666666666666 0.03 0.05
1 0.19 0.12 0.185 0.24
1 0.9416666666666667 0.016666666666666666 0.04 0.03333333333333333
1 0.7533333333333333 0.6466666666666666 0.041666666666666664 0.06333333333333334
1 0.775 0.5233333333333333 0.06666666666666667 0.075
1 0.845 0.48 0.023333333333333334 0.05
1 0.051666666666666666 0.2866666666666667 0.06333333333333334 0.09666666666666666
1 0.235 0.03166666666666667 0.06 0.06333333333333334
1 0.18 0.06166666666666667 0.051666666666666666 0.12333333333333334
1 0.58 0.6333333333333333 0.03833333333333333 0.06
1 0.31666666666666665 0.9516666666666667 0.06333333333333334 0.07666666666666666
1 0.9216666666666666 0.8733333333333333 0.05333333333333334 0.07
1 0.9866666666666667 0.17 0.025 0.095
1 0.405 0.3283333333333333 0.056666666666666664 0.13333333333333333
1 0.41333333333333333 0.6066666666666667 0.028333333333333332 0.065
1 0.9533333333333334 0.3333333333333333 0.04833333333333333 0.08666666666666667
1 0.4866666666666667 0.935 0.10833333333333334 0.125
1 0.9933333333333333 0.17 0.01 0.05
0 0.49833333333333335 0.49666666666666665 0.9966666666666667 0.9933333333333333