1 0.86615679534037 0.33883080535612636 0.09294819939170376 0.129809535920924
1 0.35235238277799946 0.6278042821469741 0.09837351894607423 0.07670900771753547
1 0.04997712016266651 0.4219206423220461 0.09995424032533302 0.1237248820791198
1 0.5217012782174812 0.23172493859898713 0.06535052239081494 0.08887831540114405
1 0.5831725908823702 0.31393658733346447 0.05883902411318521 0.09531217693786573
1 0.44445691063837034 0.03887307575716108 0.04775284538992594 0.048296302576281556
1 0.6181684103359256 0.5303334181131344 0.05945969766933331 0.1219788436045324
1 0.5697602798390368 0.38852917835606077 0.182643436675556 0.40605293337856957
1 0.20151149827762965 0.01370902184750246 0.05364367011140738 0.015195774372893212
1 0.8447588863235552 0.4698572579154443 0.04852868733511097 0.08162963590961492
1 0.024977120162666518 0.40938095641808575 0.049954240325333035 0.09864551027119907
1 0.8992476214817771 0.8520689066499216 0.16907456372770413 0.2523703923503189
1 0.9149458792324437 0.822592718192298 0.09077862897614826 0.1796931333559515
1 0.6242559825746664 0.4121164873447736 0.06248269422459278 0.10876191283617155
1 0.621154008309407 0.473724952728954 0.06876422694962987 0.23554498206781072
1 0.6156511045605182 0.423492147599009 0.04170685227940756 0.07473016411300326
1 0.9540522674799993 0.934047750254454 0.05201718905748142 0.08841270514125427
1 0.8472332194552585 0.7935397989436951 0.05953728186385187 0.12531217693786573
1 0.06805342755962926 0.44440212694352027 0.06170685227940747 0.07542857950283822
1 0.566273171632148 0.32335457450860206 0.02093101033422234 0.040698415389834965
1 0.5350332180353331 0.30391541680803 0.2599335639293338 0.5786137898079644
1 0.6350318245198516 0.3791323617063577 0.037752845389926126 0.0479470948813641
1 0.6022013949354071 0.428026537339119 0.1107814160071113 0.3236084795141473
1 0.6317649272571844 0.949481569401275 0.06860627152962971 0.08566138463278321
1 0.8691770048646663 0.495730277152738 0.10294819939170376 0.13015874361584148
1 0.849603717934518 0.4766985284295697 0.034729848834666656 0.06116402564972494
0 0.5 0.5 1 1