1 0.7160581730225526 0.19570750303525594 0.11194712314129769 0.24847035670924916
1 0.889682512768317 0.1843486251143649 0.11500531029381743 0.14525339047543728
1 0.5729046831806609 0.5746433281425909 0.07074075644070377 0.11783033766188111
1 0.4812433268078114 0.43299731775231864 0.07004234105086898 0.09783033766188112
1 0.5120422138811673 0.8388785064972154 0.05717461797742563 0.11093093679617179
1 0.9066824562484497 0.6037958813916381 0.15264553853113283 0.2691685593063778
1 0.4810052113840493 0.5829100424276775 0.10892065645201304 0.16180369004258258
1 0.5328412422541917 0.1955742649387625 0.24667728725430094 0.29079769869967814
1 0.20741797304517068 0.1179720112568606 0.07647620258759066 0.09128003809473598
1 0.28631214867793203 0.14824227272926987 0.08635980002261817 0.08812125541068477
1 0.6512485664517944 0.8114638891821454 0.07612699489267319 0.08128003809473587
1 0.5755501510619594 0.8327730190517617 0.09465610259889976 0.13490428917687286
1 0.6278888229490436 0.4787414831212997 0.045894189762728195 0.07408971948022289
1 0.5652750048811455 0.9362227194846166 0.10039154874578647 0.108353989609728
1 0.8791851113953584 0.5326528666728179 0.06062435387573146 0.11432245367926575
1 0.22001054993780012 0.2343477601747237 0.09120636670059393 0.13151277229377892
1 0.42015336267219006 0.5606531047649176 0.09535451798873462 0.15490428917687288
1 0.36406339853656866 0.6882216164528755 0.12248679491529137 0.1687030909082921
1 0.32143379088688745 0.5257319445910728 0.13535451798873463 0.15560249177400162
1 0.47546029996607275 0.12162156883445557 0.0975238256723431 0.12162913939330029
1 0.3852274241862936 0.6545391818209778 0.3296720334803513 0.5687444034610807
1 0.9883862243220024 0.12432796883797054 0.016476202587590857 0.0902327341990429
1 0.16095763068919738 0.30367021385398935 0.09395768720906475 0.11490428917687287
1 0.4958147473049732 0.49270640000351495 0.5522435104973804 0.9324099670960064
1 0.38958189978512775 0.8160312978383623 0.19136511031643522 0.23320009523684007
1 0.45841794478523695 0.3234627861504044 0.07050795131075878 0.11116367099521444
0 0.5 0.5 1 1