1 0.2966666666666667 0.515 0.051666666666666666 0.125
1 0.2866666666666667 0.8666666666666667 0.043333333333333335 0.06333333333333334
1 0.23666666666666666 0.09333333333333334 0.04666666666666667 0.065
1 0.39 0.5066666666666667 0.028333333333333332 0.03666666666666667
1 0.41333333333333333 0.7233333333333334 0.03166666666666667 0.03666666666666667
1 0.36333333333333334 0.505 0.015 0.025
1 0.5033333333333333 0.06 0.041666666666666664 0.105
1 0.395 0.88 0.02666666666666667 0.025
1 0.21333333333333335 0.19333333333333333 0.025 0.06333333333333334
1 0.44 0.6333333333333333 0.028333333333333332 0.02666666666666667
1 0.47333333333333333 0.28833333333333333 0.021666666666666667 0.03333333333333333
1 0.43 0.2683333333333333 0.03833333333333333 0.03333333333333333
1 0.49666666666666665 0.295 0.016666666666666666 0.025
1 0.39 0.7416666666666667 0.015 0.02666666666666667
1 0.48333333333333334 0.29333333333333333 0.041666666666666664 0.04
1 0.7466666666666667 0.24833333333333332 0.05333333333333334 0.08333333333333333
1 0.73 0.47333333333333333 0.016666666666666666 0.025
1 0.37333333333333335 0.7666666666666667 0.021666666666666667 0.016666666666666666
1 0.7933333333333333 0.20333333333333334 0.018333333333333333 0.023333333333333334
1 0.755 0.26166666666666666 0.03666666666666667 0.056666666666666664
1 0.7433333333333333 0.52 0.015 0.02
1 0.7733333333333333 0.455 0.015 0.03
1 0.7333333333333333 0.37666666666666665 0.14833333333333334 0.37666666666666665
1 0.73 0.22333333333333333 0.018333333333333333 0.03
1 0.4583333333333333 0.2833333333333333 0.09333333333333334 0.06
1 0.21166666666666667 0.20833333333333334 0.023333333333333334 0.03333333333333333
1 0.7416666666666667 0.385 0.04666666666666667 0.12
1 0.7633333333333333 0.21 0.04 0.035
1 0.3933333333333333 0.745 0.06833333333333333 0.08
1 0.38 0.7516666666666667 0.03666666666666667 0.04666666666666667
1 0.34 0.515 0.14333333333333334 0.13
1 0.5 0.035 0.023333333333333334 0.05
1 0.6833333333333333 0.305 0.03333333333333333 0.055
1 0.74 0.4083333333333333 0.041666666666666664 0.06666666666666667
1 0.6516666666666666 0.285 0.023333333333333334 0.035
1 0.4533333333333333 0.6466666666666666 0.058333333333333334 0.055
1 0.21666666666666667 0.07666666666666666 0.08666666666666667 0.095
1 0.7133333333333334 0.2833333333333333 0.03333333333333333 0.05
1 0.7183333333333334 0.35333333333333333 0.03666666666666667 0.04666666666666667
1 0.7533333333333333 0.3466666666666667 0.023333333333333334 0.043333333333333335
1 0.7666666666666667 0.30666666666666664 0.02 0.03
1 0.7216666666666667 0.555 0.013333333333333334 0.015
1 0.6833333333333333 0.345 0.011666666666666667 0.025
1 0.42 0.265 0.015 0.02
1 0.38333333333333336 0.5066666666666667 0.056666666666666664 0.043333333333333335
1 0.375 0.7733333333333333 0.03 0.03666666666666667
1 0.7266666666666667 0.5266666666666666 0.015 0.02
0 0.5 0.49833333333333335 0.995 0.9966666666666667