0 0.5000582012824862 0.45081802673454235 0.9998835974350275 0.894969386802418
1 0.4913757309040697 0.5221743986420334 0.05414815128814079 0.02395392285168441
1 0.31344980654814003 0.5317659691067133 0.033682541028250815 0.01038786844896947
1 0.5455291218361934 0.16461680220663902 0.04093122051977995 0.02713210880543007
1 0.49086777959331074 0.41221318548693037 0.05426455385311328 0.027287256185017837
0 0.20221695902829454 0.2089356970931382 0.40443391805658907 0.4178713941862764
1 0.1447037539435858 0.37486541370676285 0.06771428975141912 0.03077573689793894
1 0.3815503347515284 0.525894432760434 0.023682541028250816 0.010271507914278572
1 0.17943922835040624 0.5585284352217202 0.030465610259889975 0.013682414937405837
1 0.24561911423174848 0.49765689887544096 0.05449735898305827 0.03395392285168441
1 0.24891010651421283 0.4010678058985682 0.05473016411300326 0.04062058951835126
1 0.4202011553165446 0.7262629077869551 0.047481484621474127 0.02387634916189048
1 0.36279373220917405 0.6089756516019372 0.04759788718644662 0.027209682495223812
1 0.34448149875144096 0.1322895915128221 0.08162963590961492 0.04759755094419347
1 0.3340847103616716 0.4070568704434404 0.05426455385311328 0.027287256185017837
1 0.28963500272329945 0.6131223410142044 0.048296302576281584 0.04720968249522381
1 0.597793732209174 0.6117101241671722 0.08116402564972494 0.03426421761086014
1 0.571439242480373 0.6680471026522148 0.06093122051977995 0.027364829874811675
1 0.6210318335029693 0.6569622386590023 0.05473016411300326 0.040620589518351076
1 0.42015881426567564 0.6296350279651854 0.0440317487231683 0.020504228983660368
1 0.46267732964420155 0.6068059236155124 0.061396830779669925 0.04069816320814501
1 0.4978519334916603 0.6122131854869304 0.04139683077966993 0.0404654421387634
1 0.5768096207007251 0.726419222830445 0.10314286925425734 0.09116360534690841
1 0.5484604271357744 0.8210507478039241 0.08209524616950489 0.060930884277526805
1 0.73485718726561 0.33841674534263794 0.09093122051977995 0.02771391147888437
1 0.8056455244011659 0.17097550944193438 0.08197884360453239 0.05759755094419347
1 0.8752117052543448 0.49332094589429765 0.11062435387573145 0.11457451237003587
1 0.804010648847568 0.5058203620623467 0.06302646668928484 0.08736482987481167
1 0.6790688501300544 0.5060325220453776 0.07496296924294825 0.04751997725439954
1 0.6086614411526505 0.4935513316358751 0.040698415389834965 0.020465442138763404
1 0.6235608988192953 0.395431325949475 0.07829630257628158 0.047558764099296505
1 0.5623598424125187 0.4080471026522147 0.035195774372893236 0.0537212017823028
1 0.3836561308588333 0.34765806653934317 0.12314286925425734 0.09139632641629021
1 0.43941274753115456 0.3699647161468095 0.09519577437289324 0.05441936499044791
1 0.2701481936780413 0.3413393138128469 0.03736508205650163 0.020426655293866437
1 0.33152385393227674 0.3337235371101071 0.0757777871977557 0.07085331058773288
1 0.07650268340684228 0.28244240356460565 0.054730164113003237 0.04062058951835117
1 0.14873019237293694 0.25162904748567183 0.048296302576281584 0.047209682495224004
1 0.048142939904091527 0.6153102947591755 0.048529107706226544 0.05387634916189048
1 0.05520115531654461 0.7220157482707392 0.05461376154803074 0.03728725618501774
1 0.1587672937798229 0.7298848071292112 0.06151323334464242 0.044031496541478345
1 0.271481583531242 0.7611841664332591 0.06736508205650163 0.02077573689793894
1 0.2561112053108901 0.7026956857203379 0.10817990001130909 0.04457451237003587
1 0.36863503098323314 0.8239562581794888 0.1156613846327832 0.06798541939316276
1 0.3937884643052574 0.780933219605331 0.0678306923163916 0.03410907023127228
1 0.48623291816967973 0.8519804644175486 0.10876191283617155 0.06124117903670234
1 0.6227831822713739 0.8502373917249902 0.10221164873447738 0.06449693868024194
1 0.688164110429526 0.6710713088902747 0.06887831540114404 0.06410907023127227
1 0.6726826399380188 0.752524647910008 0.1719047820904287 0.15193934224484754
1 0.8613598706724523 0.6214409515806978 0.14841270514125426 0.05170662117546575
1 0.689576730790979 0.0913234233821048 0.06302646668928484 0.08736482987481173
0 0.8007302065029038 0.8583550620835861 0.39853958699419234 0.2832898758328277