1 0.3009929056253547 0.3295934875117475 0.06145458874401811 0.08612787824619829
1 0.5541554735888282 0.5946938432890566 0.04771397056235969 0.06217353493222845
1 0.5874099670960065 0.4930636920898853 0.05104730389569302 0.062328787427387435
1 0.2874146173150701 0.12505924499722496 0.05835398960972763 0.09930595908437245
1 0.57750102770007 0.7854289949847681 0.058121255410684775 0.08597262575103912
1 0.5133286831142697 0.358068287402474 0.03771397056235969 0.06170777744675073
1 0.7493300242381103 0.5956115723222456 0.08308372813731846 0.1803927265504865
1 0.15724763722463267 0.6949131831272432 0.051163670995214496 0.0689954540940541
1 0.5003191445840427 0.6639221761258494 0.05128003809473588 0.07566212076072076
1 0.5829007419895503 0.234730358756552 0.061338221644496684 0.07946121157953162
1 0.5177299766196904 0.514657327821561 0.04771397056235969 0.06217353493222826
1 0.824230528135561 0.3952964720193385 0.05455518787830859 0.07248403992254661
1 0.6572025393924216 0.19123717761547085 0.051163670995214454 0.0689954540940541
1 0.45849014804600224 0.8476847514771648 0.12459650043109738 0.26892242315906323
1 0.42657009090389836 0.7390820239335971 0.04783033766188112 0.06884020159889492
1 0.4356438043267904 0.30330576145780136 0.04104730389569303 0.06186302994190991
1 0.4091394675314975 0.12272586225724884 0.04104730389569303 0.06186302994190996
1 0.6741141610360395 0.39561616763483415 0.05777215411212031 0.06597262575103911
1 0.7380997341946492 0.6211549560553026 0.05887764155757433 0.12930595908437245
1 0.15210682856929447 0.3048355568796635 0.05771397056235969 0.06263929241770579
1 0.8711843272716089 0.12289005834437153 0.05823762251020601 0.09263929241770578
1 0.7145298813828506 0.32200884477867797 0.040989120345932405 0.05852969660857658
0 0.5053941991307754 0.4994566162669429 0.9641217315948842 0.9989132325338858
1 0.6781203904710436 0.7206937938824137 0.06478792207735144 0.08628313074135728
1 0.6965034718556516 0.8182508647399512 0.0787030909082921 0.1202374740553275
1 0.6482489783484734 0.9205796521673388 0.058121255410684775 0.08597262575103892
1 0.7588101575696862 0.8520453602461734 0.027830337661881307 0.06790868662793988
1 0.9040766337626731 0.47831470504976487 0.05139640519425749 0.08232878742738743
1 0.11165358094911705 0.47185383931673264 0.07496247272663363 0.09674888822683499
1 0.08727294372009067 0.4129406067828468 0.04823762251020625 0.09217353493222825
1 0.08141241125158816 0.5549954046874114 0.051396405194257394 0.08232878742738743
1 0.10797493159664173 0.7389086372212972 0.0411636709952145 0.06852969660857658
1 0.33049456017296613 0.01987437000345331 0.07753941991307756 0.03974874000690662
1 0.7102242987005568 0.07534217811201131 0.09192005714210381 0.11419181736929739
1 0.8029467047614026 0.041312629723362984 0.07157095584353954 0.08262525944672597
1 0.5810097766223267 0.12639702542321865 0.03806307186092416 0.08170777744675078
1 0.4503566718574091 0.5728400039723239 0.06542794112471938 0.12294979740802395
1 0.4343384597365964 0.5152053068672068 0.03759760346283827 0.05504111078008407
1 0.3973226917713654 0.49691308431395753 0.05162913939330034 0.09566212076072077
1 0.36218945367487193 0.6820318213416213 0.061338221644496684 0.07946121157953162
1 0.4064621593028629 0.638269245990306 0.03128003809473597 0.07473060578976591
1 0.364620941986914 0.6302099021797954 0.04081456969665017 0.048529696608576575
1 0.3195458874401813 0.8191277300262699 0.04519520692567653 0.10868494910373594