0 0.5 0.5 1 1
1 0.49871908816677857 0.6349549021677889 0.17847380832213788 0.1796922112542245
1 0.4836627783580065 0.34673793593397706 0.11730992719259727 0.1386449073585313
1 0.1907123952487986 0.536945363637562 0.03116388112954065 0.04052365194784651
1 0.47979098935457887 0.5002167281417123 0.22642699604066555 0.4537237471846864
1 0.3858400453235071 0.5952373844181065 0.0420367919766961 0.07069820259712875
1 0.33708308148069205 0.6961392294393978 0.1169219668160836 0.12531157402519796
1 0.22685844131185515 0.6330301948066214 0.04821850817272084 0.054147903029983506
1 0.36159312085766193 0.8507901281408334 0.04184281178843927 0.06403153593046189
1 0.24360927315855416 0.5210144268413902 0.05213378207082447 0.07420608657974412
1 0.22674862630363074 0.5146386779235272 0.01724860723143697 0.02029091774880366
1 0.4305005799940578 0.5827852398296701 0.08938238930226135 0.09484610562711225