1 0.6866666666666666 0.5416666666666666 0.10166666666666667 0.16333333333333333
1 0.6 0.4766666666666667 0.07666666666666666 0.10666666666666667
1 0.3466666666666667 0.7283333333333334 0.08 0.12333333333333334
1 0.5866666666666667 0.8083333333333333 0.11666666666666667 0.11666666666666667
0 0.8266666666666667 0.695 0.315 0.61
1 0.7 0.81 0.11166666666666666 0.165
1 0.46 0.6416666666666667 0.085 0.17666666666666667
0 0.485 0.49666666666666665 0.67 0.9933333333333333
0 0.905 0.16166666666666665 0.19 0.32166666666666666
1 0.9433333333333334 0.7033333333333334 0.041666666666666664 0.07166666666666667
1 0.845 0.6866666666666666 0.018333333333333333 0.041666666666666664
1 0.8533333333333334 0.43333333333333335 0.051666666666666666 0.07333333333333333
1 0.8633333333333333 0.5283333333333333 0.058333333333333334 0.06
1 0.8933333333333333 0.475 0.03666666666666667 0.04833333333333333
1 0.895 0.595 0.03833333333333333 0.041666666666666664
1 0.6966666666666667 0.13333333333333333 0.135 0.17666666666666667
1 0.4866666666666667 0.15333333333333332 0.18 0.20666666666666667
1 0.3233333333333333 0.16833333333333333 0.08166666666666667 0.08666666666666667
1 0.38666666666666666 0.315 0.12 0.13833333333333334
1 0.22 0.7766666666666666 0.043333333333333335 0.05
1 0.31333333333333335 0.8516666666666667 0.08166666666666667 0.095
1 0.47 0.9333333333333333 0.09666666666666666 0.10166666666666667
1 0.44166666666666665 0.8016666666666666 0.09166666666666666 0.12333333333333334
1 0.38 0.9166666666666666 0.06833333333333333 0.08833333333333333