1 0.5100205610863506 0.14204260317943104 0.06085331058773287 0.07368240312199067
1 0.3723454364523633 0.056171039920261595 0.02387634916189067 0.04680241602892229
1 0.5383756231699366 0.43023049076749054 0.040659376363248234 0.0568993798591049
1 0.6137646592828083 0.6064705165813538 0.030853310587732875 0.07350786822766206
1 0.5696156345427369 0.3933795928234769 0.030543015828557146 0.04684120156099539
1 0.5687817173774525 0.3217129261568102 0.057364829874811674 0.06032967702262075
1 0.6192289337576695 0.5030983977159473 0.04414785707616943 0.07025210595847474
1 0.6620991602800438 0.7495323511901758 0.023721201782302803 0.03346908269558905
1 0.6303502492679747 0.1696777969354497 0.1220944896244354 0.18069813957731465
0 0.14920954033522107 0.5041661110604297 0.29803121222147266 0.9783344445458073
1 0.18112832149371794 0.5256485464497495 0.047326043029914805 0.0569381653911779
1 0.4072519723318273 0.47766317169259964 0.03717089565032704 0.04354665375973506
1 0.6146955435603351 0.6864705165813537 0.06748119040950276 0.07038785532073044
1 0.59655264145978 0.2732147543121665 0.22112715382981588 0.384593863125707
1 0.6503937067684802 0.7462668925379703 0.0438375623169937 0.04358543929180807
1 0.3572143531508325 0.6179637595661657 0.04375998862719977 0.0369187726251414
1 0.03916958582642201 0.3581297092899499 0.06786905885847208 0.10372118865406368
1 0.1467659691067133 0.2941661110604297 0.03065937636324814 0.05684120156099529
1 0.4907369500530421 0.06048259672596521 0.0370933219605331 0.03687998709306837
1 0.5038205042223495 0.32542441842785563 0.02038786844896947 0.033449689929552356
1 0.6751780437937427 0.44110205402666 0.016976961425842204 0.026763630496849374
1 0.6684155776787357 0.5761505359417511 0.023721201782302994 0.03346908269558905
1 0.6635125447909782 0.5845129584241393 0.030659376363248232 0.05684120156099539
1 0.6624435712285078 0.2061602323247695 0.050814523742835904 0.07029089149054774
0 0.4280653284107611 0.4064048643251737 0.6761306568215222 0.8128097286503474
1 0.2928337750052815 0.5283322221208595 0.08798541939316294 0.1138375452502828
1 0.07056824757051644 0.7646412338283244 0.06131875272649625 0.11368240312199078
1 0.06572105962229995 0.4913175968780094 0.0713575395713932 0.11707391475343343