1 0.5213112341324128 0.7923213723743062 0.05722905688172583 0.09732604302991471
1 0.6272290568817257 0.08937473982604027 0.07705452198739711 0.06755876409929651
1 0.9315331397293588 0.5391978636961998 0.05036846255469375 0.06391513600678764
1 0.3110677133444823 0.46641221684703227 0.08775266156471162 0.18767512463398742
1 0.27015736455323985 0.5968970524082441 0.04709330751947012 0.07387634916189048
1 0.3177429651816934 0.18131524973478985 0.043682403121990676 0.06050422898366037
1 0.2563403232814675 0.8004049265436137 0.03366301035595408 0.057054535115636136
1 0.9126482237764587 0.731097251432248 0.030329677022621127 0.05701574827073917
1 0.24658051043197615 0.2688158335667409 0.05029089149054774 0.0505818026734543
1 0.9614738502187754 0.24216272200301206 0.03021332042640173 0.03701574827073917
1 0.1585757429087898 0.0398242915340616 0.02339151163144289 0.010271507914278643
1 0.13217087858361615 0.08513458629323718 0.053779366952173245 0.07728725618501786
1 0.13373088503708194 0.06678185953745538 0.03360483205784457 0.04705453511563616
1 0.29707724839085514 0.9266061510715169 0.04356604652577156 0.04050422898366037
1 0.6150290891490547 0.0014897905368261263 0.023391511631442843 0.0029795810736522525
1 0.9238882495903219 0.6576281641417755 0.020213320426401726 0.036899387736048464
0 0.5 0.5 1 1