0 0.5 0.5 1 1
1 0.6471693783334426 0.4880014338857649 0.19442329746895476 0.1277720543307483
1 0.6022117193843115 0.5849492956599609 0.06864551027119906 0.05705452198739711
1 0.39141276166112143 0.46781831382089173 0.027248679491529135 0.016821808794958884
1 0.35545513097192405 0.7747564792120697 0.05946032822600652 0.08032967702262074
1 0.282179998921077 0.7768497867315398 0.037830692316391606 0.03354665375973506
1 0.15213765787020805 0.6809200451742607 0.03759788718644662 0.026879987093068394
1 0.993878315401144 0.13589731877080263 0.0122433691977119 0.03009696383018261
1 0.1178624834294604 0.367722461203183 0.044497358983058274 0.033585439291808065
1 0.41944453864422343 0.6977019572246727 0.027248679491529135 0.016821808794958884
1 0.60391541680803 0.5382632362272578 0.07519577437289324 0.05375997418613679