1 0.4033333333333333 0.6466666666666666 0.025 0.04
1 0.6 0.37 0.07833333333333334 0.135
1 0.4 0.265 0.21833333333333332 0.20666666666666667
1 0.37833333333333335 0.3383333333333333 0.03333333333333333 0.043333333333333335
1 0.51 0.535 0.041666666666666664 0.05
1 0.56 0.8166666666666667 0.06666666666666667 0.26
1 0.6016666666666667 0.7833333333333333 0.03 0.045
1 0.6416666666666667 0.5716666666666667 0.07833333333333334 0.24666666666666667
1 0.6566666666666666 0.6016666666666667 0.045 0.06333333333333334
1 0.5366666666666666 0.3383333333333333 0.05 0.10666666666666667
1 0.62 0.33666666666666667 0.03166666666666667 0.06333333333333334
1 0.6466666666666666 0.7666666666666667 0.03333333333333333 0.056666666666666664
1 0.4766666666666667 0.5966666666666667 0.035 0.065
1 0.6633333333333333 0.9033333333333333 0.09166666666666666 0.08666666666666667
1 0.6433333333333333 0.8333333333333334 0.03833333333333333 0.04666666666666667
1 0.505 0.5383333333333333 0.056666666666666664 0.07666666666666666
0 0.5883333333333334 0.49666666666666665 0.8233333333333334 0.9933333333333333
1 0.31166666666666665 0.625 0.09833333333333333 0.10333333333333333
1 0.4816666666666667 0.8966666666666666 0.09333333333333334 0.11166666666666666
1 0.7133333333333334 0.7566666666666667 0.08 0.18333333333333332
1 0.5716666666666667 0.5283333333333333 0.04 0.12166666666666667