1 0.31029790732013995 0.8762708915284452 0.08124117903670235 0.10899442892574787
1 0.8247525561637783 0.5278555985581479 0.07434179130065408 0.08880044873749132
1 0.43093321960533104 0.35425193461823323 0.05418664392106621 0.0748851748393875
1 0.29562642783786186 0.7616588519049587 0.08457451237003567 0.10909141901987633
1 0.4593223978782055 0.07880796396607331 0.18193934224484754 0.15761592793214663
1 0.13390158090384977 0.7613628714701854 0.016976961425842253 0.0271516171373086
1 0.8345186674304945 0.3641827998953651 0.04395392285168441 0.054594204557002396
1 0.51769685338424 0.3600635255042285 0.020543015828557144 0.04724860723143706
1 0.6324858610651112 0.6251476906842608 0.013604841247611906 0.023721293709846804
1 0.15395976117119517 0.7657809309054152 0.016938174580945334 0.023818283803975267
1 0.2838240072140559 0.7503316505677414 0.05414785707616924 0.07155184150605426
1 0.7198859747931134 0.2558137964290636 0.02038786844896947 0.03391527389810373
1 0.17209916028004377 0.7485808187210423 0.016938174580945334 0.023818283803975267
1 0.305878542329692 0.7830345482892404 0.04728725618501784 0.054691194651130676
0 0.5016666666666667 0.4999515049529358 0.9966666666666667 0.9999030099058716