1 0.654602431103711 0.739923050515424 0.21513252296542967 0.259249729075165
1 0.6839952070608403 0.5376744432839871 0.14551605889073888 0.19397659385926394
1 0.6568170768160233 0.6566382122291549 0.2798723193803729 0.4342318940086807
0 0.575045459059459 0.4971387922232126 0.849909081881082 0.9942775844464252
1 0.34573055638312306 0.08168700680934482 0.13745211976763982 0.16337401361868964
1 0.4643606087690087 0.2860819214925765 0.20691333134717146 0.22572241555357475
1 0.32788571006499667 0.32167668697144286 0.17164393713693718 0.2546555245181626
1 0.3511230359003958 0.608943129269364 0.2117261586971054 0.3290557488869081
1 0.411807886190846 0.8069063372926678 0.19040191717566388 0.22857079841626615
1 0.8323469216445283 0.24707967780512075 0.16242019961273305 0.2710312209024441
1 0.7338310109737176 0.0871616374420848 0.1790046447192314 0.1743232748841696
1 0.9069769246237712 0.5744609452636543 0.07915989721439057 0.19870345864336286
1 0.8077713213167078 0.881934192663928 0.09752515070263068 0.09271572263559467
1 0.6800178871839271 0.9089531495741403 0.13116898902628235 0.10035229024354521
1 0.5069539480608278 0.9439481394217519 0.10705939321715316 0.08300669291798006
1 0.054602431103710956 0.7573812674585336 0.05341555489350156 0.07478818474525914
1 0.0542097045532244 0.8372842773644051 0.04232878742738744 0.051163881129540796
1 0.2592416247081312 0.9378405681009836 0.03566212076072077 0.05096990094128387
1 0.24273940116180104 0.7918528320932156 0.045972625751039116 0.05792753789033554