1 0.5266666666666666 0.31333333333333335 0.08166666666666667 0.2
1 0.6766666666666666 0.5166666666666667 0.09833333333333333 0.24333333333333335
1 0.22166666666666668 0.5833333333333334 0.17333333333333334 0.21
1 0.03 0.8633333333333333 0.03166666666666667 0.06666666666666667
1 0.36666666666666664 0.81 0.021666666666666667 0.025
1 0.07333333333333333 0.7866666666666666 0.04833333333333333 0.10333333333333333
1 0.36333333333333334 0.6883333333333334 0.011666666666666667 0.023333333333333334
1 0.47 0.5533333333333333 0.03166666666666667 0.04
1 0.22666666666666666 0.6433333333333333 0.016666666666666666 0.05
1 0.20333333333333334 0.72 0.025 0.025
1 0.425 0.4066666666666667 0.02 0.05
1 0.4766666666666667 0.49 0.06833333333333333 0.165
1 0.16333333333333333 0.8266666666666667 0.013333333333333334 0.02666666666666667
1 0.055 0.8166666666666667 0.08333333333333333 0.16333333333333333
1 0.9366666666666666 0.11833333333333333 0.07833333333333334 0.23666666666666666
1 0.53 0.32666666666666666 0.07333333333333333 0.035
1 0.18 0.7533333333333333 0.018333333333333333 0.03666666666666667
1 0.48333333333333334 0.5083333333333333 0.02 0.056666666666666664
1 0.5066666666666667 0.39166666666666666 0.125 0.36333333333333334
1 0.6883333333333334 0.4633333333333333 0.07 0.13333333333333333
0 0.5 0.49833333333333335 0.995 0.9966666666666667