0 0.46166666666666667 0.49666666666666665 0.83 0.9933333333333333
1 0.28 0.6333333333333333 0.03166666666666667 0.035
1 0.67 0.355 0.015 0.03
1 0.13166666666666665 0.4483333333333333 0.02666666666666667 0.03666666666666667
1 0.5933333333333334 0.37666666666666665 0.10833333333333334 0.135
1 0.7766666666666666 0.3566666666666667 0.025 0.03333333333333333
1 0.63 0.425 0.028333333333333332 0.035
1 0.75 0.5483333333333333 0.065 0.2966666666666667
1 0.47 0.8133333333333334 0.018333333333333333 0.03666666666666667
1 0.45166666666666666 0.7366666666666667 0.016666666666666666 0.05333333333333334
1 0.6983333333333334 0.29833333333333334 0.02 0.02666666666666667
1 0.5766666666666667 0.13666666666666666 0.06 0.051666666666666666
1 0.58 0.75 0.19833333333333333 0.25666666666666665
1 0.5016666666666667 0.6466666666666666 0.016666666666666666 0.035
1 0.47 0.49666666666666665 0.04 0.16333333333333333
1 0.5466666666666666 0.6766666666666666 0.03833333333333333 0.045
1 0.3466666666666667 0.495 0.023333333333333334 0.045
1 0.23666666666666666 0.6866666666666666 0.051666666666666666 0.05333333333333334
1 0.6766666666666666 0.02666666666666667 0.021666666666666667 0.03666666666666667
1 0.09333333333333334 0.42833333333333334 0.015 0.016666666666666666
1 0.5966666666666667 0.36666666666666664 0.028333333333333332 0.03
1 0.7466666666666667 0.6783333333333333 0.03333333333333333 0.03666666666666667
1 0.47 0.45166666666666666 0.03833333333333333 0.06666666666666667
1 0.7416666666666667 0.595 0.02666666666666667 0.045
1 0.565 0.33666666666666667 0.05 0.04666666666666667
1 0.42333333333333334 0.7916666666666666 0.03166666666666667 0.02666666666666667
1 0.46 0.535 0.018333333333333333 0.08
1 0.7533333333333333 0.42833333333333334 0.02666666666666667 0.043333333333333335
1 0.47833333333333333 0.20166666666666666 0.04 0.06333333333333334
1 0.6 0.6283333333333333 0.02 0.03333333333333333
1 0.6366666666666667 0.43166666666666664 0.015 0.023333333333333334
1 0.7566666666666667 0.5166666666666667 0.15166666666666667 0.365
1 0.5833333333333334 0.8033333333333333 0.06333333333333334 0.075
1 0.585 0.8733333333333333 0.03833333333333333 0.051666666666666666