0 0.5 0.5 1 1
1 0.9465015431950757 0.8761099910622712 0.02349385195220293 0.06759818163762171
1 0.43699957545678547 0.33278100600831273 0.0175401296547174 0.01744292914246254
1 0.4749386992323157 0.5333655005214539 0.21396123383007024 0.33915989721439055
1 0.47803125463734486 0.6337536317593518 0.15646362611157505 0.13031969561549564
1 0.893482160110111 0.7082378199018268 0.020698770390440588 0.014264848304288383
1 0.6851369552243975 0.25244777148826497 0.017714822252327546 0.02077626247579578
1 0.4190345858604228 0.8030915109986311 0.05857411126163735 0.10248403992254641
1 0.5358286386254678 0.20038378295852308 0.298182204130195 0.29652979542186214
1 0.46868750309156326 0.42948878345506347 0.17646362611157504 0.1312512105864505
1 0.4780973399680388 0.5368540863499465 0.162256829790191 0.11396353393914732