1 0.4640232299911108 0.37519365113936054 0.14132171833777799 0.20716239650201562
1 0.24746597203881418 0.7394452718233274 0.08457746747659277 0.20085928900931
1 0.4772000014199256 0.4527408677834482 0.17504575967466698 0.3687346298805069
1 0.49014402026518467 0.540288084427536 0.1375228798373335 0.18698770390440547
1 0.031541929281999635 0.4328163425298733 0.058528687335111185 0.0829697741593723
0 0.475 0.5 0.95 1
1 0.025599883992036998 0.17193579255245223 0.051199767984073996 0.16612841489509553
1 0.0945289207709627 0.3013385424395575 0.08263786261362971 0.11752595567597666
1 0.02201300851103693 0.3020231388512573 0.04402601702207386 0.09595372229748535
1 0.3161623694022963 0.01494100165867638 0.12100859452874071 0.02988200331735276
1 0.8075781677841474 0.9198348765284091 0.06170685227940756 0.07647780009031598
1 0.5565321746736288 0.906357500981308 0.10961486605837042 0.13225682979019135
1 0.48234541520059177 0.9468674047953974 0.06124134711229639 0.05647780009031597
1 0.8361886198602217 0.6203660413106099 0.06279303100266684 0.12314446675698244