1 0.6009771122598964 0.3733806398325652 0.06054299744902247 0.09647780009031579
1 0.09740136935110662 0.4414258887383626 0.10416722227290359 0.1487488038592475
1 0.5848135462977054 0.5741667565218107 0.08726784241379884 0.10787534087119695
1 0.6170511883499754 0.7607531638790427 0.06403147291064802 0.12331915935459259
1 0.46409712516682805 0.4172097030012475 0.07046542638487646 0.08366854454981289
1 0.3779637595661656 0.33008504387244436 0.0637987597182098 0.0833191593545926
1 0.4371018926900144 0.18869459008093362 0.0638375452502828 0.08998582602125926
1 0.3172559236058327 0.45489617729609344 0.06717087858361613 0.09016051861886941
1 0.3173528874360153 0.4382295106294269 0.05364361758991758 0.05612841489509568
1 0.7563175968780094 0.027799866124771835 0.07372118865406378 0.05559973224954367
1 0.12299395992769428 0.05186970722175825 0.07054299744902247 0.09700187788314622
1 0.22486313942527053 0.2981209033625107 0.05360483205784457 0.049461748228428824
1 0.09462072984981404 0.3466005813359727 0.03366301035595413 0.05841359264276804
1 0.14856382410082383 0.525384820142072 0.047035129221360515 0.06577902969987538
1 0.2062982041119728 0.052502392281504814 0.05040724808676686 0.07262038896415206
0 0.5 0.5 1 1