1 0.37233313570676224 0.47747293961622195 0.2905663602960004 0.3763619039505189
1 0.4529541456873989 0.46227758561444404 0.02837444411341759 0.03728734022281477
1 0.4289540962807562 0.5843709653509626 0.038840201598894925 0.04752009280637045
1 0.8507486906002638 0.3930838585639993 0.042639292417705976 0.057597677000888914
1 0.3979222255324921 0.35700743444911076 0.02139727245643248 0.03046550516711117
1 0.895360559362366 0.4003698052713326 0.03504111078008388 0.03744250861185189
1 0.162136772431519 0.5223219517736295 0.017753434132780795 0.023721254305925945
1 0.36589015715765705 0.6158062729495551 0.03217353493222826 0.04736492441733333
1 0.9384610139529604 0.4043612107425918 0.025041110780083878 0.0372097560282964
1 0.9036162664481197 0.4018425114517029 0.15954343313969996 0.13690220628118538
1 0.454616217041477 0.533827875989333 0.021397272456432574 0.03046550516711117
1 0.3225979346044078 0.5801869929088885 0.028219191618258227 0.033954006889481435
1 0.29629207433332094 0.3943349602846664 0.028374444113417403 0.03728734022281486
1 0.9745066706389904 0.4168411179362214 0.0112420199612734 0.026899419250222156
0 0.5 0.5 1 1