1 0.3579068982145318 0.37978630701811056 0.1369219668160836 0.13109911566266438
1 0.44606909657848054 0.6203194269277591 0.14996432986703173 0.1218756938955975
1 0.7845222652248145 0.8654133887049034 0.11261873254146659 0.09640677042169803
1 0.4268193675033156 0.8228761820281592 0.1532976632003651 0.12206983845383074
1 0.5627870629015312 0.1663379082329906 0.17446154432990588 0.16323470580323052
1 0.5968171619602474 0.20170975942777336 0.09585507578067147 0.09210271429719843
1 0.7865183769161543 0.50992802730932 0.21345597325565374 0.24537029594379647
1 0.7526822580456949 0.46788950944787067 0.13426756414164895 0.15423830443776448
1 0.526750831846699 0.14253565142575786 0.08977034967877501 0.11171442518073188
1 0.8296755651277149 0.5758823121788026 0.0963400262513134 0.10876938096386501
0 0.5 0.5 1 1