0 0.5 0.5 1 1
1 0.23882090841192521 0.8458500656282834 0.16163205511585205 0.2178918677573673
1 0.6137932644385182 0.2847068241745465 0.12015795542000016 0.15339465329449353
1 0.4829758433651108 0.4593545339310012 0.17806596919896303 0.2083768182280094
1 0.2606857161113328 0.6230016827655919 0.04147409969585188 0.06449721446287413
1 0.5424397215808888 0.12585788038999118 0.05139651550133332 0.061454851411925804
1 0.4772415805481478 0.34744539202901353 0.0650401856127409 0.0751761451217727
1 0.15534216129792563 0.3480858479456243 0.04488501722370378 0.06792753789033573
1 0.3440980271546662 0.5503779400717373 0.051396515501333416 0.061454851411925804
1 0.17905644802644388 0.6906739205065106 0.05155168389037044 0.06812151807859247
1 0.5716153329300736 0.6637369232332626 0.09248269422459278 0.10928539920813327
1 0.3820018603871846 0.7132569829150088 0.02085342613970378 0.03724860723143706
1 0.19436539128903643 0.7494922043104858 0.07178443647392603 0.07870345864336287
1 0.5331711973668886 0.38076089029586274 0.28233309989748173 0.39461985438519437
1 0.4519340308010369 0.2166209762289223 0.03100859452874071 0.04420624418048874
1 0.49201161499555535 0.21445152402512954 0.024186759473036924 0.03734559732556533
1 0.11522021094422168 0.6387826136710071 0.05108617872325927 0.04812151807859247
1 0.5544831610962958 0.6832519727626207 0.13031312380903728 0.16035229024354522
1 0.4115475033439258 0.16040860005231744 0.03085342613970378 0.03753957751382217
1 0.04099744640488845 0.5315518415060542 0.04441951205659263 0.047927537890335735