1 0.3533639837171755 0.2451070103989046 0.1577006482735867 0.08779487766323911
1 0.4691594898221522 0.6072942976691814 0.16576485572113445 0.11465552451816241
1 0.15124162701473312 0.7200356701329682 0.06841359264276804 0.03527313521590107
1 0.41395644926706066 0.7324219477438898 0.07876297783798833 0.042230772164952746
1 0.24720243630158886 0.7356047857836425 0.07595372229748534 0.05213378207082447
1 0.6879460310546123 0.9280930636410807 0.12225682979019098 0.1100613199611602
1 0.05107402140649336 0.6878968779097556 0.03157223337849125 0.030872910847155405
1 0.10563728991246801 0.6779632080233039 0.04473087411421443 0.02792753789033573
1 0.4036944103706454 0.727712918026275 0.0478895148499376 0.024691194651130673
0 0.5026203889641521 0.5354514858807421 0.9947592220716958 0.9290970282385158
1 0.3422236972697 0.6376950829597909 0.1001605186188694 0.0694793793963898