1 0.2913077831829625 0.5060740332541699 0.22279303100266684 0.12768256928818458
1 0.48231916474266634 0.3128888229490436 0.27000278703096303 0.15264553853113266
1 0.6149846713297031 0.7662168459885597 0.25163205511585185 0.2219471231412979
1 0.9333540097293326 0.8966506651353809 0.07046550516711098 0.022444453864422183
1 0.8310736370839255 0.5688252831128066 0.0306206735561481 0.02771428975141911
1 0.8472304324242954 0.8763437984913323 0.11488501722370377 0.07062435387573146
1 0.7054917556250365 0.598190379299275 0.027054587639259275 0.017597887186446618
1 0.5491756113491848 0.5170528344688017 0.044264343667555675 0.04151323334464223
1 0.677000466871703 0.7490633985365687 0.057209756028296394 0.025312176937865728
1 0.7600622555242216 0.757820001078923 0.03069825775066666 0.031047623084752254
1 0.4042518020282217 0.5903914780959522 0.057287340222814766 0.028645510271199062
1 0.4841368192519255 0.520989351152432 0.185660859168889 0.10640214107348697
1 0.8761858328292585 0.7770792446382191 0.03038792097259261 0.017714289751419112
1 0.8804861815631102 0.8785131061749408 0.17876143991866683 0.09616933594354199
1 0.08255749138814812 0.12042326920902104 0.16511498277629624 0.11915346158195793
1 0.308090826141407 0.5004920204293074 0.048528687335111155 0.08162963590961492
1 0.7979300836904438 0.7764813715817394 0.04395400688948144 0.028179900011309086
1 0.5009974464048884 0.5120740049942362 0.064031591084 0.032211648734477384
1 0.37774169726607365 0.513047566564885 0.40101138155970384 0.20051857189839326
1 0.42576887436777755 0.309867666553576 0.15217235744651855 0.09857144875709546
0 0.5 0.5 1 1