0 0.5235470263152228 0.36833333333333335 0.7062392807028878 0.7366666666666667
1 0.5123312899497855 0.13166666666666665 0.06368874660643238 0.06333333333333334
1 0.5116040254819039 0.23 0.02174730102409967 0.03
1 0.34226864876502266 0.3616666666666667 0.04035541327309895 0.06333333333333334
1 0.5214247635943682 0.09 0.13715047281126355 0.18
0 0.15333644383530567 0.8433333333333334 0.30667288767061135 0.31333333333333335
0 0.508357547509948 0.8866666666666667 0.3132018299598629 0.22666666666666666
0 0.8601972550602056 0.34 0.27494602048199 0.6
0 0.7363667881625638 0.835 0.44844373303216134 0.31666666666666665
1 0.7177868860039734 0.41 0.19401128403616363 0.18333333333333332
1 0.43045870655616036 0.6216666666666667 0.08268514797189823 0.10333333333333333
1 0.3681602924497424 0.5466666666666666 0.1262126258634648 0.10666666666666667
1 0.26569749912648644 0.18833333333333332 0.08051668198796458 0.12333333333333334
1 0.2680914302610348 0.09 0.04663379082329906 0.056666666666666664
1 0.5332244888854915 0.48833333333333334 0.08799280273093207 0.08
1 0.5790503808834759 0.56 0.12660091497993145 0.11333333333333333
1 0.12966880090351576 0.95 0.042491003413665 0.1
1 0.13342174394569709 0.8283333333333334 0.0572162244979989 0.06666666666666667
1 0.17554089616457935 0.7633333333333333 0.039967124156632394 0.056666666666666664
1 0.06683726688744943 0.97 0.07016126871486568 0.06
1 0.028741948498949153 0.94 0.057483896997898305 0.07666666666666666
1 0.23253321076294972 0.9866666666666667 0.03488648979919958 0.02666666666666667
1 0.2334381818673809 0.8566666666666667 0.033300457489965726 0.056666666666666664
1 0.4077109173994992 0.955 0.04446532483936541 0.07666666666666666
1 0.8761562056826467 0.81 0.10543604763053167 0.09333333333333334
1 0.7973868247187816 0.9033333333333333 0.06093784694779875 0.07333333333333333
1 0.8211413230119492 0.9533333333333334 0.04585721259036594 0.043333333333333335
1 0.7406544063653797 0.79 0.05388289116466543 0.06666666666666667