0 0.5 0.5 1 1
1 0.5510953450792728 0.7828192814605921 0.07027514618081379 0.10488501722370377
1 0.4564392424803731 0.6515807213792589 0.10074075644070395 0.11891660830770377
1 0.6395873513786133 0.355414171430518 0.031978843604532396 0.057364924417333325
1 0.4328201423785915 0.26181347396281446 0.0558941897627282 0.07457468044562972
1 0.38307942832778813 0.4614657386029627 0.05694181284748064 0.10457468044562973
1 0.3270900065255219 0.4344125444791849 0.05899471796611654 0.06798559797348162
1 0.9543254456074253 0.7683152176320733 0.09134910878514954 0.1322499416410371
1 0.29233867188708423 0.3468162609937775 0.03507937180792074 0.050775841945185224
1 0.9731059091470398 0.639555171228888 0.045544982067810526 0.06434192786207404
1 0.21969313335595145 0.08162369402296278 0.017481484621474124 0.023721254305925945
1 0.19963493207346522 0.08042253252340724 0.013798943593223308 0.01364367011140743
1 0.6750742028137721 0.9417317092218513 0.014031748723168296 0.02031033677807424
1 0.2096349320734652 0.08018977993985167 0.03438095641808578 0.03077584194518522
1 0.3394814987514409 0.12053612178422195 0.08717461797742564 0.11193960486296305
1 0.9676376084153242 0.6596327554234066 0.06472478316935167 0.1082183505570371