1 0.624194924769004 0.4581759687800935 0.0936685445498127 0.07052360468298598
1 0.7533521121647956 0.6958305553021488 0.12401792974503299 0.07736480624398116
1 0.37375819327497867 0.451297092899499 0.21489139273308383 0.09455507759363399
1 0.8756868988380605 0.453378481611003 0.13735126307836631 0.07744237730812738
1 0.5892326621422166 0.681780800837938 0.07279508156176216 0.053740581420100096
1 0.49879593064819117 0.6739710721875907 0.10033521121647955 0.07056239021505897
1 0.4287581932749787 0.45097711225989645 0.10033521121647955 0.07056239021505897
1 0.7545820473374368 0.6874875255857971 0.03806420744754784 0.026879987093068394
1 0.7037417168698772 0.13094691189836777 0.07085928900930999 0.08038785532073035
1 0.41345133001598056 0.25433953474228455 0.1683994186640273 0.0976169122024561
1 0.6461803262470488 0.20963901140337668 0.09735126307836652 0.07720966411568914
0 0.5 0.5 1 1
1 0.11498812844762 0.4444666989339957 0.12313029277824175 0.12401208014461153
1 0.030075474746425065 0.4466278811345937 0.019622266847298276 0.12007757106414602