1 0.3229306987040719 0.40691988383761524 0.23114679999824253 0.25798537475714983
1 0.36001308571754964 0.4788095673137019 0.07864490735853129 0.11377936695217329
1 0.2706531047649176 0.44161929596404925 0.07157095584353954 0.09040724808676676
1 0.342083251953119 0.7420653295828892 0.1360097766223267 0.15410904397479405
1 0.7465962623389976 0.1993633723582165 0.08945947705518147 0.16050421191694947
1 0.7808398761921082 0.2429003297349333 0.04455518787830859 0.07025210595847474
1 0.33828445022169984 0.7687126034835193 0.09829580605996702 0.09389572354839232
1 0.7536082450248063 0.466097913706011 0.0891685593063778 0.1438375452502828
1 0.36006748398788796 0.76217198979609 0.051396405194257394 0.08029089149054774
0 0.4766666666666667 0.5000290891490548 0.9533333333333334 0.9999418217018905
1 0.6621330000043938 0.6455840054060432 0.12320009523683988 0.18403147291064784
1 0.749730603467232 0.5927548839896594 0.11899400865709557 0.13401208014461152
1 0.7445644883164358 0.6977354912236229 0.1469407134184983 0.20750055560623687
1 0.4464845454585397 0.5859901422803362 0.1054861246744802 0.12393450908046551
1 0.4194481212169144 0.7025113632017291 0.18822075151323417 0.28106660213200846
1 0.5114807601791175 0.8730640570337698 0.13635887792089116 0.17410904397479424
1 0.45749432208086643 0.4327052908620942 0.13717344761754136 0.2207757106414607
1 0.16548698961412142 0.5460181202169172 0.05806307186092406 0.08032967702262074
1 0.20315121212520643 0.5845744703596705 0.08215279134114685 0.12379875971820979
1 0.2828396381000084 0.6983829264608985 0.12044859740111377 0.21734541347794487
1 0.10637196363844066 0.30398299099555665 0.07157095584353958 0.09040724808676685
1 0.2502786969708953 0.17647385021877535 0.1287030909082921 0.11740359177605436
1 0.36343747965494644 0.18713320426401697 0.17477105108037952 0.27432236440119573
1 0.5098920683989646 0.10464345625327215 0.2668825298687375 0.20486536185021825
1 0.571064174892665 0.13333555575828104 0.1296340277044637 0.1707369251093877
1 0.7120823870134778 0.07581671859848148 0.09519520692567653 0.10720966411568919
1 0.7241816450239275 0.33758034909533075 0.15044859740111385 0.21751994837227348
1 0.5930386303051073 0.30681433483688825 0.06203642424162543 0.11701573645532391
0 0.8194763480521535 0.03477062044498338 0.15438063722902637 0.06089206723767982
0 0.8930845930769598 0.4969124098795447 0.21045616795995858 0.7911441731961546