1 0.17673231892284677 0.555380928158152 0.15065935404524158 0.11857144875709537
1 0.41832252573784123 0.27366661014679927 0.09040724808676676 0.07314286925425734
1 0.5003651289172723 0.7790316780733341 0.2344193282313783 0.19481484621474104
1 0.41139294551720773 0.6055078806609248 0.11726784241379865 0.10740742310737061
1 0.1581382944604943 0.3144126768813204 0.09368240312199068 0.06325927181922983
1 0.34748752558579704 0.7060528627287354 0.1138569380163193 0.09395768720906479
1 0.622671756863144 0.664782984451838 0.16748116284020037 0.1458201282486247
1 0.9150473707026174 0.2463226279658979 0.08693816539117809 0.049693133355951505
1 0.5589893537411533 0.7269946331863154 0.08717087858361613 0.08969313335595151
0 0.5 0.5 1 1
1 0.5921007814775405 0.47755547548574345 0.18095024553578923 0.169619071841848
1 0.9209965050259329 0.3694231561692862 0.1507175323433512 0.12857144875709556