1 0.3933333333333333 0.45 0.03 0.04
1 0.37333333333333335 0.25166666666666665 0.015 0.03666666666666667
1 0.36 0.685 0.03833333333333333 0.08
1 0.3433333333333333 0.20166666666666666 0.018333333333333333 0.02666666666666667
1 0.4116666666666667 0.8666666666666667 0.03333333333333333 0.04
1 0.44 0.77 0.018333333333333333 0.04
0 0.49333333333333335 0.49666666666666665 0.6733333333333333 0.9933333333333333
1 0.7483333333333333 0.3416666666666667 0.056666666666666664 0.06833333333333333
1 0.6133333333333333 0.33666666666666667 0.09833333333333333 0.11833333333333333
1 0.6933333333333334 0.48333333333333334 0.08 0.07666666666666666
1 0.6283333333333333 0.5133333333333333 0.051666666666666666 0.10666666666666667
1 0.715 0.61 0.06333333333333334 0.10833333333333334
1 0.7966666666666666 0.6133333333333333 0.065 0.09833333333333333
1 0.495 0.8066666666666666 0.03166666666666667 0.12666666666666668
1 0.4866666666666667 0.545 0.055 0.13666666666666666
1 0.21333333333333335 0.30333333333333334 0.045 0.09333333333333334
1 0.25 0.21333333333333335 0.05333333333333334 0.09