1 0.03594986033173146 0.7201745408020362 0.03193980188256774 0.06701574827073917
1 0.5960747057971202 0.33015981803519634 0.09339465329449353 0.11771391147888427
1 0.6112280057000207 0.621904058391657 0.14083724071418716 0.14492359397410817
1 0.47706244180488816 0.3054495517080213 0.13973467954580693 0.22155147379587797
1 0.9094002243687457 0.04723608190108524 0.04734559732556515 0.02387634916189062
1 0.9102224346257686 0.7053560875874854 0.038703458643362866 0.07042665529386644
1 0.08695042125359542 0.8124036167197086 0.06595206587479979 0.09073695005304216
1 0.07230772164952887 0.7672484693401209 0.10543144527118964 0.18783027201357508
1 0.615536250127026 0.4836676921705659 0.17555408519350996 0.42190055539995036
1 0.5477057023308186 0.442891955272627 0.3211181906917962 0.500235056397186
1 0.10224139153598057 0.8225781575217449 0.024594204557002352 0.04360484124761191
1 0.6223968969819493 0.49041193252702653 0.06909141901987634 0.08410907023127227
0 0.5 0.5 1 1