0 0.49833333333333335 0.49666666666666665 0.9966666666666667 0.9933333333333333
1 0.34833333333333333 0.24666666666666667 0.14333333333333334 0.2
1 0.6566666666666666 0.7316666666666667 0.09833333333333333 0.21333333333333335
1 0.3333333333333333 0.4066666666666667 0.021666666666666667 0.03333333333333333
1 0.11333333333333333 0.023333333333333334 0.015 0.03666666666666667
1 0.44 0.41 0.023333333333333334 0.025
1 0.38333333333333336 0.7033333333333334 0.028333333333333332 0.06333333333333334
1 0.42333333333333334 0.6466666666666666 0.023333333333333334 0.025
1 0.27 0.7733333333333333 0.04666666666666667 0.115
1 0.2733333333333333 0.445 0.015 0.025
1 0.48333333333333334 0.30333333333333334 0.025 0.03
1 0.9416666666666667 0.02 0.023333333333333334 0.04
1 0.3466666666666667 0.7166666666666667 0.015 0.03
1 0.27666666666666667 0.75 0.03166666666666667 0.07