0 0.4803941991307754 0.49992242893585387 0.9074550649282175 0.9998448578717077
1 0.6660135619017491 0.43616992870778776 0.020523651947846513 0.03011635659621902
1 0.6793882077878711 0.6294450837430114 0.023856985281180035 0.030135749362255715
1 0.30409729003906755 0.614960103255453 0.027248502164273988 0.03348847546162536
1 0.7077421973975988 0.7259566082813861 0.030523651947846512 0.03017453489432872
1 0.5066291393933003 0.09039532927880088 0.023856985281179844 0.030135749362255618
1 0.3860717454515098 0.4411322543881886 0.020465468398085798 0.02678302326288569
1 0.48612527878220685 0.8255892569391661 0.04472973852759082 0.08025210595847473
1 0.5691761298652226 0.7134280747385682 0.19324140778962867 0.3777526615647116
1 0.6010839662294182 0.6315674804115363 0.01719031861451318 0.030096963830182517
1 0.4032076657956846 0.754397713040394 0.027481236363316838 0.046821808794958696
1 0.5682038805162624 0.46674201530586495 0.23552743722726896 0.31800476752318635
1 0.5819407134184983 0.20330202175933085 0.03403153593046208 0.04019392766036518
1 0.4342802761868357 0.5291940889970107 0.05829580605996701 0.09366301035595408
1 0.5734281792168192 0.5750559558731618 0.01719031861451318 0.030096963830182708
1 0.783876776617933 0.7905202710455643 0.06438063722902636 0.060368462554693754
1 0.7934113082198472 0.7637954260807881 0.03081456969665017 0.04684120156099539
1 0.71815791774441 0.6542220669335915 0.01707395151499175 0.02343029716351604
1 0.32600512640326307 0.5331576872265309 0.06186187359234319 0.10701573645532411
1 0.34195293419640665 0.3963843603466633 0.01701576796523104 0.020096963830182515
1 0.6859675991298967 0.6244062982109384 0.04081456969665017 0.046899379859104896
1 0.570260961034282 0.6800850450222167 0.017015767965231136 0.020096963830182706
1 0.33748037142367554 0.7131092053114395 0.03403153593046208 0.040193927660365225
1 0.4316658017270254 0.6658898448127321 0.023915168830940654 0.03346908269558905
1 0.16228981471706264 0.2257455102799321 0.023856985281179844 0.030135749362255618
1 0.8003651073558951 0.49372755139966035 0.03087275324641079 0.05017453489432872
1 0.7912172043259116 0.4471093666480849 0.01719031861451318 0.030096963830182708
1 0.68831559739672 0.8544159945939568 0.152734626838754 0.1575393411383099
1 0.6487022259686508 0.7813056780700434 0.01707395151499175 0.02343029716351585
1 0.5786655636349257 0.20665474785870064 0.020407284848325085 0.023449689929552448
1 0.8060426536766294 0.4370220992009206 0.01719031861451318 0.030096963830182708
1 0.6660426536766295 0.4378365953744544 0.03403153593046189 0.040193927660365225
1 0.6468036900425825 0.09958083310526712 0.06823762251020621 0.09038785532073035
1 0.6019613696948927 0.29986202821279667 0.04455518787830859 0.07025210595847474
1 0.7272522874436963 0.3158014661530939 0.027423052813556222 0.04348847546162546
1 0.36907198354360954 0.8996110334667958 0.05426427012950493 0.053643617589917765
1 0.27139554025461615 0.7468303939655032 0.14343282943588284 0.19748116284020037
1 0.2112876086535807 0.6455031007044756 0.07835398960972773 0.09711270028550663
1 0.25939664328635714 0.5368788758805945 0.06128003809473597 0.07368240312199077
1 0.20790074198955025 0.2604837079384391 0.03081456969665017 0.04684120156099539
1 0.18280503116642316 0.35063885006673123 0.03408971948022279 0.04352726099369856
1 0.2108474467509529 0.33380734488875413 0.02379880173141913 0.026802416028922284
1 0.3488110225093275 0.21632618204855372 0.07800488831116335 0.07711270028550662
1 0.32841217315948845 0.09809950892842124 0.03110548744545383 0.06350786822766201
1 0.8454852597348389 0.7868281715405555 0.030465468398085706 0.026841201560995388
1 0.7989847082189685 0.8921093666480852 0.04736486926379541 0.040271498724511426
1 0.6038485497826939 0.12149960573040852 0.03753941991307746 0.050213320426401725
1 0.7257395151499174 0.2291347994864272 0.0340897194802227 0.04352726099369856
1 0.6705358727257549 0.21778811345936308 0.10583522597304447 0.1439345090804654
1 0.6754983454523885 0.3111020540266599 0.09180369004258258 0.1038569380163193