1 0.5083333333333333 0.3984982563307412 0.14666666666666667 0.21341370455881492
1 0.7116666666666667 0.7748975588630377 0.08666666666666667 0.20868385572414808
1 0.49333333333333335 0.47814912745540783 0.18666666666666668 0.38101138155970377
1 0.47333333333333333 0.5676836222882967 0.14333333333333334 0.19333612036429637
1 0.9516666666666667 0.4604836208683712 0.06333333333333334 0.08814076636251855
0 0.5 0.5 1 1
1 0.9733333333333334 0.1893212514660749 0.05333333333333334 0.17457468044562963
1 0.895 0.3241646895615563 0.09 0.12209477325200008
1 0.9716666666666667 0.32761579270214897 0.056666666666666664 0.09798559797348153
1 0.6816666666666666 0.03253263444570428 0.12333333333333334 0.02620394853051862
1 0.12166666666666667 0.9544984897665927 0.06333333333333334 0.07480743302918541
1 0.38166666666666665 0.9379488961494448 0.11333333333333333 0.12410220770111058
1 0.4583333333333333 0.9766126590672224 0.06666666666666667 0.04677468186555529
1 0.11166666666666666 0.6475990705163704 0.06666666666666667 0.12821835055703712