1 0.24833333333333332 0.43 0.07333333333333333 0.11
1 0.39666666666666667 0.3383333333333333 0.09 0.18333333333333332
1 0.17 0.8583333333333333 0.03 0.08333333333333333
1 0.7 0.54 0.03833333333333333 0.08
1 0.165 0.43333333333333335 0.03333333333333333 0.045
1 0.2 0.6366666666666667 0.16833333333333333 0.5266666666666666
1 0.405 0.29833333333333334 0.07 0.09666666666666666
1 0.8233333333333334 0.245 0.06 0.055
1 0.16833333333333333 0.295 0.043333333333333335 0.04
1 0.9133333333333333 0.435 0.028333333333333332 0.03
1 0.7166666666666667 0.6733333333333333 0.05 0.045
1 0.39 0.3233333333333333 0.035 0.043333333333333335
1 0.79 0.33 0.023333333333333334 0.035
1 0.6366666666666667 0.355 0.025 0.03
1 0.09666666666666666 0.8966666666666666 0.013333333333333334 0.025
1 0.41833333333333333 0.285 0.043333333333333335 0.07
1 0.6683333333333333 0.4533333333333333 0.02 0.035
1 0.6366666666666667 0.31333333333333335 0.021666666666666667 0.03666666666666667
1 0.18166666666666667 0.6333333333333333 0.04 0.07333333333333333
0 0.5 0.49833333333333335 0.995 0.9966666666666667
1 0.575 0.6716666666666666 0.02666666666666667 0.051666666666666666
1 0.595 0.8716666666666667 0.021666666666666667 0.045
1 0.55 0.5433333333333333 0.03833333333333333 0.05
1 0.5833333333333334 0.43666666666666665 0.015 0.035