1 0.6183333333333333 0.09666666666666666 0.08666666666666667 0.13666666666666666
1 0.18666666666666668 0.13666666666666666 0.06833333333333333 0.1
1 0.38 0.10333333333333333 0.18833333333333332 0.20666666666666667
1 0.30333333333333334 0.6783333333333333 0.02666666666666667 0.043333333333333335
1 0.4033333333333333 0.44333333333333336 0.02666666666666667 0.06333333333333334
1 0.5566666666666666 0.37666666666666665 0.10333333333333333 0.1
1 0.8366666666666667 0.5833333333333334 0.035 0.045
1 0.02666666666666667 0.42833333333333334 0.051666666666666666 0.04666666666666667
1 0.22 0.6566666666666666 0.023333333333333334 0.03666666666666667
1 0.5566666666666666 0.055 0.03 0.035
1 0.675 0.09166666666666666 0.023333333333333334 0.08333333333333333
1 0.245 0.29 0.02666666666666667 0.045
1 0.45 0.31666666666666665 0.06333333333333334 0.08333333333333333
1 0.7133333333333334 0.3566666666666667 0.02666666666666667 0.03333333333333333
1 0.08 0.09666666666666666 0.041666666666666664 0.07
1 0.5333333333333333 0.9416666666666667 0.04833333333333333 0.09666666666666666
1 0.23333333333333334 0.41333333333333333 0.023333333333333334 0.045
1 0.22333333333333333 0.11666666666666667 0.025 0.04666666666666667
1 0.2866666666666667 0.23666666666666666 0.023333333333333334 0.04
1 0.7133333333333334 0.77 0.06166666666666667 0.12
1 0.18333333333333332 0.29333333333333333 0.028333333333333332 0.035
0 0.49833333333333335 0.49833333333333335 0.9966666666666667 0.9966666666666667
1 0.8083333333333333 0.8833333333333333 0.08 0.23166666666666666