1 0.3194537982042195 0.5270139467578239 0.03244481265386469 0.060872910847155404
1 0.4880022092565211 0.37377259336623087 0.032308989728649824 0.05753957751382207
1 0.5612081529008643 0.7404699200134777 0.061420469049181366 0.1183154982668492
1 0.2849659700065612 0.4977107124832067 0.028024895918813682 0.034109254086360466
1 0.5915392769776765 0.3817792862842109 0.04604979183762737 0.06792753789033573
1 0.716409125718035 0.3005134049081537 0.06366721898079694 0.091745821694311
1 0.6648414904124929 0.3422948967354329 0.035778145987197835 0.06096990094128387
1 0.8425041423559771 0.6987140780143906 0.21024895918813682 0.3390557488869081
1 0.8109110588174909 0.6178896622142992 0.05979059394660491 0.0783154982668492
1 0.6996009644605804 0.3782647976767168 0.02802489591881378 0.034109254086360466
1 0.8106450846326347 0.5296533189750943 0.06591396891241269 0.06517614512177261
1 0.5470939120096816 0.23066390020173438 0.0324448126538645 0.0608729108471555
1 0.5620598820162428 0.7205184150605419 0.042444812653864496 0.06116388112954079
1 0.5458233707875128 0.4037547582997468 0.03244481265386469 0.0608729108471555
0 0.54 0.5011638811295406 0.92 0.9976722377409188