1 0.7950050101523881 0.19028687335111177 0.04850947845510594 0.0644195120565926
1 0.3165312018302503 0.3559365843961484 0.04155184150605417 0.05426434366755558
1 0.6140836042581684 0.2177639935137783 0.06223077216495294 0.07806318216800008
1 0.37179151213205536 0.4055888490362966 0.04546711540415781 0.07434192786207404
1 0.2878862585387279 0.7672153300902225 0.0414548514119258 0.05093101033422234
1 0.6819319871208598 0.23602113616807466 0.04850947845510594 0.0644195120565926
1 0.28876417953827144 0.9089983730486669 0.031260871223669065 0.0440315910839998
1 0.6088026542805595 0.5712137031388894 0.031163881129540605 0.04069825775066685
1 0.6600841651800324 0.12710592137585242 0.04184281178843927 0.06426434366755558
1 0.2128427736440518 0.938919395338667 0.031260871223669065 0.0440315910839998
1 0.24650054184967019 0.41267944174185206 0.04155184150605417 0.05426434366755558
0 0.048603663939914596 0.8763965155013334 0.09720732787982919 0.18612636433599997
1 0.01174301708499116 0.8472097560282963 0.02348603416998232 0.10108617872325927
1 0.2442926149035895 0.717834610130889 0.05821850817272083 0.05465226464014828
1 0.30065548637377504 0.8442311256322226 0.044788184745259134 0.05100859452874071
1 0.24154623228741456 0.869540068894815 0.05517614512177261 0.06457468044562953
1 0.4303851557671937 0.45531869787096335 0.055952065874799735 0.0912413471122962
1 0.6467814918272792 0.06842345916718573 0.04193980188256773 0.06759767700088891
1 0.5979147129762397 0.0856318216800005 0.024497214462873937 0.04054308936162963
1 0.24746262802924615 0.6662067355614817 0.03498216493351587 0.057442508611851885
1 0.3107502709248351 0.21070383181259286 0.0723277622590813 0.08162926808488895
1 0.4697318749364871 0.24942787314948187 0.035176145121772605 0.06410917527851856
1 0.26121458171967316 0.5948116135756298 0.051648831600182535 0.057830429584444495
1 0.3149843704765842 0.5810529606879261 0.031260871223669065 0.044031591084000184
1 0.9303466810249059 0.812189079632297 0.03546711540415799 0.07410917527851855
1 0.010812693657529439 0.8356594656534074 0.021625387315058878 0.06410917527851856
1 0.6263422317943816 0.5416016241114819 0.0663400262513134 0.10480743302918541
1 0.9326437833034068 0.7905612050628896 0.02753957751382207 0.0306206735561481
1 0.2820468122814723 0.2800831582564447 0.03155184150605417 0.05403159108399999
1 0.19295258865227619 0.820042972643704 0.03527313521590107 0.06744250861185189
1 0.2779604034139841 0.5351607424509632 0.04184281178843937 0.06426434366755568
1 0.9200456904377444 0.47839024113185263 0.037927537890335546 0.044186759473037115
1 0.4865925217914105 0.24314912745540782 0.024691194651130673 0.0472097560282963
1 0.3699637308007803 0.9828332166154076 0.02440022436874557 0.03433356676918493
1 0.814726864784099 0.08567479432370438 0.0386064685492344 0.0675200928063704
1 0.24007354580900472 0.862834610130889 0.03792753789033573 0.0441867594730373
1 0.6972179472508568 0.05458722208496354 0.031454851411925805 0.050698257750666706
1 0.32041080559538576 0.2226032510628151 0.0414548514119258 0.050931010334222246
0 0.5671181525474087 0.5019008127657038 0.8657636949051825 0.9961983744685925
0 0.08322351832510895 0.35372264782140744 0.1664470366502179 0.23395679392044466
1 0.058391848685173726 0.3432571426542964 0.027636567607950534 0.033954006889481435
1 0.04627089152844523 0.3012801392095556 0.017248607231436994 0.02038792097259261