1 0.8989581874359261 0.24686392796445347 0.11535052239081475 0.08732602071190826
1 0.4906692202617782 0.5327828619262404 0.09845110314059259 0.07722905688172564
1 0.4289193953386668 0.24246288128663773 0.15271544680814828 0.11753934113830988
1 0.7148587667657783 0.7140627844846505 0.10201718905748161 0.08724844964776214
1 0.6087324024297783 0.5934616087375184 0.08488501722370377 0.06715148581757963
1 0.20174703789214826 0.14782053624583946 0.11550569077985197 0.09399268737857493
1 0.9052023215791856 0.4435402910141384 0.09837351894607385 0.07389572354839231
1 0.23361463262251894 0.5146229522747618 0.11535052239081495 0.08732602071190816
1 0.5999709625111116 0.5034228232054454 0.08829593475155567 0.07050421191694947
1 0.4134664318108896 0.8672883463923091 0.09178443647392594 0.07719027134965245
1 0.3716432032397044 0.7887222998665375 0.07155168389037043 0.06707391475343343
1 0.6861804851035563 0.9138688568242853 0.03744250861185189 0.03354665375973506
1 0.7112192772008157 0.9156809692362259 0.10193960486296305 0.08391511631442881
1 0.5293946551141488 0.7646434562532721 0.08837351894607423 0.0738375452502828
1 0.19151846585503735 0.3527332687986751 0.3079108008099261 0.1984314083759898
1 0.31923112563222245 0.3268132236244144 0.091629268084889 0.07052360468298598
1 0.9186838557241482 0.09199967732670906 0.08410917527851855 0.0338181524842463
1 0.4052508682848156 0.9438968347608663 0.0918620206684445 0.08052360468298578
1 0.4693461084085188 0.2610289278124093 0.0648074330291854 0.06370179588802719
1 0.9479516831804078 0.6587633078235583 0.1040966336391845 0.08393450908046551
0 0.5 0.5 1 1
1 0.6595802545075558 0.3437912857601393 0.13845110314059259 0.07746177007416387
1 0.5775658524810374 0.39997313327589296 0.2260487801414816 0.11796598199111334
1 0.4540371651459262 0.31926529731556 0.07426434366755567 0.04042664085280345
1 0.4185356549125189 0.4407089471728068 0.1654281065853334 0.09095024553578923