1 0.38333333333333336 0.255 0.01 0.015
1 0.5533333333333333 0.855 0.015 0.05
1 0.6316666666666667 0.78 0.02 0.04
1 0.225 0.5683333333333334 0.02666666666666667 0.02666666666666667
1 0.33666666666666667 0.2733333333333333 0.021666666666666667 0.016666666666666666
1 0.35 0.5716666666666667 0.03166666666666667 0.04666666666666667
1 0.71 0.14 0.03 0.045
1 0.39 0.6566666666666666 0.03166666666666667 0.043333333333333335
1 0.19333333333333333 0.6433333333333333 0.015 0.03333333333333333
1 0.5416666666666666 0.8533333333333334 0.04 0.056666666666666664
1 0.49333333333333335 0.48833333333333334 0.021666666666666667 0.03666666666666667
1 0.7466666666666667 0.6666666666666666 0.016666666666666666 0.03
1 0.6366666666666667 0.3283333333333333 0.018333333333333333 0.03333333333333333
1 0.16666666666666666 0.66 0.06666666666666667 0.07
1 0.5333333333333333 0.8633333333333333 0.018333333333333333 0.03333333333333333
0 0.5066666666666667 0.49833333333333335 0.8833333333333333 0.9966666666666667
1 0.6033333333333334 0.20666666666666667 0.07833333333333334 0.11166666666666666
1 0.4633333333333333 0.6683333333333333 0.041666666666666664 0.09666666666666666
1 0.69 0.45 0.035 0.105
1 0.7383333333333333 0.39166666666666666 0.04833333333333333 0.06333333333333334
1 0.7166666666666667 0.33666666666666667 0.04833333333333333 0.07
1 0.67 0.365 0.05 0.06833333333333333
1 0.3233333333333333 0.715 0.04833333333333333 0.056666666666666664
1 0.33 0.6533333333333333 0.05333333333333334 0.051666666666666666
1 0.5 0.9583333333333334 0.04833333333333333 0.06