1 0.5333333333333333 0.7966666666666666 0.31333333333333335 0.37666666666666665
1 0.495 0.4666666666666667 0.12 0.18333333333333332
1 0.03833333333333333 0.9266666666666666 0.07666666666666666 0.14
1 0.3 0.8133333333333334 0.09166666666666666 0.15
1 0.4716666666666667 0.8 0.05 0.07
1 0.6366666666666667 0.8933333333333333 0.10666666666666667 0.18333333333333332
1 0.67 0.62 0.10166666666666667 0.145
1 0.26666666666666666 0.2866666666666667 0.09 0.19333333333333333
1 0.6166666666666667 0.465 0.13 0.205
1 0.88 0.97 0.11333333333333333 0.055
1 0.5466666666666666 0.8 0.095 0.19
0 0.5433333333333333 0.57 0.905 0.85