0 0.5 0.48833333333333334 1 0.9766666666666667
1 0.6106762045311518 0.5277882806156885 0.21998865666885384 0.17078309749157294
1 0.7854682535252175 0.7851268818529384 0.429063492949565 0.20191540267806318
1 0.6847395489564466 0.7889099652145444 0.22250705245089875 0.15089950005654523
1 0.6863553191572253 0.541835889570474 0.034148270884621565 0.02116402564972494
1 0.08606389673942506 0.3508306781864247 0.04401244795940684 0.018179900011309088
1 0.5972749597352112 0.5265872242089118 0.07190152095300581 0.04911112053108885
1 0.5975098140215503 0.5733120921580646 0.0824448126538645 0.06279366155933985
1 0.5788425950407533 0.4838359037004409 0.1128522814295089 0.0738412846440921
1 0.5560412100771326 0.66155019345186 0.020543291700858692 0.014031748723168296
1 0.5459846419456714 0.4966665960168324 0.04455573966026577 0.03151323334464242
1 0.5563496474916522 0.6281586588360404 0.013876625034192026 0.013798943593223308
1 0.525362095451059 0.6459311498699457 0.024284093809836236 0.024148151288140792
1 0.6243123036134316 0.5757142049716181 0.027481604217954897 0.020931220519779952
1 0.5646943241561317 0.46430151396033087 0.044284093809836236 0.024846566677975565
1 0.6217995794969596 0.5140475383049513 0.12312392727993825 0.08085715900567644
1 0.6021080169114793 0.48135441907896676 0.06482738551069511 0.03887831540114386
1 0.5919297307566012 0.6002115639546762 0.2730390008206113 0.3290794000678545
1 0.8959096780321653 0.7712855972088462 0.20818064393566943 0.13089950005654524