1 0.41034795857618345 0.2194809982712171 0.05046542638487637 0.08087275324641088
1 0.18911762914533845 0.14835020433030532 0.05052360468298597 0.09087275324641088
1 0.33081338496105983 0.1408774034654745 0.053992687378575016 0.11426427012950494
1 0.7317916084334302 0.25219961905264043 0.053779366952173294 0.07759760346283827
1 0.22471547125504893 0.9043186683998434 0.030310284256584243 0.053856985281180034
1 0.7347348640210855 0.8920832519531189 0.07724844964776215 0.10133822164449688
1 0.1461311431757147 0.6623817402607675 0.05036846255469385 0.06420608657974412
1 0.5000850450222166 0.5495476173194639 0.04032967702262075 0.05736486926379522
1 0.5295625515517044 0.352386390479831 0.037015736455324105 0.06064001904736794
1 0.2721492633926319 0.4851998571447402 0.04715148581757963 0.08414790302998351
1 0.6202293795550167 0.809090584419864 0.05719027134965264 0.0909891203459324
1 0.8125833782035058 0.9740492718670752 0.05013574936225571 0.024206086579744504
1 0.5780424418427856 0.044322886149086284 0.04722905688172564 0.08864577229817257
1 0.5470511883499755 0.7837039558479334 0.05048481915091296 0.08420608657974413
1 0.3339915761661011 0.16748588658238045 0.037015736455324015 0.06064001904736799
1 0.5665275836669895 0.8733548545493689 0.050426640852803455 0.07420608657974412
1 0.2749321253188722 0.009455691775759107 0.043469082695588954 0.018911383551518213
1 0.15178191205041192 0.2639902233776733 0.037015736455324015 0.06064001904736794
0 0.5 0.5 1 1
1 0.5957250063014217 0.4378893861512832 0.1276169122024559 0.165544308224241