0 0.5 0.5 1 1
1 0.3096764806256123 0.6504612753364538 0.1985599372828968 0.17107524007057123
1 0.49868502095491435 0.36884274356502367 0.15698770390440547 0.13944536496799495
1 0.4186331096029611 0.2117629364571397 0.21979695944490849 0.13202600054707428
1 0.702178872907117 0.4273600347188081 0.1483994186640272 0.10250705245089875
1 0.5546812651886219 0.2262621079859443 0.07279508156176216 0.05618561476284204
1 0.19139754078088111 0.024833057176268193 0.2027950815617622 0.049666114352536386
1 0.47459391888981683 0.22785519152443043 0.09770064827358681 0.08713637523934495
1 0.5470938290346727 0.81449073829258 0.2339895817875517 0.21243346932271834
1 0.35271003768931786 0.41988686373707784 0.23276673360428077 0.189100135989385
1 0.5366902300611385 0.26541037887056584 0.07595372229748554 0.052988104354723384
1 0.576959355946924 0.23704592563871538 0.12401792974503299 0.08155629197439594