1 0.7241957319829927 0.2531335607893379 0.19434923595485126 0.22217206331422915
1 0.464634861423631 0.43441469433483937 0.1655873231186797 0.1618617685550536
1 0.08268780893216746 0.16153091270952735 0.14129104880233176 0.3230618254190547
1 0.4506930344461836 0.6428256013579666 0.1117883795254564 0.147907845703369
1 0.5979417139377127 0.6244523135158342 0.2156296641695485 0.2590714510502774
1 0.5554231985591869 0.6016232091661613 0.10488890772884474 0.1411636053469086
1 0.6829735050507816 0.2885990029281013 0.1077566308022881 0.12786905885847205
1 0.3332909216326302 0.6175358676851416 0.1459365308135972 0.17162904748567182
1 0.042153412127074 0.4727515306598791 0.084306824254148 0.14445815183534477
1 0.3445184588586585 0.4391443540844629 0.26172493859898716 0.5294981063441438
1 0.9259788012146318 0.24745362333973916 0.13896299750288185 0.25817935361764766
1 0.3586137191581302 0.2740473869722205 0.08628573850851468 0.1809308842775268
1 0.3463597293727839 0.43412496066201434 0.08857144875709547 0.15096967112242357
1 0.27075654602248694 0.4999782712497472 0.06407408977403728 0.11736482987481167
1 0.7613862101920356 0.23770690549547144 0.11915346158195803 0.16798541939316294
1 0.4809893511524319 0.4908680333545728 0.5622328899097462 0.6429501355399723
1 0.8701639126099902 0.796213611966939 0.14295240517518135 0.18159026064077505
1 0.9205978024066455 0.5923760496499453 0.122021184655401 0.15469087290472658
1 0.10982001520888986 0.6717818595374554 0.08752382567234307 0.12096967112242377
1 0.31825389087557837 0.5710631352429597 0.20919580263282692 0.26566054402715017
1 0.6599205575422451 0.5670874836410225 0.09027514618081378 0.10434179130065407
1 0.5914866818755565 0.6661771604498462 0.11213758722037388 0.15790784570336902
1 0.04140738071747003 0.4727709240823276 0.08281476143494006 0.15445815183534478
1 0.4593914357060516 0.7276898474008273 0.09407408977403729 0.11771391147888419
1 0.31382004346882353 0.4594934356885354 0.15101590262151784 0.22166783433056877
0 0.5 0.5 1 1