1 0.8342380932096302 0.6880942573952984 0.15341370455881512 0.14753934113830988
1 0.3362912873334079 0.6302047352558573 0.11697979047570385 0.15732602071190815
1 0.15408292482059313 0.6774714664571823 0.02767526119540747 0.04348847546162536
1 0.46171800040325983 0.64926529731556 0.11651428530859277 0.13732602071190816
1 0.5062137031388894 0.6278604329903864 0.08186202066844468 0.08046542638487646
1 0.23019535400177782 0.08132840447350147 0.09372404133688898 0.160523604682986
1 0.255660859168889 0.10147385021877536 0.07178443647392593 0.07707391475343355
1 0.2186202066844451 0.8011635659621912 0.024109175278518555 0.03346908269558905
1 0.8269175349514822 0.9438968347608663 0.07938211347481494 0.11220633047826747
1 0.8311818786190379 0.9848174355413638 0.024109175278518555 0.03036512891727246
1 0.2177653870292598 0.692839929011876 0.07100859452874071 0.043740581420100094
1 0.22001114812385233 0.5745356848275975 0.16597119594696305 0.11428357886912256
0 0.5 0.5 1 1
1 0.6560211361680746 0.6920567444123449 0.15310894184266696 0.4208338889395702
1 0.5451261309001486 0.5097695092325095 0.11000278703096304 0.1439539018465018
1 0.4036534247197782 0.5172786500092909 0.16760046403185205 0.18428357886912275
1 0.35492798986740764 0.2853598773841495 0.1744998832820743 0.19432236440119577
1 0.18756724599651892 0.4693611499332688 0.19395679392044463 0.17110538766408145
1 0.16682740911762986 0.2942641861030862 0.1172901272537779 0.1706593540452416
1 0.3458534261397037 0.03867381795144626 0.11170685227940746 0.07397329461253842
1 0.9277930310026666 0.1253814925751337 0.05806318216800037 0.06032967702262079
1 0.7479897785199262 0.2759815571097919 0.12798838500444465 0.20071753234335118
1 0.656675027759556 0.4337621966110845 0.12093379736518538 0.1840120801446115
1 0.6921890796322971 0.9551368605747295 0.10217235744651854 0.08972627885054105
1 0.5007135864209636 0.8211355880256102 0.281787223504889 0.2216095995810309
1 0.31373797649170443 0.8783732300778802 0.17380162553140754 0.16432236440119596
1 0.30245644376666725 0.7516580814961222 0.105660859168889 0.10060117574713198
1 0.8747354228965929 0.3517087858361613 0.06550569077985187 0.09370179588802718
1 0.9398891977701483 0.28709664115689165 0.09356887294785186 0.1538569380163193
1 0.9685314743660743 0.5222711760512203 0.06293705126785122 0.14042664085280346
1 0.9696204401202967 0.4189184499518505 0.034729848834666656 0.06019392766036522
1 0.7828387906773338 0.48448942533745387 0.10209477325200017 0.09058178298109548
1 0.9778720087126669 0.2006626876826632 0.0413965155013337 0.06023271319243823
1 0.8758313562282231 0.8999742444883668 0.07868385572414809 0.08711270028550644
1 0.9027321689939268 0.9791295479533043 0.06775284538992613 0.04174090409339139
1 0.7479995331282969 0.7775803490953308 0.12457746747659276 0.19736480624398117