0 0.7495248048561314 0.7251047040566839 0.4518906018174418 0.49002757187553186
1 0.7511184405878072 0.6551823303042635 0.06294979740802395 0.0661278782461983
1 0.8869220279059211 0.8101731396790862 0.07403656487413816 0.08992696906500915
0 0.4031732384923717 0.6630728827150626 0.479497974080241 0.6542924201798203
1 0.49979419906636563 0.7666710149460416 0.07992696906500896 0.07357080738866065
1 0.2268535922835188 0.6995569720442519 0.07326030239834248 0.07326030239834229
1 0.5477302105366237 0.915776015442582 0.014575353294606732 0.027287676647303367
0 0.12835606286306284 0.7434793952033152 0.2567121257261257 0.5130412095933695
1 0.030205306867206787 0.8921278288395554 0.060410613734413574 0.09357080738866065
1 0.3110865204329003 0.569241871741345 0.054191817369297346 0.09232878742738744
1 0.16626450245778898 0.8221186382143781 0.045817373255879944 0.055351615770402415
1 0.7348261192212724 0.8621595019612486 0.05992696906500896 0.0726392924177056
1 0.36540167014245006 0.36714596305669633 0.09047494811065482 0.15721464571231242
1 0.621693744475771 0.7560042988727321 0.06628313074135747 0.06628313074135747
1 0.20802717662238984 0.5324656586721921 0.014420100799447463 0.023954343313970033
1 0.15347914817010136 0.7395615673568408 0.0589954540940541 0.052639292417705597
1 0.8741366736182337 0.7276160688215486 0.04155252495159175 0.035196363275243246
1 0.8949402609363474 0.8879630892793625 0.05116898902628236 0.09884020159889512
1 0.8743238462682996 0.8307165234121432 0.049616464074690614 0.06550686826556178
1 0.8866115229156027 0.8168398063457528 0.017908686627940065 0.027442929142462543
0 0.08294520209543543 0.4044520209543543 0.16589040419087087 0.7910959580912914
1 0.041817076816023355 0.6732511117731651 0.05341555489350156 0.07566212076072076
1 0.8992097045532242 0.7962964226126957 0.04597262575103893 0.05868494910373575
1 0.1772233422710621 0.979598082824336 0.120931514970955 0.02558908982572954
1 0.7395110189183653 0.9401047040566838 0.03426484830428838 0.02155252495159175