1 0.9429225684702089 0.4484467800930736 0.10469087290472658 0.11847035670924924
1 0.3879190654785026 0.8880470658035934 0.023566054402715034 0.020407284848325085
1 0.645767563250624 0.9252045073638037 0.016821814046254532 0.013624251082136803
1 0.5820874836410224 0.6697015116923516 0.5876774599617917 0.38351545454146013
1 0.5380959416083431 0.5838203229474547 0.023488480712921197 0.013740618181658419
1 0.3217566277954962 0.8458774034654746 0.08054301582855733 0.04806307186092416
1 0.6723054819435642 0.08519142164625416 0.628722369446205 0.17038284329250833
1 0.8224412359007035 0.062295329875767524 0.16120239219180538 0.10612614372184816
1 0.408541990324658 0.5477561480547898 0.047054535115636134 0.0341479030299835
1 0.27257698985784284 0.06287630043373352 0.06151268695098101 0.12575260086746703
1 0.8269734584341358 0.38881653766803237 0.026899387736048462 0.020465468398085798
1 0.5510607999151553 0.6152542554150785 0.04019393422448464 0.017364869263795414
1 0.171198889200099 0.3236120303042286 0.02697696142584225 0.027132135064752465
1 0.4026910150647294 0.33456827359585817 0.45345202919582844 0.30452144588436453
1 0.3663928234245838 0.30354162597655954 0.04038786844896947 0.03403153593046208
0 0.5 0.5 1 1