1 0.22833333333333333 0.29833333333333334 0.03166666666666667 0.04666666666666667
1 0.3566666666666667 0.22833333333333333 0.04 0.06333333333333334
1 0.31833333333333336 0.285 0.03166666666666667 0.035
1 0.235 0.7933333333333333 0.04833333333333333 0.07333333333333333
1 0.7283333333333334 0.7183333333333334 0.056666666666666664 0.08666666666666667
1 0.39666666666666667 0.2633333333333333 0.025 0.04666666666666667
1 0.44333333333333336 0.7683333333333333 0.041666666666666664 0.09666666666666666
1 0.13 0.48 0.051666666666666666 0.11
1 0.4216666666666667 0.2833333333333333 0.021666666666666667 0.025
1 0.565 0.7116666666666667 0.041666666666666664 0.06333333333333334
1 0.7333333333333333 0.805 0.043333333333333335 0.08
1 0.7416666666666667 0.89 0.11166666666666666 0.145
1 0.305 0.49333333333333335 0.028333333333333332 0.04666666666666667
1 0.09833333333333333 0.5633333333333334 0.095 0.08666666666666667
1 0.15 0.25666666666666665 0.02 0.03333333333333333
1 0.39 0.6983333333333334 0.7566666666666667 0.5833333333333334
0 0.49833333333333335 0.54 0.9966666666666667 0.9133333333333333