1 0.33975531922161073 0.6179237361341111 0.14730992719259717 0.13833450099723563
1 0.34059757008818614 0.5895710093783293 0.08537012531002944 0.07096967112242358
1 0.33517894973109247 0.5179431295565596 0.020872910847155406 0.030232721069381796
1 0.36738908222024147 0.1924582939953477 0.111516171373086 0.167907845703369
1 0.23252454705665784 0.5424788550816984 0.26306801287914017 0.22298658705706506
1 0.02534728009115725 0.2981393991088486 0.03440022436874558 0.03705453511563614
1 0.23302232244139578 0.674184308593262 0.020872910847155406 0.030232721069381796
1 0.32726924690724085 0.418001309823905 0.0860490559689282 0.09430300445575711
1 0.41881607826090694 0.6420122452790328 0.3073712471537573 0.2568241493740588
1 0.8661388303676002 0.8885590484193022 0.05507915502764414 0.06062058951835108
1 0.30683279148366316 0.4032340308932867 0.0380245279844641 0.047093321960533105
1 0.322802692424947 0.4363928234245838 0.054788184745259136 0.05062058951835108
1 0.7014961307635336 0.8454596038192528 0.03507915502764433 0.06038786844896947
1 0.22113101560589224 0.6093006691279528 0.11242475235320967 0.08461329921493264
1 0.311039035664152 0.4331952440483897 0.034400224368745666 0.03705453511563614
1 0.3391733786568404 0.5979237361341111 0.47908139871510014 0.4320968249522396
0 0.5 0.5 1 1