1 0.938935314507656 0.6443612107425918 0.07103122090244407 0.15155168389037044
1 0.6259542714178681 0.5250650425551847 0.18364995344391047 0.2441119623094816
1 0.7410791168832568 0.9187835098301476 0.15368562357687873 0.13015795541999978
1 0.2066253873150589 0.7979800239115553 0.09475251461229092 0.1654281065853335
1 0.687158832832765 0.7684745665675549 0.3034203031226855 0.35349407578429654
1 0.5730674138128886 0.8544069704172588 0.07339465329449353 0.11829593475155548
1 0.46591078652319196 0.7020060409336293 0.11533445517706127 0.18589361175244448
1 0.8952753407589694 0.5421140561325177 0.037733557702079 0.03752009280637026
1 0.4564698818690901 0.45406062857288854 0.17766221743614247 0.2672901272537778
1 0.5831365485357568 0.45111242918118466 0.042424752353209666 0.08426434366755567
1 0.6468784819214075 0.03490987416614761 0.04527313521590107 0.06767526119540745
1 0.6733868385327856 0.15421161641548092 0.09730992719259726 0.1388390241131853
1 0.708241353391593 0.15839698237303645 0.1677948776632392 0.15713495886474088
1 0.2552446807783893 0.615304762716148 0.14475251461229088 0.16659186950311133
1 0.9699793603241961 0.3788181213809621 0.010581940564770017 0.020232752583555585
1 0.4557117961825471 0.5373551698089625 0.2666822961900825 0.5791521479222225
1 0.6777714333781154 0.6904127779150364 0.020872910847155406 0.03046550516711098
1 0.4620033273867962 0.43561091894777737 0.10886176869865134 0.1924051100300742
1 0.9034146939040459 0.548586762312888 0.024206244180488737 0.03054308936162973
1 0.8125061129239223 0.46742578642607335 0.21921405894219675 0.3215544709213335
1 0.9478890631480477 0.27940000283985106 0.0906432605259306 0.1386838557241483
1 0.8853723308530979 0.53901347538274 0.020775920753026943 0.027132171833777648
1 0.7539531495741401 0.7052950081077771 0.03469119465113067 0.04744250861185189
1 0.7143896049977179 0.6912260184419994 0.06290970282385161 0.10139651550133331
1 0.5156532808307067 0.1945247402245181 0.06938238930226154 0.09488501722370378
1 0.758904654527076 0.706845298482666 0.15200112184372794 0.18674703789214828
1 0.6867530373897673 0.725180025331481 0.12659532640073035 0.2294596976693333
1 0.8926972885028593 0.9169200956462213 0.056921966816083414 0.12457468044562954
1 0.7829169185193081 0.682968875787703 0.10378261367100701 0.13232752583555565
1 0.47284056810098357 0.292122417225407 0.08281271272972314 0.09852868733511116
1 0.7280930636410807 0.6209544737611845 0.3857737152099586 0.6652009280637039
1 0.6501042057895847 0.782661326040592 0.0563400262513134 0.10457468044562954
1 0.5300535051994523 0.15754773677977732 0.10514047498880454 0.17899419250222232
0 0.5521181525474087 0.4984483161096296 0.8957636949051825 0.9968966322192592