1 0.0993773791498734 0.2655333010660042 0.16727425705962898 0.2509308527697529
1 0.5884152929702974 0.5216688890916144 0.14659532640073034 0.22748116284020037
1 0.45087571545647526 0.49087378568411716 0.20998997969522387 0.3444968992955243
1 0.7873918868295613 0.6594700325714173 0.20235341208727314 0.31112478043011793
1 0.8337497481473587 0.706398501579577 0.07643701634544167 0.10709330751947012
1 0.3769504212535954 0.8137222998665375 0.2029710227850118 0.21781083986282132
1 0.6725373719707538 0.6638009821431575 0.03478818474525913 0.05019392766036523
1 0.6552709296728327 0.7003609885966233 0.024400224368745664 0.03680241602892238
1 0.6230094975272997 0.565196150085313 0.5778818474525913 0.5032773774601715
1 0.6072335767742727 0.5384422159714819 0.0809342308083156 0.14711270028550663
1 0.707828342253139 0.6740046061865409 0.03537012531002953 0.07019392766036503
1 0.05486012407744701 0.9118315051779771 0.05870345864336277 0.07032967702262075
1 0.6585429430450059 0.5837331074620297 0.058994428925747876 0.08032967702262074
1 0.6645435039668699 0.6754191668947328 0.049091419019876334 0.08360483205784457
1 0.8219069363589193 0.6430069899481341 0.03938238930226153 0.09354665375973506
1 0.5789487384880035 0.5399440441268382 0.051842811788439275 0.06362422482388107
1 0.8248829692963192 0.6880166863311524 0.11355296334978202 0.23728723517983516
0 0.4928818474525913 0.5 0.9857636949051826 1