1 0.9383333333333334 0.31833333333333336 0.12 0.23333333333333334
1 0.4533333333333333 0.5166666666666667 0.105 0.20333333333333334
1 0.25333333333333335 0.6266666666666667 0.16333333333333333 0.2833333333333333
1 0.5883333333333334 0.49666666666666665 0.15166666666666667 0.31333333333333335
1 0.635 0.815 0.17 0.19
1 0.20333333333333334 0.6666666666666666 0.058333333333333334 0.095
1 0.3616666666666667 0.6433333333333333 0.023333333333333334 0.05
1 0.4166666666666667 0.5533333333333333 0.49833333333333335 0.43
1 0.325 0.6483333333333333 0.02666666666666667 0.06666666666666667
1 0.435 0.5266666666666666 0.055 0.13
1 0.6233333333333333 0.3883333333333333 0.08666666666666667 0.09666666666666666
1 0.37333333333333335 0.68 0.02 0.03
1 0.38 0.5666666666666667 0.04666666666666667 0.06666666666666667
1 0.9516666666666667 0.9583333333333334 0.09166666666666666 0.07666666666666666
1 0.22 0.605 0.025 0.085
1 0.905 0.6383333333333333 0.185 0.19333333333333333
1 0.21166666666666667 0.6316666666666667 0.08166666666666667 0.25333333333333335
0 0.5683333333333334 0.5466666666666666 0.8616666666666667 0.895