1 0.5997084290579295 0.7997850878925284 0.12366721898079694 0.09628893351396489
1 0.33278145987197966 0.6161590652789377 0.1472721981645596 0.1041784483639026
1 0.35351438105886285 0.34948531162290064 0.10298810435472347 0.07857411126163745
1 0.41094785038158116 0.5753516876215811 0.13244481265386468 0.06681301130679533
1 0.1596999958217049 0.4091784483639026 0.024284093809836236 0.02455618151660436
1 0.17833609490398472 0.45838524468528663 0.034148270884621565 0.021746925976101464
1 0.19805877738798222 0.5342587076733373 0.07870401054488714 0.05401792974503318
1 0.7406280696359153 0.788876189957626 0.027345781292740224 0.018064207447547838
1 0.39111203163466157 0.17017699502397085 0.0374816042179549 0.021921618573711516
1 0.08503388146916853 0.4950731723200643 0.030950760476502904 0.024905566711824652
1 0.4568958492874327 0.15200418030950694 0.020679114626073365 0.017714822252327497
1 0.44923595891459966 0.2497260895512048 0.06829654176924313 0.04349385195220274
1 0.910630979730837 0.26725434765354217 0.017209958367525358 0.014206796321384066
1 0.6460780016412228 0.6724928231554855 0.02761742714316957 0.024730874114214506
1 0.988449305429042 0.6526769051688268 0.023101389141916114 0.04876297783798843
1 0.429303870377207 0.25034460063221065 0.11564232306198316 0.06260621498541127
0 0.5011544948643251 0.5283333333333333 0.99769101027135 0.9433333333333334
1 0.7555319483697125 0.21588515483014248 0.027345781292740224 0.018064207447547838
1 0.21232876629602077 0.27223556882207994 0.013876625034192168 0.01403210372377392
1 0.1195330529979731 0.362169483491386 0.027345781292740175 0.018064207447547744
1 0.5295811878932096 0.1807600711581249 0.024148270884621563 0.021222848183270977
1 0.608321990002187 0.19486534720196313 0.020543291700858692 0.014381488918994118
1 0.044233048819678 0.7590321037237739 0.024284093809836236 0.02455618151660436