1 0.7139054199314107 0.11078461298212854 0.24422540057101325 0.15758073246586624
1 0.4799828296589112 0.5783202476157837 0.21740359177605437 0.13044859740111367
1 0.5058737856841172 0.44545238268053616 0.33108599489804497 0.1924268380929785
1 0.351097913706011 0.7677177558417821 0.3010666021320084 0.18856985281179844
1 0.306359716047504 0.8119322779200123 0.10038785532073036 0.06841217315948844
1 0.19042775206527723 0.36328737056148097 0.20777205433074816 0.19360738008516495
1 0.3437718929941027 0.6542680554089274 0.050174534894328625 0.03087275324641079
1 0.3086846255469384 0.6386571281364397 0.03346908269558895 0.023915168830940654
1 0.43683372760292477 0.609230528135561 0.47982768753061916 0.5516535809491171
1 0.4634228232054454 0.5963626632003134 0.14040724808676677 0.07244370908995051
1 0.3373185467538377 0.6908183549760726 0.07019392766036522 0.034555187878308594
1 0.08187998709306836 0.038092163635804435 0.07709330751947005 0.07467155497783001
1 0.42203735164630823 0.6439687021616377 0.07364361758991758 0.05461337142806921
1 0.3304094705117146 0.6490353212098844 0.08023271319243823 0.04139640519425749
1 0.36963487108272775 0.8030377653654661 0.09021332042640173 0.03823762251020639
1 0.4615913180274684 0.5680002380920998 0.06360483205784476 0.04777215411212031
1 0.32464456746574605 0.803918954110363 0.23060117574713207 0.10734799826682358
0 0.4910483205784458 0.47519055670661287 0.9820966411568915 0.9503811134132257