1 0.44695903743984416 0.33084469653506243 0.17256626148271492 0.1276363049684926
1 0.32613706887137556 0.20517564610680253 0.06170777744675073 0.037015736455324015
1 0.66337928645922 0.7203318994475686 0.044885858284925084 0.033585439291808065
1 0.5900868168727569 0.1483937340563906 0.05473060578976591 0.030310284256584243
1 0.7408357545062345 0.3442179266129426 0.15845666567358574 0.11089206723767982
1 0.9457808577883844 0.09381178973864962 0.04108676746611423 0.023566046525771565
1 0.3667580788520122 0.21874169263257404 0.0412420199612733 0.026899379859104896
1 0.3619817669695737 0.080418055682259 0.02759818163762162 0.020155142128292145
1 0.787648483042883 0.2045282108695269 0.038995454094054104 0.050213320426401725
1 0.48574893763347765 0.19777316554322205 0.051707777446750924 0.03695755815721446
1 0.476214942152169 0.8158834820671355 0.027287676647303367 0.01348847546162555
1 0.4134293408312676 0.29066046525771544 0.2596256546998681 0.20812112411940556
1 0.6413380274592075 0.31864584001486534 0.04093151497095505 0.02023271319243823
1 0.2025299930484332 0.770969638301826 0.027287676647303367 0.013488475461625361
1 0.5065481766722169 0.5727925583092586 0.09992696906500896 0.07056239021505897
1 0.05979009782020455 0.3535854392918081 0.030621009980636653 0.013507868227661958
1 0.3299729221908957 0.7883732300778803 0.020931514970954954 0.02011635659621902
1 0.10078570013418695 0.7687114922710454 0.030776262475795804 0.016841201560995386
1 0.652689840856181 0.8485682689507192 0.027442929142462543 0.016821808794958693
1 0.2933790394260061 0.11001080759549212 0.027598181637621715 0.02015514212829212
1 0.4246667654799522 0.24573803632186156 0.03442010079944746 0.02352726099369856
1 0.28489045359751364 0.10662899234706749 0.04806393912309915 0.030271498724511237
1 0.5184109595809129 0.004682241785345187 0.020155252495159176 0.0034496899295524395
1 0.4052147445255979 0.32893562029293927 0.07961646407469081 0.06377936695217329
1 0.4268219191618258 0.0058156073860076134 0.026977171656985016 0.006821808794958809
1 0.33582656388105725 0.19856715773824543 0.03442010079944756 0.02352726099369851
0 0.5 0.46957558157214435 1 0.9391511631442887