1 0.5866666666666667 0.5433333333333333 0.025 0.06333333333333334
1 0.63 0.49666666666666665 0.03166666666666667 0.075
1 0.275 0.5283333333333333 0.55 0.7866666666666666
1 0.09166666666666666 0.11666666666666667 0.065 0.06333333333333334
1 0.25166666666666665 0.8633333333333333 0.03166666666666667 0.035
1 0.5133333333333333 0.4766666666666667 0.055 0.10666666666666667
1 0.38333333333333336 0.4166666666666667 0.325 0.5566666666666666
1 0.5116666666666667 0.8433333333333334 0.11 0.185
1 0.9616666666666667 0.6533333333333333 0.07166666666666667 0.15
1 0.235 0.7666666666666667 0.04 0.08
1 0.5216666666666666 0.44333333333333336 0.03166666666666667 0.04
1 0.0033333333333333335 0.44333333333333336 0.005 0.10333333333333333
1 0.0033333333333333335 0.4033333333333333 0.005 0.08333333333333333
1 0.0033333333333333335 0.7733333333333333 0.005 0.07666666666666666
0 0.49833333333333335 0.49833333333333335 0.9966666666666667 0.9966666666666667