1 0.455 0.6816666666666666 0.08 0.12666666666666668
1 0.48333333333333334 0.175 0.02 0.025
1 0.5433333333333333 0.125 0.013333333333333334 0.035
1 0.41333333333333333 0.6033333333333334 0.058333333333333334 0.075
1 0.325 0.36666666666666664 0.04 0.043333333333333335
1 0.06 0.165 0.013333333333333334 0.055
1 0.4083333333333333 0.5866666666666667 0.023333333333333334 0.045
1 0.57 0.49666666666666665 0.013333333333333334 0.016666666666666666
1 0.045 0.37 0.03666666666666667 0.08
1 0.31 0.21 0.025 0.03
1 0.4266666666666667 0.36666666666666664 0.08333333333333333 0.1
1 0.4083333333333333 0.35 0.051666666666666666 0.06
1 0.37833333333333335 0.21833333333333332 0.023333333333333334 0.03333333333333333
0 0.305 0.49833333333333335 0.61 0.9966666666666667
1 0.5966666666666667 0.655 0.018333333333333333 0.025
1 0.6033333333333334 0.92 0.018333333333333333 0.02666666666666667
1 0.57 0.36333333333333334 0.018333333333333333 0.035
1 0.21666666666666667 0.035 0.015 0.03
1 0.34833333333333333 0.12833333333333333 0.013333333333333334 0.02666666666666667
1 0.41333333333333333 0.18833333333333332 0.016666666666666666 0.03