1 0.5318037849446849 0.31898803904097295 0.2579178772531174 0.17290901336727113
1 0.06239287477041485 0.44451516443878814 0.09063020060581396 0.15763633778909045
1 0.5329178772531172 0.16389107192873056 0.11512333234025239 0.11127996588159932
1 0.7305298448285049 0.3967190086145014 0.041397272456432384 0.030465442138763402
1 0.5142375234619702 0.1924571263314456 0.17489504891010219 0.17860600891151412
1 0.4596348453250454 0.3448413496287058 0.10085848403596401 0.09112481850201154
1 0.5774659057054058 0.3684838100573126 0.055351615770402415 0.04395392285168451
1 0.06751161179807856 0.4828097109272246 0.07008222156016823 0.07410907023127228
1 0.041461359799459876 0.42474788550816983 0.04814616068326737 0.1038375623169937
1 0.4830000988132855 0.23784499478041507 0.11434706986445652 0.09461329921493264
1 0.36797736928355607 0.48931889488649916 0.7260185788769257 0.7813622102270017
1 0.47715080540249877 0.29127529522599077 0.17280373553804224 0.20523388873328383
0 0.5 0.5 1 1