1 0.27587503933798563 0.3679897785199262 0.22445815183534487 0.10186480769940753
1 0.8028725618501785 0.5518759558232599 0.04038786844896947 0.03426434366755567
1 0.7497137693188815 0.5656346087109637 0.0403490816040725 0.03093101033422234
1 0.4083744555060346 0.2994264796340003 0.1444193649904479 0.0966694536976297
1 0.2638569557394421 0.05112915136696319 0.14077573689793904 0.06992520283644456
1 0.6985513316358751 0.6077653870292598 0.03368241493740584 0.03077584194518522
1 0.915235056397186 0.32788594386748227 0.06391513600678764 0.05147409969585188
1 0.6463587072352953 0.2749737495420746 0.11736482987481167 0.06271544680814828
1 0.5250593479312475 0.16051405187274118 0.0840702833863753 0.06527293819629638
1 0.581167108338615 0.5433832735544448 0.040271507914278575 0.024264343667555675
1 0.6275657700827093 0.951019742652593 0.06073695005304198 0.06472984883466665
1 0.7472701980903735 0.3556346087109636 0.22143511326118717 0.12845389017155573
1 0.9337999431359989 0.4666847823679267 0.1324001137280023 0.15984761864192612
1 0.549459319499247 0.2527238079010375 0.07050422898366036 0.04496260141822234
1 0.6111694436664191 0.8306706137772597 0.03360484124761191 0.024109175278518555
1 0.2075417060046523 0.36639930253229647 0.0839539228516845 0.05527293819629638
1 0.7424881963929154 0.9470297306968155 0.06709332196053311 0.03821835055703711
1 0.22930417211965923 0.2319423918939261 0.023488480712921197 0.013876422694963064
1 0.5045586219392937 0.5465988370805189 0.040271507914278575 0.024264343667555675
1 0.165196269552289 0.3070961667674816 0.0268606008911514 0.01728734022281477
1 0.5007792398896455 0.5081879195526671 0.08399270969658157 0.05860627152962972
1 0.5495221704222009 0.8309019728453338 0.04701574827073917 0.03108617872325927
1 0.9932096114152226 0.5913370470080749 0.013580777169554874 0.03372125430592594
1 0.508049437980019 0.8375602784191112 0.5605065643114646 0.3248794431617777
1 0.6949077035433662 0.5810211361680747 0.020155147379587863 0.013798838500444504
1 0.25089443276043405 0.3690745637277039 0.16740361671970863 0.06721254305925943
1 0.6674652999787605 0.5137337959452598 0.02356605440271494 0.02054308936162973
1 0.5616666666666666 0.3097396034430375 0.8766666666666667 0.6137379764917045
1 0.6800457928283098 0.8789277564315561 0.13410907023127228 0.06977003444740755
1 0.634773117250129 0.7112524952361488 0.026899387736048462 0.020620673556148102
1 0.7013028622957542 0.5578429712237783 0.02682181404625453 0.013954006889481434
1 0.6818482134521158 0.890633215195482 0.19503995450879907 0.15116654994874087
1 0.8354883385529183 0.49098513110177844 0.057054535115636136 0.034652264640148284
1 0.637022754254152 0.8956248541025928 0.2892265984298653 0.2087502917948143
0 0.5 0.5 1 1