1 0.1228313074135742 0.6387693809638652 0.10403656487413822 0.092491003413665
1 0.46386317816183825 0.43091829852414265 0.0718630299419099 0.04407703572289885
1 0.5915389860470396 0.4599624584036739 0.08023747405532732 0.08113199150603198
1 0.19411878643430644 0.1708720952610636 0.08612787824619829 0.06485361395583197
1 0.2501189840608775 0.659480207510063 0.14667585729184396 0.15148740477913103
1 0.11926944361687698 0.09836465392571475 0.07930595908437245 0.06113199150603205
1 0.2311781796514597 0.25281354084339636 0.1365936357316757 0.07776578232933114
1 0.7592742859626795 0.813796035803288 0.22380828144398796 0.16595272961849636
1 0.47653004245507596 0.9170025315161096 0.13132424152144154 0.10737749321286477
1 0.41179918963209633 0.27663068032132665 0.09101373653112318 0.09838109184739854
1 0.07716459134026477 0.5147729795983992 0.06170777744675078 0.040161268714865625
1 0.49086332638176655 0.7965007321988425 0.051707777446750924 0.03957883504016574
1 0.38279019663349007 0.6173430621185108 0.09132424152144153 0.10504775851406521
1 0.3311373159045894 0.8287513877911951 0.14326949302351977 0.22109911566266438
1 0.3294022136155204 0.9699326930622787 0.08093151497095505 0.024659469397598364
1 0.31056660732921415 0.9918435956777232 0.06077626247579587 0.01631280864455372
1 0.04053444014109356 0.4777344617369497 0.03852969660857662 0.042135590140566136
1 0.554237770495184 0.8367590731928248 0.06248403992254661 0.056827935381532295
1 0.3782467634937903 0.48410680106429405 0.03821919161825823 0.03546892347389947
1 0.5097535823527091 0.41696965567274186 0.06504111078008426 0.04035541327309895
1 0.986949846814667 0.4452176888956838 0.02610030637066605 0.038996401365465845
1 0.7211373159045894 0.8514663011044886 0.07915070658921328 0.05779865817269865
1 0.6017537305726374 0.7863379082329907 0.05473060578976591 0.033106312931732496
1 0.3002103962462231 0.8784766088755289 0.06481282734993404 0.10682793538153229
1 0.304854185163232 0.7640590425502288 0.038995454094054104 0.05213559014056614
1 0.7938999406625474 0.9994950901807605 0.04535161577040242 0.001009819638478954
1 0.454954540940541 0.5251417202912095 0.052794544912864956 0.06291216837349907
1 0.6841282240926976 0.9449812292018369 0.1451233323402524 0.11003754159632612
1 0.614954540940541 0.5344606590864068 0.027598181637621715 0.02155315646586625
1 0.8149818657828591 0.3682613606426534 0.11558908982572973 0.12640677042169823
1 0.6767353493222827 0.5048160723595058 0.2644292914246247 0.18161579765062905
1 0.27642484433196446 0.47485205870484576 0.10643838323651664 0.07268514797189823
1 0.1953656487413822 0.8756943886245142 0.09372605988381992 0.08524190307229826
1 0.5467445399474601 0.6401894788052748 0.23202747306224636 0.19967435206829634
1 0.6546304970456706 0.9223892653815898 0.07946121157953162 0.06446532483936532
1 0.5633565569294905 0.9824655689056461 0.12597262575103912 0.0350688621887078
1 0.12550711529877542 0.6605331199096484 0.09201828243706908 0.048575236405631966
1 0.07082681091427107 0.8069414455823328 0.041707777446750784 0.03899640136546604
1 0.8292058503402772 0.9554337147540525 0.17403656487413818 0.08913257049189496
1 0.5001966103084571 0.6757077160442255 0.12372605988381982 0.08698920409639792
1 0.10872171160444505 0.6213261360642655 0.05232878742738743 0.052912168373499074
1 0.0650140329709798 0.8248864897991995 0.05705939321715325 0.0831063129317325
0 0.5 0.5 1 1