1 0.4518221721126355 0.36252825810233735 0.09841248836097748 0.06506608533069397
1 0.622222957403245 0.24292955464951088 0.03077592075302694 0.028238900045157892
1 0.5281621983639487 0.26303816191642704 0.02724860723143706 0.021397540780881078
1 0.48285840316746764 0.3858545044463003 0.1666309965336984 0.12189327061623004
1 0.18486453516358362 0.3585528502935264 0.06773355770207891 0.040160518618869406
1 0.5337976441281714 0.41356223970925743 0.06498216493351587 0.059985826021259264
1 0.511720171866119 0.1970773526295713 0.0474425874196938 0.029112363033208622
1 0.3991064494770406 0.4532412024715186 0.1414548514119258 0.057337089099625774
0 0.5 0.5004367314940253 1 0.9991265370119493
1 0.730724621096643 0.47228978260039395 0.46624303615718493 0.12428227106780923
1 0.7825317627521142 0.2980688123002692 0.13368562357687874 0.133479677973462
1 0.618172218668725 0.6116122731780645 0.10730992719259727 0.14208213719258084
1 0.7460562716643846 0.7485126307836649 0.10672798662782687 0.12208213719258083
1 0.8190451295158804 0.5920938290346728 0.12614604606305646 0.1031302927782417
1 0.8987413343193993 0.7214611439749261 0.12378261367100701 0.1362889335139649
1 0.8049587206483922 0.8467444438394525 0.09760089747498228 0.1515580593997504
1 0.6248438954877797 0.7838903639363667 0.11928539920813307 0.09611424091635475
1 0.4265590572015106 0.7718294877118967 0.24015831005528857 0.13240317443031965
1 0.4912809118332214 0.6700613007676844 0.1011638811295406 0.04524077792830402
1 0.31935393486474967 0.6126439523586239 0.21899442892574797 0.09135501884465896
1 0.19598493139844814 0.4926723003161053 0.2843645542357774 0.16467417819925156
1 0.4048210502689075 0.543677933965544 0.12044928033767367 0.13611424091635474
1 0.7028099081204034 0.399050882555236 0.17300669291798007 0.11224265581145043
1 0.8735908390258186 0.5532222439297683 0.1503522902435452 0.13435314096151274
1 0.7989331089645878 0.07859289009309962 0.08783054779620728 0.044542007537863575
1 0.5950663301135484 0.08626997497221459 0.1320367919766962 0.07681301130679535
1 0.7097090297176148 0.047209523290959246 0.09391527389810372 0.024891392733083842
1 0.7149386800388398 0.15431292145165126 0.1523277622590812 0.08786116689245617
1 0.866217386328993 0.17559476797624585 0.05449721446287412 0.042795081561762156
1 0.9212837164425411 0.23356454213561817 0.0514548514119258 0.052620388964152005
1 0.9270953073285364 0.3206679402963102 0.07358863348275008 0.1270018778831462
1 0.9633126936575294 0.4527642514676319 0.04996432986703212 0.11577902969987539
1 0.9688561594800118 0.7785503681568774 0.023297663200365453 0.11438148891899422
1 0.8271945029657332 0.9251840820133412 0.29827982813388115 0.1496318359733175