0 0.675 0.41 0.65 0.82
1 0.6166666666666667 0.44333333333333336 0.03166666666666667 0.08333333333333333
1 0.4683333333333333 0.6983333333333334 0.013333333333333334 0.023333333333333334
1 0.5183333333333333 0.4033333333333333 0.08833333333333333 0.12
1 0.6233333333333333 0.44166666666666665 0.06833333333333333 0.11333333333333333
1 0.3566666666666667 0.185 0.011666666666666667 0.02
1 0.8066666666666666 0.7983333333333333 0.011666666666666667 0.02666666666666667
1 0.6133333333333333 0.41833333333333333 0.02 0.03333333333333333
1 0.8933333333333333 0.15166666666666667 0.021666666666666667 0.02666666666666667
1 0.43833333333333335 0.5766666666666667 0.12333333333333334 0.18666666666666668
1 0.6633333333333333 0.705 0.085 0.07333333333333333