0 0.5 0.5 1 1
1 0.49458049437376655 0.18888345665728445 0.17858672380877066 0.1192587076733373
1 0.544722167968746 0.4643343621300505 0.37273462683875397 0.17605754500139198
1 0.3120044121269639 0.8228801254342065 0.17835398960972773 0.10592537434000386
1 0.5864179264102931 0.4604840379932571 0.06748123636331683 0.05016051861886941
1 0.23746901558540845 0.13242213297207012 0.04724850216427399 0.035779029699875245
1 0.12035375151762798 0.35502834795748145 0.02029091774880361 0.017714822252327546
1 0.5656577549839813 0.7912701546825027 0.0941479030299835 0.05155805939975058
1 0.7278771653733748 0.7511308970317445 0.10081456969665017 0.05190744459497068
1 0.6983510692699466 0.820949117444764 0.0946133714280692 0.07822472606641724
1 0.816035948057426 0.7565015431950758 0.06403153593046208 0.043319159354592594
1 0.8732722294437916 0.9116904097714269 0.06736486926379523 0.04349385195220293