1 0.3333333333333333 0.25833333333333336 0.075 0.11333333333333333
1 0.44333333333333336 0.5766666666666667 0.24333333333333335 0.4866666666666667
1 0.6 0.43166666666666664 0.04833333333333333 0.06333333333333334
1 0.54 0.6566666666666666 0.05 0.07333333333333333
1 0.31833333333333336 0.285 0.045 0.06
1 0.515 0.655 0.1 0.075
1 0.3516666666666667 0.23833333333333334 0.03333333333333333 0.07333333333333333
1 0.355 0.7933333333333333 0.06166666666666667 0.055
1 0.48833333333333334 0.64 0.04833333333333333 0.045
1 0.475 0.28833333333333333 0.01 0.016666666666666666
1 0.49833333333333335 0.5133333333333333 0.11666666666666667 0.195
1 0.32 0.23666666666666666 0.035 0.045
1 0.355 0.22333333333333333 0.02666666666666667 0.043333333333333335
0 0.49833333333333335 0.49833333333333335 0.9966666666666667 0.9966666666666667