1 0.7086064685492344 0.07488947778481983 0.12566109559241453 0.0814351132611871
1 0.14952787444345406 0.10003995450879909 0.051939801882567735 0.06724846934012092
1 0.7988745936127473 0.3141924822405769 0.22151617137308602 0.16918781158496832
1 0.8194922043104859 0.2211306568215222 0.3437112734050707 0.36054535115636155
1 0.02400224368745584 0.3668218140462544 0.027636567607950534 0.03364362809250887
1 0.6393952142163575 0.2157028338637536 0.07783054779620727 0.04089209743262984
1 0.4766031411624381 0.5187053113515607 0.471056870730636 0.38535258459577887
1 0.8492040386374204 0.6696579243793402 0.061454851411925804 0.05069816320814501
1 0.8749771547811277 0.23843730642898853 0.05449721446287412 0.04062058951835117
1 0.6161410359106684 0.2754119325270265 0.05096990094128387 0.03391513600678754
1 0.6751098150082243 0.12614888258006854 0.0271516171373086 0.016976961425842253
1 0.8941220790004565 0.15202275425415201 0.057733557702079 0.0373260430299148
1 0.13828263274320085 0.6297296597496236 0.040581940564770304 0.020465442138763213
1 0.7470217615195318 0.5934943190324318 0.027345597325565338 0.023643628092509063
1 0.410298785044093 0.30134048147674897 0.0829097028238516 0.1009308842775268
1 0.6763528511654093 0.2261294891576201 0.02744258741969361 0.026976961425842206
1 0.7217536364560189 0.3549476580521652 0.0443032342746172 0.033837562316993704
1 0.6831193125355242 0.6877185821344928 0.054206244180488736 0.03062058951835127
1 0.05169512110417846 0.6887018083598544 0.02135786131779741 0.046899387736048466
1 0.2819019262065312 0.8130059804795137 0.33640134621247353 0.22383989764479792
1 0.23664161590472615 0.8607962979842896 0.08821850817272084 0.05434179130065407
1 0.9498316696399353 0.23431001043916988 0.03410925408636028 0.027054535115636137
1 0.980311609958189 0.8729342451092302 0.039376780083622026 0.07740361671970883
1 0.08457416394744996 0.730736950053042 0.06821850817272083 0.054109070231272274
1 0.9511410359106685 0.6059766771058366 0.09771792817866298 0.11798541939316294
1 0.700561899955218 0.7145791830256443 0.04087291084715541 0.030465442138763402
1 0.7461638811295406 0.04866885983446808 0.027345597325565525 0.02364362809250892
1 0.9139459338786836 0.08894153541264885 0.056049055968928015 0.09395392285168451
1 0.9082391478485247 0.46541426785483075 0.07184281178843928 0.06414785707616943
1 0.049597009166322155 0.5020739285380846 0.07397659385926383 0.13748119040950257
1 0.016281510899472915 0.44503878684489695 0.007345597325565372 0.023410907023127266
1 0.8757302303152827 0.4933597327391946 0.03067893065889848 0.02368241493740584
1 0.506286521051861 0.2791319666454272 0.29572241555357476 0.2000411221727012
0 0.5 0.5 1 1
1 0.8918506265501472 0.7869257871419097 0.21629874689970544 0.15608719932101658
1 0.7136962429479063 0.8796761501378867 0.2949464948005478 0.17337445550603434
1 0.4652965795010247 0.9282569273074417 0.33426756414164893 0.1434861453851166
1 0.22254518673246176 0.9470545351156361 0.259770349678775 0.10589092976872773