1 0.9512924825954046 0.48258188565516086 0.09741503480919088 0.14360847951414732
1 0.9295377402359564 0.2781638984800233 0.14092451952808727 0.14132276926556642
1 0.5406599575301603 0.36523273448011073 0.1418428180522299 0.2078730333672606
1 0.5161915221888226 0.6332962319264474 0.11579146090363072 0.16039154874578648
1 0.9033333333333333 0.17258195630499507 0.19333333333333333 0.34516391260999013
1 0.9593189387951975 0.12682526898283966 0.06129326022089799 0.13852910770622656
1 0.8708078988253146 0.0981850690054578 0.11617975002009719 0.16705821541245308
0 0.6783333333333333 0.4937724627739717 0.6433333333333333 0.9875449255479434
1 0.4575685272691255 0.4583174024518818 0.08168154933736427 0.1458941897627282
1 0.9103554132730991 0.04855020758182679 0.12737749321286476 0.09710041516365359
1 0.7578150960943826 0.03616926529370787 0.12229685885543176 0.07233853058741574