1 0.9216666666666666 0.33 0.13 0.23
1 0.42833333333333334 0.5166666666666667 0.10833333333333334 0.205
1 0.5633333333333334 0.5033333333333333 0.155 0.31666666666666665
1 0.22333333333333333 0.625 0.15333333333333332 0.285
1 0.175 0.665 0.056666666666666664 0.095
1 0.6066666666666667 0.825 0.17 0.19
1 0.335 0.6433333333333333 0.025 0.04666666666666667
1 0.3466666666666667 0.68 0.021666666666666667 0.03
1 0.39166666666666666 0.555 0.49833333333333335 0.425
1 0.4083333333333333 0.53 0.056666666666666664 0.135
1 0.29833333333333334 0.6466666666666666 0.025 0.065
1 0.9283333333333333 0.965 0.09 0.065
1 0.355 0.5666666666666667 0.045 0.07
1 0.34 0.6566666666666666 0.035 0.07666666666666666
1 0.19166666666666668 0.6033333333333334 0.02666666666666667 0.08666666666666667
1 0.43666666666666665 0.535 0.041666666666666664 0.06
1 0.185 0.6483333333333333 0.07833333333333334 0.22333333333333333
0 0.5516666666666666 0.5333333333333333 0.89 0.9233333333333333