1 0.22166666666666668 0.8933333333333333 0.115 0.195
1 0.6733333333333333 0.5533333333333333 0.045 0.056666666666666664
1 0.33166666666666667 0.865 0.025 0.055
1 0.045 0.25 0.011666666666666667 0.05
1 0.6183333333333333 0.9633333333333334 0.02 0.035
1 0.7283333333333334 0.45666666666666667 0.016666666666666666 0.02
1 0.14 0.5966666666666667 0.041666666666666664 0.08666666666666667
1 0.4216666666666667 0.49 0.26166666666666666 0.28
1 0.8966666666666666 0.4533333333333333 0.02 0.015
1 0.41833333333333333 0.6466666666666666 0.04 0.02
1 0.12833333333333333 0.5966666666666667 0.018333333333333333 0.085
1 0.09333333333333334 0.24333333333333335 0.01 0.043333333333333335
1 0.4666666666666667 0.9716666666666667 0.021666666666666667 0.043333333333333335
1 0.12666666666666668 0.6133333333333333 0.011666666666666667 0.055
1 0.865 0.68 0.02 0.025
1 0.39166666666666666 0.2833333333333333 0.011666666666666667 0.025
1 0.665 0.5466666666666666 0.02 0.02666666666666667
1 0.7916666666666666 0.8383333333333334 0.018333333333333333 0.02666666666666667
1 0.6833333333333333 0.5683333333333334 0.02666666666666667 0.02666666666666667
1 0.4716666666666667 0.5133333333333333 0.15333333333333332 0.235
0 0.49833333333333335 0.49833333333333335 0.9966666666666667 0.9966666666666667