1 0.46451166144708167 0.4497760648492247 0.2251563150434898 0.16706858384233064
1 0.5640621097390605 0.9132189445850444 0.06399270969658137 0.05961646407469061
1 0.797515306598791 0.4625841486666419 0.0504654421387634 0.04232878742738744
1 0.8642366505410966 0.8842462200207198 0.05046544213876359 0.04232878742738724
1 0.3747044280076643 0.5805569226376093 0.03031029475917554 0.02806393912309905
1 0.21276391809891473 0.8979314161576694 0.04689938773604837 0.02217353493222845
1 0.3364269396138722 0.863853740503447 0.04031029475917554 0.028529696608576766
1 0.7190644450668647 0.6194882893886359 0.08771391147888417 0.09403656487413817
1 0.8659033172077633 0.8841685937731404 0.07050422898366036 0.04659363573167563
1 0.4659650004668151 0.46803177193497847 0.030232721069381796 0.021397272456432574
1 0.7324776874177963 0.3256891985698251 0.023527267557817973 0.017753434132780795
1 0.3695880674729735 0.590789801380348 0.047209682495223906 0.048840201598894926
1 0.5277491953320748 0.31190389368878024 0.20139632641629002 0.12931514970954974
0 0.4991854762571641 0.5467121257261257 0.9983709525143282 0.9065757485477487
1 0.5503467462762682 0.2308947524702457 0.164419364990448 0.10094070559613234