1 0.6633333333333333 0.5916666666666667 0.07 0.13333333333333333
1 0.605 0.42333333333333334 0.06166666666666667 0.065
1 0.5116666666666667 0.8683333333333333 0.03833333333333333 0.09666666666666666
1 0.9733333333333334 0.8583333333333333 0.05 0.16666666666666666
1 0.6 0.6966666666666667 0.043333333333333335 0.095
1 0.6883333333333334 0.3983333333333333 0.06333333333333334 0.09333333333333334
1 0.39166666666666666 0.13 0.03666666666666667 0.07
1 0.5183333333333333 0.14333333333333334 0.07333333333333333 0.10333333333333333
1 0.47 0.19666666666666666 0.12166666666666667 0.18666666666666668
1 0.9233333333333333 0.25833333333333336 0.056666666666666664 0.06666666666666667
1 0.6766666666666666 0.24333333333333335 0.03833333333333333 0.065
1 0.775 0.21833333333333332 0.051666666666666666 0.07333333333333333
1 0.5616666666666666 0.6 0.04833333333333333 0.065
1 0.8166666666666667 0.6766666666666666 0.08 0.155
1 0.7916666666666666 0.8416666666666667 0.055 0.06666666666666667
1 0.9816666666666667 0.2816666666666667 0.03166666666666667 0.10333333333333333
1 0.6233333333333333 0.3383333333333333 0.03666666666666667 0.056666666666666664
1 0.845 0.36833333333333335 0.15833333333333333 0.19666666666666666
1 0.455 0.035 0.03666666666666667 0.07
1 0.7183333333333334 0.25666666666666665 0.02666666666666667 0.045
1 0.445 0.16666666666666666 0.07 0.125
1 0.48 0.365 0.06166666666666667 0.135
1 0.7916666666666666 0.12333333333333334 0.06833333333333333 0.07
1 0.9533333333333334 0.46166666666666667 0.04666666666666667 0.06333333333333334
1 0.7316666666666667 0.36833333333333335 0.06833333333333333 0.06666666666666667
1 0.6733333333333333 0.115 0.07166666666666667 0.15
1 0.755 0.6966666666666667 0.03666666666666667 0.06666666666666667
1 0.24333333333333335 0.14666666666666667 0.025 0.04666666666666667
1 0.29833333333333334 0.9233333333333333 0.028333333333333332 0.04666666666666667
1 0.6816666666666666 0.14 0.045 0.1
1 0.84 0.5833333333333334 0.018333333333333333 0.025
1 0.9366666666666666 0.6283333333333333 0.03166666666666667 0.04666666666666667
1 0.7483333333333333 0.045 0.056666666666666664 0.09
1 0.925 0.51 0.13833333333333334 0.165
1 0.095 0.7266666666666667 0.065 0.10333333333333333
1 0.7216666666666667 0.315 0.03166666666666667 0.045
1 0.13666666666666666 0.6633333333333333 0.03 0.05333333333333334
1 0.5333333333333333 0.36666666666666664 0.013333333333333334 0.02
1 0.8533333333333334 0.23333333333333334 0.055 0.08333333333333333
1 0.3466666666666667 0.05333333333333334 0.02 0.05
1 0.055 0.14 0.09333333333333334 0.115
1 0.445 0.9716666666666667 0.02666666666666667 0.043333333333333335
1 0.5383333333333333 0.475 0.04 0.055
1 0.8933333333333333 0.695 0.025 0.05
1 0.91 0.37333333333333335 0.028333333333333332 0.07333333333333333
1 0.28833333333333333 0.09333333333333334 0.016666666666666666 0.07
1 0.42833333333333334 0.75 0.04666666666666667 0.11
1 0.6783333333333333 0.5516666666666666 0.03 0.04666666666666667
1 0.03833333333333333 0.15166666666666667 0.056666666666666664 0.08666666666666667
1 0.6416666666666667 0.57 0.023333333333333334 0.03
1 0.08166666666666667 0.12666666666666668 0.04 0.08333333333333333
1 0.395 0.31666666666666665 0.06333333333333334 0.065
1 0.5283333333333333 0.5583333333333333 0.06 0.10333333333333333
1 0.36333333333333334 0.845 0.02666666666666667 0.06
1 0.8516666666666667 0.043333333333333335 0.055 0.085
1 0.975 0.71 0.04666666666666667 0.11
1 0.41 0.30666666666666664 0.035 0.045
1 0.21 0.06833333333333333 0.025 0.07666666666666666
0 0.49833333333333335 0.49833333333333335 0.995 0.9966666666666667