1 0.8932887081689258 0.7304918415446247 0.0746908729047262 0.11751997725439954
1 0.8762582371313465 0.18855366696367937 0.06724846934012096 0.05077573689793894
1 0.6573772173138474 0.8060907023127232 0.16244357122850792 0.21186176855505362
1 0.7504196493104536 0.8321767339698377 0.35042899062167066 0.3273671652026161
1 0.6179066780394669 0.04386162639505068 0.030426655293866435 0.03701574827073921
1 0.7558086854233252 0.655548854148068 0.0375587640992965 0.0770933219605331
1 0.466120147846403 0.482155005219585 0.3685307705495245 0.45089443276043406
1 0.3120281357097749 0.832076263865889 0.044031496541478435 0.06050422898366037
1 0.7298378466369995 0.881944012900456 0.037209682495223814 0.047093321960533105
1 0.6994135266709373 0.6315561444514866 0.0305818026734543 0.050349081604072504
1 0.738197579376194 0.02025795281134084 0.01693817458094524 0.02352726755781808
1 0.8420099099512286 0.6965573121153886 0.016976961425842395 0.026860600891151307
1 0.8128802786336057 0.9079136840228798 0.030659376363248232 0.05701574827073917
1 0.36335155909187966 0.14591382618288257 0.020426655293866437 0.03689938773604837
1 0.3881335607893379 0.7379489678760702 0.023643628092508872 0.02693817458094524
1 0.6767795242096512 0.42793190978142603 0.09755876409929651 0.0777914851686781
1 0.7453820301294588 0.6920991602800438 0.023643628092508872 0.02693817458094524
1 0.6216220415022591 0.7273307136855234 0.033837562316993704 0.04372120178230281
1 0.29888990426482837 0.6719017230638527 0.027248469340120967 0.05031029475917573
1 0.3044763775938911 0.04854899630807082 0.057209682495224 0.04732604302991479
1 0.1818194787184502 0.275486003225114 0.21372353711010708 0.3224435712285077
1 0.13902916121367415 0.228315107574787 0.050969671122423725 0.08391513600678754
1 0.733965142626818 0.9570021931678013 0.02375998862719977 0.03693817458094524
1 0.11208514831321817 0.967170895650327 0.07410907023127228 0.06565820869934592
1 0.26412729598981866 0.07808355416930744 0.05775269832378124 0.09399270969658145
1 0.37237604964994525 0.943567222066617 0.11469087290472657 0.11286555586676589
1 0.2736959700403437 0.6882774883937922 0.02375998862719977 0.03693817458094524
1 0.9178232660301622 0.7707827428813518 0.023643628092509063 0.02693817458094524
1 0.8726087707193271 0.9319451805643582 0.09069816320814501 0.061047244812217516
1 0.507899672056054 0.9026980210481421 0.06410907023127227 0.06740361671970883
1 0.4844375907489943 0.0539768192658394 0.13779148516867812 0.09825692730744157
1 0.5430424319966062 0.031322255718202664 0.023604841247611905 0.023604841247611977
1 0.4833069339274721 0.8674071197114152 0.02368241493740584 0.030271507914278573
1 0.695674099130088 0.5231646308508078 0.1899247616380103 0.28217206331422917
0 0.5 0.5 1 1
1 0.19807421285809038 0.8824617969870542 0.1460871993210167 0.23507640602589164
1 0.11365718319544674 0.6897490531720719 0.1632968818162407 0.2851951018883869
1 0.06835155909187966 0.4458145237428359 0.13670311818375933 0.32496238081900514
1 0.05131758506259412 0.1956011960959027 0.10263517012518825 0.2712023921918054