1 0.9387629778379885 0.2391008965839574 0.12247404432402315 0.341473900106084
1 0.696574535804852 0.4038123305750346 0.10436731494025347 0.08449693868024175
1 0.09396832081944063 0.29742184247825504 0.17780447097749327 0.40515631504349
1 0.5371717859177467 0.480712885974985 0.08471670013547358 0.09093088427752681
1 0.7252595567597663 0.7920486967961254 0.48762977837988314 0.4054301582855728
1 0.6531632455884446 0.7528632205389614 0.2629130782444095 0.3128702265223742
1 0.5070773526295713 0.511081361001506 0.5173275199736065 0.9720968249522396
1 0.2059537222974854 0.04937941048164882 0.19857411126163746 0.09875882096329763
1 0.5865438854210098 0.14993714907704606 0.06682718528553608 0.06740361671970874
1 0.6554673818778675 0.2558668656906707 0.09243152238780113 0.11100845796732065
1 0.8605051192510801 0.47695056201998093 0.05103398160691995 0.08387634916189048
1 0.1652926892802574 0.26 0.3305853785605148 0.52
1 0.34232521754724576 0.5813734300021353 0.021397540780881078 0.026899387736048462
1 0.9174148662724114 0.9582487536601267 0.07665249268792573 0.06418664392106621
1 0.6273441760889961 0.10109958676005237 0.028238900045157986 0.030310294759175585
1 0.6553210372377388 0.12578929200087677 0.03157223337849132 0.030349081604072504
1 0.6500683877570547 0.4710607999151554 0.07717657048075637 0.0741866439210662
1 0.7190250167344034 0.03666082834715599 0.07174692597610147 0.03414785707616926
1 0.2975659954755499 0.6819552326755894 0.04647780009031578 0.06050422898366037
0 0.5 0.5 1 1