0 0.5 0.5 1 1
1 0.31666666666666665 0.4266666666666667 0.3 0.37
1 0.06666666666666667 0.8183333333333334 0.03666666666666667 0.07333333333333333
1 0.42833333333333334 0.12 0.02 0.035
1 0.7016666666666667 0.34 0.04 0.045
1 0.36 0.46166666666666667 0.05333333333333334 0.07333333333333333
1 0.78 0.26666666666666666 0.03833333333333333 0.06333333333333334
1 0.6716666666666666 0.13833333333333334 0.04666666666666667 0.043333333333333335
1 0.06 0.8333333333333334 0.018333333333333333 0.043333333333333335
1 0.3433333333333333 0.26 0.013333333333333334 0.025
1 0.03166666666666667 0.9266666666666666 0.06333333333333334 0.14
1 0.4166666666666667 0.32166666666666666 0.04666666666666667 0.08333333333333333
1 0.24 0.5033333333333333 0.051666666666666666 0.095
1 0.27666666666666667 0.4533333333333333 0.045 0.07
1 0.77 0.6366666666666667 0.285 0.15333333333333332
1 0.75 0.755 0.185 0.09
1 0.365 0.37333333333333335 0.04666666666666667 0.08
1 0.3016666666666667 0.45166666666666666 0.18333333333333332 0.24333333333333335