1 0.43227020401600885 0.5063472397389077 0.15226398301206415 0.16168154933736426
1 0.41159069806219234 0.5191787737549741 0.028219823132532913 0.028219823132532913
1 0.5492132048493278 0.6374001521384931 0.01802567857429949 0.02430405612449969
1 0.29905038088347596 0.5406826164557889 0.028413967690766147 0.03155315646586625
1 0.5089008843373355 0.10324092680717524 0.02155315646586625 0.027831534016066327
1 0.4967550772790304 0.7965906980621924 0.01802567857429949 0.02430405612449969
1 0.4703405306024013 0.052334400451757884 0.01116486734939978 0.02058243367469983
1 0.4229856963151653 0.8939039948393078 0.017637389457833025 0.017637389457833025
1 0.534114577319225 0.46885623632524265 0.11970722791166395 0.1730734370883647
1 0.5163801155822753 0.4881602924497424 0.01802567857429949 0.02430405612449969
0 0.38166666666666665 0.5 0.7633333333333333 1