1 0.04833333333333333 0.5866666666666667 0.08 0.13666666666666666
1 0.37666666666666665 0.5133333333333333 0.13333333333333333 0.20666666666666667
1 0.19833333333333333 0.8966666666666666 0.11833333333333333 0.17333333333333334
1 0.72 0.8166666666666667 0.06 0.145
1 0.28 0.73 0.22833333333333333 0.295
1 0.37 0.8233333333333334 0.04833333333333333 0.10333333333333333
1 0.495 0.6966666666666667 0.07833333333333334 0.16333333333333333
1 0.125 0.49666666666666665 0.03333333333333333 0.03333333333333333
1 0.5466666666666666 0.47 0.125 0.23
1 0.43 0.45 0.02666666666666667 0.075
1 0.44333333333333336 0.05333333333333334 0.03 0.07333333333333333
1 0.39666666666666667 0.16666666666666666 0.06666666666666667 0.12
1 0.04 0.205 0.051666666666666666 0.03
1 0.36333333333333334 0.16666666666666666 0.13333333333333333 0.12333333333333334
1 0.7066666666666667 0.6433333333333333 0.11333333333333333 0.135
1 0.085 0.33666666666666667 0.008333333333333333 0.016666666666666666
1 0.5333333333333333 0.5466666666666666 0.155 0.5166666666666667
1 0.3016666666666667 0.66 0.015 0.025
1 0.545 0.4533333333333333 0.07166666666666667 0.17
1 0.11666666666666667 0.5 0.016666666666666666 0.025
1 0.215 0.43666666666666665 0.15333333333333332 0.2733333333333333
1 0.10333333333333333 0.245 0.10166666666666667 0.11
1 0.135 0.49333333333333335 0.015 0.023333333333333334
1 0.22666666666666666 0.665 0.023333333333333334 0.04
1 0.26666666666666666 0.655 0.041666666666666664 0.085
1 0.5383333333333333 0.22333333333333333 0.05 0.08333333333333333
1 0.22333333333333333 0.6633333333333333 0.115 0.15666666666666668
1 0.2866666666666667 0.6916666666666667 0.08166666666666667 0.20333333333333334
1 0.04 0.8433333333333334 0.07833333333333334 0.115
1 0.205 0.64 0.07833333333333334 0.11
1 0.56 0.31833333333333336 0.06166666666666667 0.08333333333333333
1 0.26666666666666666 0.5883333333333334 0.25666666666666665 0.5766666666666667
1 0.31 0.7466666666666667 0.035 0.09333333333333334
1 0.53 0.18666666666666668 0.06666666666666667 0.155
0 0.39166666666666666 0.49666666666666665 0.7833333333333333 0.9933333333333333