1 0.7583333333333333 0.395 0.07666666666666666 0.11
1 0.625 0.6766666666666666 0.08166666666666667 0.135
1 0.355 0.6816666666666666 0.06166666666666667 0.09333333333333334
1 0.57 0.6033333333333334 0.043333333333333335 0.125
1 0.45166666666666666 0.8666666666666667 0.02 0.02
1 0.49833333333333335 0.8433333333333334 0.016666666666666666 0.03
1 0.57 0.8166666666666667 0.04 0.075
1 0.72 0.25666666666666665 0.015 0.025
1 0.17 0.6633333333333333 0.016666666666666666 0.035
1 0.5516666666666666 0.9316666666666666 0.02 0.02666666666666667
1 0.13833333333333334 0.6 0.013333333333333334 0.02
1 0.23833333333333334 0.5966666666666667 0.03 0.06333333333333334
1 0.16666666666666666 0.14166666666666666 0.01 0.016666666666666666
1 0.6216666666666667 0.3616666666666667 0.02 0.023333333333333334
1 0.535 0.016666666666666666 0.043333333333333335 0.03333333333333333
1 0.24166666666666667 0.6166666666666667 0.043333333333333335 0.11
0 0.5083333333333333 0.49833333333333335 0.7716666666666666 0.9966666666666667
1 0.145 0.29833333333333334 0.015 0.02666666666666667
1 0.305 0.8283333333333334 0.01 0.015
1 0.41333333333333333 0.9116666666666666 0.015 0.02666666666666667
1 0.15333333333333332 0.525 0.016666666666666666 0.018333333333333333
1 0.15333333333333332 0.44666666666666666 0.01 0.018333333333333333
1 0.8233333333333334 0.9466666666666667 0.02 0.02