1 0.8134703567092493 0.15060753326313653 0.1333164623363613 0.19757163777109782
1 0.32262204501865505 0.4550133274197115 0.05104730389569302 0.06291216837349907
1 0.6953697575749588 0.1570487347791885 0.031047303895693025 0.061747301024099484
1 0.9903398008604369 0.8402176888956838 0.017597603462838077 0.05430405612449969
1 0.3901745506492822 0.03271491331329353 0.020349101298564373 0.021164867349399662
1 0.26270088484481013 0.5514216530923958 0.02034910129856428 0.02116486734939978
1 0.8954899099539027 0.4617395247691686 0.05162913939330034 0.09624550170683259
1 0.592293599996485 0.5473086310241569 0.29541107012774737 0.3268905765662953
1 0.08267179306992975 0.5392711802811321 0.02029091774880361 0.017831534016066446
1 0.596021997400235 0.3793635868072902 0.043682434631897804 0.022523879257032604
1 0.9071274848456888 0.4607523640563184 0.024962472726633676 0.09469234524096634
1 0.9370937428517447 0.8421113759639514 0.010814569696650173 0.047249100341366555
1 0.5518703090908292 0.04379759105427418 0.023682434631897613 0.02135901190763294
1 0.9085323255384323 0.44584943633543506 0.017713970562359693 0.06097072279116636
1 0.12012015237894384 0.3000313205923814 0.020465468398085798 0.027831534016066257
1 0.619525231163787 0.7720009762651233 0.013798801731419038 0.0274432448995996
1 0.33273841211817645 0.46226242776107784 0.020523651947846513 0.03116486734939978
1 0.20224006666578792 0.13998200682733 0.020523651947846513 0.031164867349399685
1 0.313997793936518 0.43786129935746154 0.027190318614513178 0.03155315646586625
1 0.5368572233732796 0.519105245813308 0.18120498354800324 0.27028966158636386
0 0.5 0.5 1 1