1 0.3466666666666667 0.13 0.075 0.09
1 0.59 0.45166666666666666 0.035 0.06333333333333334
1 0.5783333333333334 0.5733333333333334 0.06833333333333333 0.07333333333333333
1 0.8066666666666666 0.18666666666666668 0.05 0.07666666666666666
1 0.3433333333333333 0.25333333333333335 0.13 0.125
1 0.8683333333333333 0.11333333333333333 0.05 0.07333333333333333
1 0.7333333333333333 0.225 0.058333333333333334 0.125
1 0.25833333333333336 0.7433333333333333 0.135 0.2
1 0.12333333333333334 0.47333333333333333 0.08833333333333333 0.115
1 0.7316666666666667 0.39666666666666667 0.08333333333333333 0.075
1 0.46 0.08333333333333333 0.03 0.055
1 0.24 0.48333333333333334 0.03166666666666667 0.043333333333333335
1 0.4 0.37666666666666665 0.08833333333333333 0.075
1 0.19 0.3333333333333333 0.2 0.115
1 0.05333333333333334 0.3333333333333333 0.013333333333333334 0.07666666666666666
1 0.285 0.016666666666666666 0.035 0.03333333333333333
1 0.016666666666666666 0.31666666666666665 0.03333333333333333 0.056666666666666664
1 0.49333333333333335 0.03333333333333333 0.035 0.065
1 0.21 0.5466666666666666 0.04833333333333333 0.055
1 0.5283333333333333 0.37166666666666665 0.028333333333333332 0.03333333333333333
1 0.06666666666666667 0.955 0.03833333333333333 0.07
1 0.6083333333333333 0.49333333333333335 0.03166666666666667 0.056666666666666664
1 0.6416666666666667 0.96 0.03166666666666667 0.035
1 0.215 0.7066666666666667 0.04666666666666667 0.07333333333333333
1 0.2633333333333333 0.5916666666666667 0.02666666666666667 0.04666666666666667
1 0.13833333333333334 0.305 0.09666666666666666 0.05
1 0.25 0.30666666666666664 0.045 0.03
1 0.016666666666666666 0.7566666666666667 0.018333333333333333 0.03
1 0.056666666666666664 0.78 0.04 0.04
1 0.49833333333333335 0.445 0.055 0.045
1 0.11833333333333333 0.6733333333333333 0.09666666666666666 0.13
1 0.51 0.5983333333333334 0.016666666666666666 0.02666666666666667
1 0.6933333333333334 0.785 0.10666666666666667 0.1
1 0.545 0.6566666666666666 0.14333333333333334 0.23666666666666666
1 0.525 0.2733333333333333 0.058333333333333334 0.095
1 0.12666666666666668 0.20333333333333334 0.07 0.08333333333333333
1 0.3983333333333333 0.5366666666666666 0.16666666666666666 0.20333333333333334
1 0.13833333333333334 0.6433333333333333 0.05333333333333334 0.07333333333333333
1 0.056666666666666664 0.56 0.04833333333333333 0.115
1 0.325 0.13333333333333333 0.03333333333333333 0.085
1 0.17833333333333334 0.08333333333333333 0.03 0.035
1 0.125 0.8133333333333334 0.07333333333333333 0.16
1 0.35833333333333334 0.49166666666666664 0.07166666666666667 0.11333333333333333
1 0.3616666666666667 0.115 0.043333333333333335 0.045
1 0.013333333333333334 0.13666666666666666 0.02666666666666667 0.045
1 0.16 0.05 0.07333333333333333 0.1
1 0.07166666666666667 0.9433333333333334 0.02666666666666667 0.045
1 0.01 0.9766666666666667 0.018333333333333333 0.04
0 0.49666666666666665 0.49666666666666665 0.9933333333333333 0.9933333333333333