1 0.4500896487251658 0.4083779813454262 0.2597827854661676 0.2012275085341625
1 0.3177336010837897 0.7363081428915954 0.11454200753786362 0.0930734370883647
1 0.9658167670730878 0.6420949380422676 0.06836646585382444 0.09896352552209843
1 0.4422568297901911 0.1320996037952261 0.031222848183271024 0.025080634357432813
1 0.4270725680665617 0.952035407359477 0.10700187788314622 0.07601848130523156
1 0.9508380280411988 0.47651250436756776 0.09832394391760242 0.150128392871498
1 0.5473983898673102 0.6798982619679248 0.1587488038592475 0.11226398301206397
1 0.9424173484090606 0.5443604763053179 0.11516530318187886 0.2944324489959979
1 0.5117727917969339 0.7293322662149088 0.28767230031610536 0.226113998333362
0 0.5 0.5 1 1
1 0.5023487809417175 0.8982644711446259 0.20557598914478376 0.18145452893576325