0 0.44166666666666665 0.5 0.7166666666666667 1
1 0.4533333333333333 0.7566666666666667 0.6783333333333333 0.485
1 0.7083333333333334 0.6666666666666666 0.03333333333333333 0.06333333333333334
1 0.67 0.7233333333333334 0.05 0.06666666666666667
1 0.4066666666666667 0.425 0.025 0.075
1 0.6116666666666667 0.5383333333333333 0.03833333333333333 0.023333333333333334
1 0.3 0.2966666666666667 0.12166666666666667 0.23666666666666666
1 0.22333333333333333 0.38 0.07166666666666667 0.08
1 0.3616666666666667 0.37166666666666665 0.023333333333333334 0.05333333333333334
1 0.475 0.4483333333333333 0.14 0.13666666666666666
1 0.5866666666666667 0.64 0.04 0.045
1 0.68 0.7066666666666667 0.02666666666666667 0.035
1 0.5016666666666667 0.28833333333333333 0.08666666666666667 0.16333333333333333
1 0.66 0.4866666666666667 0.03666666666666667 0.056666666666666664
1 0.43 0.04666666666666667 0.04 0.09333333333333334