1 0.18666666666666668 0.5933333333333334 0.14 0.16666666666666666
1 0.66 0.6966666666666667 0.17333333333333334 0.22666666666666666
1 0.9533333333333334 0.12 0.06333333333333334 0.08
1 0.7433333333333333 0.27666666666666667 0.14833333333333334 0.24333333333333335
1 0.05333333333333334 0.13666666666666666 0.05 0.03666666666666667
1 0.395 0.15166666666666667 0.175 0.22666666666666666
1 0.3283333333333333 0.5266666666666666 0.05 0.03666666666666667
1 0.17666666666666667 0.041666666666666664 0.03166666666666667 0.07333333333333333
1 0.485 0.49666666666666665 0.16333333333333333 0.4
1 0.8466666666666667 0.8316666666666667 0.13666666666666666 0.25666666666666665
1 0.13333333333333333 0.3233333333333333 0.041666666666666664 0.05
1 0.9133333333333333 0.5883333333333334 0.09333333333333334 0.21666666666666667
1 0.4033333333333333 0.14333333333333334 0.07333333333333333 0.15
1 0.33166666666666667 0.29333333333333333 0.01 0.016666666666666666
1 0.31666666666666665 0.5266666666666666 0.025 0.03666666666666667
1 0.3433333333333333 0.5266666666666666 0.021666666666666667 0.02666666666666667
1 0.39166666666666666 0.7416666666666667 0.085 0.14333333333333334
1 0.49666666666666665 0.8083333333333333 0.07666666666666666 0.13333333333333333
1 0.8266666666666667 0.23666666666666666 0.315 0.3233333333333333
1 0.455 0.36333333333333334 0.10166666666666667 0.13
1 0.44333333333333336 0.8166666666666667 0.18833333333333332 0.29333333333333333
1 0.008333333333333333 0.6533333333333333 0.015 0.055
0 0.49666666666666665 0.49666666666666665 0.9933333333333333 0.9933333333333333