1 0.5379396265648531 0.75 0.10821814046254455 0.13333333333333333
1 0.7959262136219182 0.49333333333333335 0.09484602028431444 0.13
1 0.3860243483980627 0.3416666666666667 0.10817935361764767 0.13
1 0.34425837929134945 0.6366666666666667 0.020310294759175538 0.02666666666666667
1 0.56443525542119 0.335 0.10856722206661705 0.16333333333333333
1 0.6461007544239544 0.47833333333333333 0.11193934224484754 0.16666666666666666
1 0.42055657093149507 0.6683333333333333 0.03717089565032704 0.043333333333333335
1 0.7203432432845619 0.6866666666666666 0.13263750545299255 0.22666666666666666
1 0.35557362902613926 0.9533333333333334 0.09441936499044791 0.09333333333333334
1 0.8270339740292856 0.11166666666666666 0.016976961425842204 0.02666666666666667
1 0.67098789688097 0.058333333333333334 0.15135753957139325 0.11666666666666667
1 0.28658442232126424 0.58 0.027054535115636137 0.03333333333333333
1 0.3952086569913247 0.555 0.026938174580945332 0.023333333333333334
1 0.9407152213027894 0.225 0.024109070231272275 0.06666666666666667
1 0.3719517296838831 0.6916666666666667 0.023643628092508966 0.02666666666666667
1 0.5411759927859441 0.7583333333333333 0.02713210880543007 0.04
1 0.9744693716104784 0.905 0.03166783433056897 0.14333333333333334
1 0.5213334754933362 0.4583333333333333 0.020232721069381798 0.02
1 0.734372404498236 0.9133333333333333 0.01713210880542988 0.04
1 0.7802109923191289 0.2683333333333333 0.01356605440271513 0.02
1 0.42892869110972537 0.665 0.020349081604072505 0.03
1 0.9664110491831301 0.45166666666666666 0.01701574827073917 0.03
1 0.7091831409293599 0.3566666666666667 0.02031029475917573 0.02666666666666667
1 0.6344934356885354 0.33 0.023721201782302803 0.03333333333333333
1 0.6913904880967795 0.5966666666666667 0.2014374485889914 0.41
0 0.502515306598791 0.5 0.994969386802418 1
1 0.24055423560369082 0.955 0.09771391147888428 0.09
1 0.8206318092934847 0.9483333333333334 0.06418664392106621 0.07333333333333333
1 0.8883651141948175 0.8566666666666667 0.07728725618501812 0.05333333333333334
1 0.3519722907702337 0.5466666666666666 0.0773260430299148 0.056666666666666664
1 0.47375882096329763 0.10666666666666667 0.09174540802036271 0.15