1 0.47290843959472617 0.604954540940541 0.0961278782461983 0.06434706986445651
1 0.1270410119667986 0.6030320189681923 0.2540820239335972 0.3793973712697179
1 0.5913926771438438 0.0693016108049976 0.1132603023983423 0.07512333234025237
1 0.1361963138686005 0.0881872714633515 0.044420100799447464 0.02535161577040244
1 0.11999515765419753 0.6870639885297419 0.11705939321715325 0.08527858483541156
1 0.5005842474799274 0.5845298942351478 0.18845666567358574 0.11853888723375386
1 0.5005934381051046 0.440886055911496 0.054885858284925086 0.03581737325587994
1 0.019091214558774508 0.5798858582849249 0.038182429117549016 0.07946121157953144
1 0.08891323253388587 0.02752515070263072 0.034885858284924944 0.03488585828492495
1 0.5326071252295852 0.47077191419642095 0.03093151497095505 0.021397272456432574
1 0.32073055638312303 0.106803784944685 0.3641187864343064 0.17661201698203038
1 0.05323248348959664 0.9729132819405286 0.0412420199612733 0.028529696608576766
1 0.1504198043595909 0.7152055539004205 0.1833425239585106 0.15156171557676884
1 0.6766802055712189 0.4257034785740187 0.027598181637621715 0.021242019961273305
1 0.4697441446943179 0.38600019762657106 0.05806393912309924 0.03263929241770579
1 0.1803010673319272 0.755013785937766 0.11628313074135738 0.0686119181687449
1 0.011214448085741343 0.8215525249515917 0.022428896171482686 0.029150706589213277
1 0.6464838422959757 0.46438383236516584 0.027598181637621715 0.0212420199612734
1 0.454730358756552 0.6007673188838323 0.27667585729184396 0.15590878544122555
0 0.5 0.5 1 1