1 0.42676632077266596 0.844603717934518 0.19380162553140753 0.16775563242088917
1 0.2779772368805923 0.3666610926047405 0.26139930253229643 0.20930731631125943
1 0.8562011614995555 0.01057352036599966 0.09426434366755568 0.02114704073199932
1 0.7111193967585924 0.22165273151185128 0.27093379736518536 0.1895400688948151
1 0.9165321746736288 0.9148267159097029 0.04434192786207405 0.04434192786207405
1 0.8646397230008144 0.567889898077703 0.24822113758800016 0.21566364619985204
1 0.48537398581777724 0.6883235787249625 0.04798559797348162 0.05775284538992613
1 0.9745967503571102 0.7818799100334807 0.014186759473037304 0.036977003444740905
1 0.5009586543076292 0.5197187007108144 0.4417096393103706 0.2268301961485929
1 0.132091986221037 0.1885632988859258 0.264183972442074 0.17620673556148173
1 0.7161456472165177 0.8645205596780734 0.057830429584444495 0.051318931306814954
1 0.36941672502562956 0.08801602897785155 0.23953728186385187 0.12884181114414833
1 0.8815391422510366 0.5575019771051103 0.16883902411318522 0.09721254305925943
1 0.7277389102351105 0.6526987246223698 0.02031033677807405 0.013798838500444504
1 0.48506364903970306 0.7016569120582958 0.044031591083999996 0.03100859452874071
1 0.4840564480264438 0.6733623708222218 0.0306206735561481 0.027364924417333326
1 0.25304924701318465 0.6504211390079258 0.1624826942245927 0.11039070800355565
1 0.17374889827933285 0.5506552851069628 0.14883902411318525 0.09674703789214827
1 0.7461595823713332 0.15844413556318496 0.381014168590667 0.3168882711263699
1 0.6472374000017033 0.5329716628186661 0.1494596976693335 0.12341370455881494
1 0.17076330030585135 0.6073607438708888 0.33201997608844463 0.23760325106281507
0 0.5 0.5 1 1