1 0.25372171160444507 0.6192847786972107 0.13116898902628235 0.09814056677275061
1 0.5941828737773339 0.5616131570549298 0.5553699970207572 0.33628346887330585
1 0.46231065321024656 0.37684471046040935 0.0761278782461983 0.06085331058773287
1 0.6885572684841086 0.4777573689793898 0.08294979740802394 0.06426421761086014
1 0.2779865599087334 0.6395562866114894 0.07263929241770578 0.057481190409502766
1 0.6847216621978023 0.5026991887120444 0.10210050399723741 0.11779148516867811
1 0.2343016108049976 0.5957381177169442 0.07868494910373575 0.04422543076596317
1 0.8084158019267154 0.6907040015276558 0.07008222156016833 0.07410907023127228
1 0.6658084296639165 0.525799800975996 0.05597262575103893 0.057287256185017746
1 0.300456813893514 0.47823870154889525 0.0206210099806367 0.01356605440271513
1 0.534411157207484 0.49428711402501496 0.2269863622821623 0.15255993176319863
1 0.2292650953375021 0.6306605440271503 0.055351615770402415 0.04395392285168441
1 0.21906873206225885 0.5905635769149078 0.05155252495159156 0.03391513600678763
0 0.5 0.5 1 1