1 0.41798950658206724 0.6675270603837781 0.15349207694917483 0.1034912887533335
1 0.6054498206781069 0.6469105673740745 0.07934392566103403 0.0784511031405926
1 0.15053974242382775 0.44814215987800005 0.11209524616950484 0.06256027841911115
1 0.10516943485331001 0.9133735189460742 0.14864551027119904 0.060080371225481786
1 0.3165715052769629 0.5769049933121484 0.10887831540114405 0.06581602755792612
1 0.6152593565990309 0.7370657357631116 0.11291006412431234 0.08589361175244449
1 0.9480794283277881 0.49168478236792673 0.0818624410395599 0.05519535400177782
1 0.912560927079229 0.6190871053670378 0.12349207694917481 0.10279303100266683
1 0.865407479627238 0.556373052074371 0.22582012824862469 0.17178722350488898
1 0.7225556874352461 0.9875256668682966 0.08473016411300326 0.02494866626340695
1 0.7826244386555326 0.7609449454890377 0.07519577437289324 0.05504018561274089
1 0.7914075220171385 0.8693946551141488 0.08899471796611655 0.06868385572414809
1 0.4259312911696141 0.5611319383979262 0.07899471796611654 0.06845110314059259
1 0.30126994892673153 0.8063619039505188 0.1840740897740372 0.12085621317066682
1 0.13429110532219912 0.7458548196551853 0.0858941897627282 0.07527293819629638
1 0.6900053809436514 0.6838501722370376 0.06841270514125407 0.05155168389037044
1 0.6212540886951141 0.902155748428852 0.2437672231299886 0.19568850314229583
1 0.9975291359661601 0.5713370470080749 0.004941728067679682 0.043876422694963065
1 0.7590212694352023 0.8003630640301488 0.05128042821469724 0.0378304295844445
1 0.8997672655198892 0.5388543527834823 0.14670900771753548 0.10000278703096303
1 0.6862593283390972 0.5288889643342969 0.15659260515256315 0.09690220628118519
1 0.8876879502318358 0.9082724713245932 0.08969313335595151 0.0886838557241481
1 0.5041641528194265 0.9833763059770373 0.07484656667797557 0.03324738804592547
1 0.6403969296894378 0.7892754917914079 0.08969313335595151 0.08868385572414828
1 0.9100477219945204 0.7855598115474082 0.16360847951414711 0.10705737467022232
1 0.29227523096061503 0.739540068894815 0.0818624410395599 0.05519535400177782
1 0.9558836398249279 0.3336617858126674 0.05461376154803096 0.03790801377896306
1 0.12900002825993367 0.21283182309992604 0.05473016411300326 0.041241347112296343
1 0.8885556591753125 0.7900555142830378 0.11577778719775551 0.07263786261362991
1 0.3978995848363464 0.8552397201609633 0.030814817954807457 0.024031591084000183
1 0.3327091207572704 0.9436492441733336 0.058179900011309085 0.044652264640148286
1 0.949799056632958 0.8747465710204453 0.052328051299449875 0.0678304295844445
1 0.4591429822939921 0.9338404176286668 0.1982222410621781 0.13231916474266656
1 0.36973016411300325 0.04857305349429661 0.11946032822600652 0.08271544680814824
1 0.6971217976385907 0.7922610897648894 0.05473016411300326 0.04124134711229639
1 0.4299841397683826 0.10493077689837073 0.06484656667797575 0.04480743302918526
1 0.6747884360453237 0.581911960889556 0.023915346158195804 0.017209756028296396
1 0.7608096489606587 0.9469521465022968 0.09934392566103402 0.07891660830770358
1 0.9613386294971837 0.1490109146880008 0.07732274100563245 0.10186202066844449
1 0.05573020650290378 0.3560085945287408 0.05128042821469741 0.0378304295844445
1 0.5592646245029474 0.5642353061786671 0.06852910770622657 0.05488501722370377
1 0.27067207587025177 0.883919395338667 0.0579470948813641 0.03798559797348162
1 0.6051906053787445 0.9733056893599265 0.08151323334464242 0.045195354001778015
1 0.9811693359435419 0.3926933768966675 0.03766132811291603 0.034497096251111165
1 0.289994760356017 0.3881061548117039 0.1257777871977557 0.0728706151971853
1 0.45713765787020805 0.6917526119540744 0.058179900011309085 0.044652264640148286
1 0.9646137615480308 0.125755165549186 0.07077247690393847 0.06170685227940747
1 0.4440159591413852 0.649814400606593 0.037830692316391606 0.034186759473036926
1 0.9770370448870187 0.16936004356333415 0.04592591022596253 0.06116376291777783
1 0.7501905347289103 0.45210731489133393 0.07934392566103403 0.0784511031405926
1 0.474941869367348 0.5339623679823707 0.11957673079097883 0.08604878014148161
1 0.20030162700006557 0.29942229908755574 0.06794709488136409 0.03821835055703711
1 0.9368572720454111 0.9744271763917411 0.04554498206781091 0.051145647216517695
1 0.244608592553882 0.9482599296852595 0.12151323334464242 0.046126364335999974
1 0.7574392142204394 0.46892914994703766 0.05484656667797575 0.04457468044562953
1 0.9980476372147192 0.3114534232998527 0.0039047255705615194 0.03697700344474072
0 0.5 0.5 1 1