1 0.5002974378412947 0.7036699805514482 0.08757163777109782 0.1332597502051529
1 0.5019594387550027 0.18751548568712342 0.02155315646586625 0.027481604217954897
1 0.44653827379516864 0.1351385844958661 0.015274778915666047 0.03387662503419212
1 0.5482902405722266 0.6254356785792394 0.06446532483936532 0.07911147932053117
1 0.650601982098356 0.3890349860974291 0.042523879257032604 0.04496320843590979
1 0.9325418724297027 0.19503664303981993 0.016633790823298873 0.0572099583675255
1 0.5541638910842764 0.6106394129670615 0.02605135714859936 0.04761742714316957
1 0.39626660538147485 0.5106507562982078 0.014498200682733019 0.020543291700858692
1 0.9354078375401228 0.40398117953661944 0.041326136064265405 0.08149405217736169
1 0.6764905152811034 0.23138076739016925 0.028413967690766147 0.031086583401717577
1 0.5488382431525727 0.38655905354504727 0.092491003413665 0.10353139605558226
1 0.568239371556189 0.36897274630039484 0.056827935381532295 0.062173166803435154
1 0.6060051538855202 0.23686181929399386 0.025274778915666048 0.034284093809836234
0 0.662544982931675 0.5078098181998453 0.67491003413665 0.9843803636003093
1 0.36018392764049423 0.6712308395631569 0.02155315646586625 0.027481604217954897
1 0.3378886240360487 0.9392925270460607 0.02155315646586625 0.027481604217954706
1 0.4041294599899226 0.3756507562982078 0.021941445582332807 0.034148270884621565
1 0.7801135102008004 0.058517142629514254 0.015274778915666047 0.03387662503419212
1 0.6413441292369353 0.1464175589542595 0.01488648979919958 0.027209958367525454
1 0.5728495271887364 0.20376901191257282 0.018413967690766146 0.03067911462607351