1 0.2866666666666667 0.6833333333333333 0.075 0.13
1 0.44666666666666666 0.6666666666666666 0.03333333333333333 0.09
1 0.875 0.305 0.245 0.42
1 0.38666666666666666 0.885 0.018333333333333333 0.035
1 0.8 0.2683333333333333 0.09166666666666666 0.31666666666666665
1 0.35833333333333334 0.35333333333333333 0.37666666666666665 0.705
1 0.44666666666666666 0.4083333333333333 0.03833333333333333 0.07333333333333333
1 0.7866666666666666 0.49166666666666664 0.03333333333333333 0.05333333333333334
1 0.4266666666666667 0.31666666666666665 0.06666666666666667 0.056666666666666664
1 0.9216666666666666 0.17333333333333334 0.051666666666666666 0.06666666666666667
1 0.20166666666666666 0.4866666666666667 0.06333333333333334 0.07666666666666666
1 0.345 0.245 0.056666666666666664 0.125
1 0.35 0.47333333333333333 0.04666666666666667 0.06333333333333334
1 0.8133333333333334 0.43666666666666665 0.041666666666666664 0.05333333333333334
1 0.44666666666666666 0.8083333333333333 0.03333333333333333 0.14333333333333334
1 0.95 0.20833333333333334 0.03333333333333333 0.043333333333333335
1 0.27666666666666667 0.5216666666666666 0.09333333333333334 0.12333333333333334
1 0.8733333333333333 0.2816666666666667 0.056666666666666664 0.056666666666666664
1 0.3566666666666667 0.54 0.03833333333333333 0.065
1 0.42833333333333334 0.4116666666666667 0.23166666666666666 0.45666666666666667
0 0.49833333333333335 0.49833333333333335 0.9966666666666667 0.9966666666666667