1 0.5416666666666666 0.4716666666666667 0.05333333333333334 0.08666666666666667
1 0.55 0.8383333333333334 0.335 0.31333333333333335
1 0.043333333333333335 0.37666666666666665 0.06333333333333334 0.10333333333333333
1 0.07333333333333333 0.7966666666666666 0.021666666666666667 0.04
1 0.6266666666666667 0.795 0.07 0.105
1 0.5216666666666666 0.44666666666666666 0.09666666666666666 0.165
1 0.3883333333333333 0.45 0.03 0.05
1 0.5316666666666666 0.935 0.07 0.12
1 0.016666666666666666 0.8416666666666667 0.03333333333333333 0.03333333333333333
1 0.4166666666666667 0.41833333333333333 0.018333333333333333 0.02666666666666667
1 0.085 0.6266666666666667 0.14 0.32666666666666666
1 0.8916666666666667 0.8483333333333334 0.025 0.03666666666666667
1 0.6516666666666666 0.7666666666666667 0.12833333333333333 0.16333333333333333
1 0.37 0.28833333333333333 0.016666666666666666 0.023333333333333334
1 0.34 0.4816666666666667 0.028333333333333332 0.05333333333333334
1 0.6883333333333334 0.7366666666666667 0.056666666666666664 0.105
1 0.755 0.9066666666666666 0.02666666666666667 0.04666666666666667
1 0.4066666666666667 0.315 0.016666666666666666 0.025
1 0.44333333333333336 0.9833333333333333 0.07 0.03
1 0.5383333333333333 0.48833333333333334 0.13 0.24666666666666667
0 0.49333333333333335 0.49833333333333335 0.9866666666666667 0.9966666666666667