1 0.5195269610430694 0.5784041548908624 0.06724850216427398 0.03604979183762737
1 0.4655245168874878 0.6189106550276309 0.08069820259712875 0.043259750205152915
1 0.5430968138548681 0.29755518734613534 0.8671397056235973 0.5951103746922707
1 0.14743148831204209 0.045622546494612434 0.07128003809473597 0.07618561476284208
1 0.8831840891795092 0.258803190430282 0.03730668571403461 0.038160718844028454
1 0.45928579134554054 0.49925021234066774 0.11783033766188131 0.07142046904918137
1 0.41503374199394394 0.3628183999603402 0.6068074753220049 0.4144481265386463
1 0.8319791056315059 0.5207047113832878 0.19899400865709557 0.14134688592100075
1 0.5830394952447485 0.9472185401280202 0.1609891203459324 0.0631861670769725
1 0.7903162242442616 0.23593956566962693 0.08414790302998351 0.05006223979703426
1 0.4241985160208995 0.5056763530554221 0.04397335238070127 0.0384323646944578
1 0.8244181645023927 0.004006850555968858 0.08023273419904285 0.008013701111937716
0 0.5 0.5 1 1