1 0.6581036830121083 0.13335587147135558 0.11986733977290327 0.11475380238251456
1 0.314280389055745 0.2741623757864193 0.1391884091140047 0.0922354066004694
1 0.24319065280146057 0.46270511517314766 0.1946555245181626 0.1677419067372379
1 0.351758646608407 0.189125584222329 0.08155184150605427 0.056593083538486154
1 0.7166873063424706 0.43039321534957614 0.14928539920813308 0.09597620870944676
1 0.5658500656282833 0.2810836733067959 0.061454851411925804 0.052444812653864595
1 0.40684281178843934 0.07983581874691961 0.06469119465113067 0.04924730224574601
1 0.10284116716723499 0.7882597502051529 0.0778305477962073 0.043123927279938246
1 0.5512815108994729 0.4669354024221743 0.04077592075302694 0.028296541769243126
1 0.3097809690498028 0.8632795267725237 0.05077592075302713 0.028704010544887144
1 0.39668229619008244 0.5888171468078093 0.13986733977290336 0.11556873993380275
1 0.23868842818619848 0.5940322245267776 0.10478818474525914 0.05421051068165582
1 0.4612686859853769 0.34840400636659213 0.13841248836097766 0.06556873993380274
1 0.18404572858213192 0.5468590577233424 0.06802452798446405 0.049383125170960704
1 0.43834114809504127 0.30418782401936323 0.061066891035412144 0.039111479320531356
1 0.23816279743020025 0.8620260005470743 0.061454851411925804 0.0524448126538645
1 0.8552324549305449 0.3860977782085936 0.06135786131779734 0.04911147932053126
1 0.47311931253552414 0.6984719178291995 0.06850947845510594 0.06604979183762737
1 0.17479599950696703 0.3433899014647944 0.10184281178843932 0.06740802108977438
1 0.4413171810324411 0.34925573548197053 0.09792753789033573 0.047272198164559714
1 0.26528596012999706 0.1922608548334134 0.0514548514119258 0.05203734387822057
1 0.703821088413295 0.5031153455194433 0.07478818474525914 0.05298810435472357
1 0.10406857380100412 0.3155376200352857 0.05096990094128387 0.03537067721155381
1 0.21876257306145466 0.8246123077917268 0.033818283803975266 0.018024895918813778
1 0.14894372833561545 0.7135625159540994 0.030775920753027083 0.027889072993599107
1 0.49927537890335694 0.4531634804146798 0.030872910847155405 0.03122240632693225
1 0.1529046926714635 0.27757496391350617 0.06507915502764429 0.06258063557907936
1 0.12629934596595702 0.39301922425324054 0.04410925408636042 0.0284323646944578
1 0.12797883754671968 0.5079513127906332 0.08507915502764428 0.06339557313036759
1 0.06828764289558893 0.45890774493270925 0.0815518415060542 0.05659308353848625
1 0.19394593387868372 0.0861431515331787 0.36682497672195524 0.1348046988484025
1 0.6408372407141872 0.16927551204934138 0.047636567607950535 0.035234854286339136
1 0.04110536577770024 0.38288907299359903 0.057927537890335695 0.04564232306198335
1 0.3746939992604505 0.5196688759231878 0.08164883160018253 0.059926416871819585
1 0.28486232962051533 0.2929399694594869 0.054497214462873936 0.04217316680343525
1 0.5257402506200589 0.16125628779610082 0.03067893065889867 0.024555739660265676
1 0.15379323304203477 0.8802291826207659 0.0680245279844641 0.04938312517096089
1 0.507065246414208 0.7780955689520724 0.06870345864336286 0.07271645850429403
1 0.9621951020319847 0.49064784620328605 0.07560979593603065 0.1468647293889156
1 0.4593545339310012 0.511465693849496 0.08145485141192581 0.05325975020515292
1 0.6067001312565666 0.5407752358922763 0.1191884091140048 0.09142046904918137
1 0.4574019071343375 0.3299348501080441 0.15653400643957013 0.1162478545598763
1 0.9617257810847586 0.7849687315772126 0.06440022436874566 0.039247302245746025
1 0.6591833989616166 0.28488671521280756 0.03744258741969361 0.028160718844028355
1 0.760770910600639 0.22909722589446327 0.04391527389810373 0.02176569802779113
1 0.3049821649335159 0.06902655286120454 0.13566109559241454 0.08543291700858807
1 0.27464550421338635 0.5139275215000801 0.07763656760795054 0.03645726061327158
1 0.7603985797475412 0.7884181112683897 0.14595206587479972 0.09584038578423208
1 0.29802733259378383 0.5165449486432497 0.48969900941283867 0.35289183456425044
1 0.1727235373973027 0.38658741187291307 0.07507915502764428 0.06298810435472338
1 0.41645765602124557 0.5246999958217049 0.23031662011057713 0.249100135989385
1 0.39362710822503827 0.4838171468078093 0.1472129370984688 0.13917371911756543
1 0.2892703687509688 0.6160695684049982 0.030581940564770302 0.02122240632693244
1 0.504505029224582 0.3468363710610499 0.0508729108471554 0.03203734387822048
1 0.602292092126113 0.21764563694676498 0.03763656760795053 0.03482738551069502
1 0.6855184150605418 0.5606337413014884 0.061454851411925804 0.0524448126538645
1 0.7171644420514046 0.16073277266261285 0.0708729108471554 0.03285228142950871
1 0.07673580138953476 0.40598188037502003 0.04410925408636042 0.0284323646944578
1 0.1413300059465371 0.4518958492874327 0.11527313521590107 0.07128464612396651
1 0.27301731228900766 0.8584521412618286 0.12850947845510605 0.06849460449149206
1 0.4031421577543963 0.46755794891678687 0.09850947845510594 0.06727219816455962
1 0.12316279743020025 0.8573401096271671 0.07517614512177265 0.0663214376880569
1 0.3856945601823145 0.6116750999028913 0.10193980188256774 0.07074135442310762
0 0.5 0.5 1 1