1 0.534433089892394 0.5318001936039746 0.15112821099657253 0.15418661503894004
1 0.5557117961825471 0.5450074739580706 0.027442587419693798 0.026821808794958883
1 0.40359584917820673 0.6758704520466955 0.017345597325565336 0.02343029716351604
1 0.6686086740923027 0.559348119912829 0.02753957751382207 0.030155142128292026
1 0.4929325480427238 0.1254438111938922 0.020775920753027134 0.026783023262885782
1 0.44398881970710835 0.833941983038536 0.017345597325565336 0.02343029716351604
1 0.5378662179291755 0.07019170523541744 0.010581940564770397 0.020058178298109557
1 0.5095094403107185 0.930211098001454 0.020581940564770397 0.02011635659621902
1 0.433687829119947 0.5007250063014216 0.11827982813388113 0.1706593540452415
1 0.4514877169355742 0.5189516794215541 0.017345597325565336 0.02343029716351604
0 0.6071181525474086 0.49929216403966703 0.7857636949051827 0.9985843280793341