1 0.635 0.2733333333333333 0.085 0.11333333333333333
1 0.8266666666666667 0.6783333333333333 0.09666666666666666 0.14666666666666667
1 0.5416666666666666 0.575 0.12166666666666667 0.155
1 0.3983333333333333 0.9066666666666666 0.11833333333333333 0.18333333333333332
1 0.6183333333333333 0.8133333333333334 0.15 0.18
1 0.2916666666666667 0.03 0.11333333333333333 0.06
1 0.5316666666666666 0.8933333333333333 0.10833333333333334 0.095
1 0.075 0.6366666666666667 0.06 0.125
1 0.25333333333333335 0.48833333333333334 0.07166666666666667 0.16666666666666666
1 0.06666666666666667 0.49333333333333335 0.115 0.19333333333333333
1 0.19666666666666666 0.29333333333333333 0.09 0.18
1 0.37 0.5633333333333334 0.05 0.09
1 0.78 0.30666666666666664 0.07166666666666667 0.11333333333333333
1 0.615 0.8266666666666667 0.115 0.115
1 0.43333333333333335 0.4083333333333333 0.05333333333333334 0.15666666666666668
1 0.6783333333333333 0.12166666666666667 0.021666666666666667 0.03333333333333333
1 0.15833333333333333 0.11333333333333333 0.06166666666666667 0.17
1 0.7266666666666667 0.03 0.03166666666666667 0.02
1 0.475 0.11833333333333333 0.06 0.06666666666666667
1 0.22166666666666668 0.38666666666666666 0.13833333333333334 0.37333333333333335
1 0.51 0.03333333333333333 0.08333333333333333 0.06666666666666667
1 0.4633333333333333 0.23666666666666666 0.065 0.16333333333333333
1 0.3233333333333333 0.29333333333333333 0.07166666666666667 0.16
1 0.37166666666666665 0.9233333333333333 0.06666666666666667 0.14
0 0.4816666666666667 0.5016666666666667 0.9166666666666666 0.9966666666666667