0 0.5 0.5 1 1
1 0.5025889342658751 0.445 0.671844535198417 0.89
1 0.06497313327589295 0.5683333333333334 0.08742298454209084 0.13
1 0.28797567837413157 0.225 0.0538181524842463 0.08333333333333333
1 0.09426418610308618 0.16 0.077578126670383 0.15666666666666668
1 0.3718445351984169 0.89 0.05695755815721441 0.05
1 0.4823357170949265 0.115 0.03697695092325091 0.05333333333333334
1 0.667656808947003 0.45666666666666667 0.033624224823881076 0.05
1 0.35343251958846367 0.59 0.3559707495142997 0.4533333333333333
1 0.5797683980200358 0.24666666666666667 0.09403147291064784 0.12
1 0.46853917980166443 0.6083333333333333 0.050426640852803455 0.07333333333333333
1 0.419449528592907 0.47833333333333333 0.21445811376345128 0.19333333333333333
1 0.5221041151149622 0.3616666666666667 0.13426418610308624 0.16
1 0.6077936695217324 0.7666666666666667 0.13757812667038308 0.15666666666666668
1 0.3759513567482632 0.45 0.10405086567668453 0.12333333333333334
1 0.6573357170949266 0.115 0.1277720543307483 0.19
1 0.6208640893010988 0.435 0.053682403121990775 0.06
1 0.8643525647627244 0.46166666666666667 0.047190271349652826 0.09
1 0.6057973258324449 0.71 0.19490414738229145 0.27
1 0.58202765526329 0.635 0.06734541347794486 0.11666666666666667
1 0.6222495608602361 0.38666666666666666 0.10089206723767992 0.15333333333333332
1 0.5434519123545002 0.5933333333333334 0.21190049107157866 0.32666666666666666
1 0.41821061399151754 0.8383333333333334 0.0469187726251414 0.043333333333333335
1 0.5787137146959932 0.6383333333333333 0.319110155187268 0.42
1 0.9103878553207304 0.375 0.1792242893585391 0.48333333333333334