1 0.1641144381549316 0.693602090983185 0.2698539381300182 0.1461291513669632
1 0.5601327699986435 0.8495635323217774 0.19605484731120745 0.13442229908755585
1 0.7920547979045646 0.18154471631296273 0.4158904041908708 0.36308943262592547
1 0.3968724676003011 0.7832875736586664 0.23582656388105724 0.2019423918939261
1 0.34505054843847527 0.7811567953403702 0.08263929241770579 0.05852868733511116
1 0.3552058009336344 0.7842573760901479 0.6520366636874237 0.34481858115303754
1 0.2302469117137185 0.8238722421485183 0.2574521197676398 0.16581881458888914
1 0.742689840856181 0.828629734956592 0.08721464571231233 0.08527293819629639
1 0.2884020159889494 0.4604599311051849 0.3323471686777421 0.34403716514592625
1 0.1546213064204932 0.7405403023306665 0.07868494910373575 0.04511776980725926
1 0.15610080043709393 0.8439512198585184 0.09977171656984993 0.06891660830770396
1 0.5733838817718087 0.7758422780158515 0.15814616068326737 0.1069022062811852
1 0.10956181439005448 0.4179052267479999 0.18256626148271485 0.13077862897614825
1 0.03884044863210876 0.6548060395137036 0.01992696906500908 0.07038792097259261
1 0.9065346377676646 0.9432778190502955 0.0867488882268348 0.07527293819629638
1 0.35181297556986235 0.4606524980759997 0.15721464571231242 0.0869022062811852
1 0.1552193398381866 0.395152381358074 0.07884020159889493 0.048451103140592595
1 0.7131098922489857 0.7308782830821475 0.1900091906251775 0.14760046403185204
1 0.2620185294702829 0.6462745651476295 0.04124201996127321 0.02759767700088901
1 0.5040641367496702 0.5054945426559996 0.16876717066390406 0.12046829219807421
1 0.5513610040221508 0.661230198988444 0.5469955529073396 0.3057468044562969
1 0.6024750963305832 0.5048724755843699 0.07992696906500896 0.07178443647392593
1 0.4082697400567335 0.8130548210751107 0.13527858483541158 0.11635911691955565
1 0.25009165921855936 0.8200734036480739 0.12512333234025239 0.11279303100266683
1 0.5199499456279524 0.4166957041555551 0.26938818064454056 0.1361291513669632
1 0.5698084790705591 0.6274313604879995 0.24109595809129133 0.17209756028296322
1 0.6145071647054181 0.7632058089177033 0.07263929241770578 0.05829593475155548
1 0.363452070360997 0.03585063910874065 0.3002374740553274 0.0717012782174813
1 0.06081302497650509 0.5892241580548148 0.07070323154080488 0.08821835055703711
1 0.5058952465366734 0.652277585614444 0.044885858284925084 0.034341927862074045
1 0.3963975194896463 0.629799071936296 0.20031969561549565 0.1544998832820742
1 0.4398084790705592 0.6304571440742218 0.8519820140027876 0.7057523785182229
1 0.37272176101108784 0.7304585375897034 0.1543470698644565 0.09682462208666683
1 0.2952103962462231 0.8573981424526664 0.10977171656984998 0.06914936089125945
1 0.06403221659476338 0.6225186992908889 0.07714161477732148 0.15496260141822216
1 0.43295004444123797 0.6623177712271848 0.10721464571231233 0.08573844336340755
1 0.25670342916737593 0.5679800239115553 0.17845666567358573 0.11403437811496323
1 0.3235391342669678 0.7849944259380738 0.133881312378979 0.08635911691955565
1 0.31595449153389826 0.3713895479239257 0.2234977764536698 0.15170963931037051
1 0.3198723193803728 0.4196840891599998 0.24791787725311734 0.17558606200533347
1 0.2223974700830035 0.5120504070928146 0.16543383733057074 0.12039070800355565