1 0.8283333333333334 0.635 0.12333333333333334 0.12
1 0.36833333333333335 0.65 0.08666666666666667 0.135
1 0.20666666666666667 0.7166666666666667 0.02 0.03666666666666667
1 0.485 0.6516666666666666 0.09 0.115
1 0.5216666666666666 0.625 0.065 0.065
1 0.21166666666666667 0.15333333333333332 0.06166666666666667 0.15666666666666668
1 0.23666666666666666 0.17666666666666667 0.056666666666666664 0.065
1 0.2783333333333333 0.8216666666666667 0.016666666666666666 0.02666666666666667
1 0.8533333333333334 0.9016666666666666 0.051666666666666666 0.15666666666666668
1 0.8566666666666667 0.9083333333333333 0.018333333333333333 0.02666666666666667
1 0.26666666666666666 0.7233333333333334 0.06333333333333334 0.03
1 0.25666666666666665 0.615 0.14166666666666666 0.085
0 0.5266666666666666 0.49833333333333335 0.94 0.9966666666666667
1 0.6666666666666666 0.6633333333333333 0.07833333333333334 0.38
1 0.545 0.5116666666666667 0.08333333333333333 0.12333333333333334
1 0.41833333333333333 0.5366666666666666 0.12833333333333333 0.15333333333333332
1 0.34833333333333333 0.33166666666666667 0.135 0.16
1 0.215 0.5216666666666666 0.15666666666666668 0.135
1 0.17833333333333334 0.365 0.085 0.14666666666666667
1 0.31166666666666665 0.085 0.09 0.105
1 0.8533333333333334 0.11 0.045 0.05
1 0.705 0.27166666666666667 0.08833333333333333 0.175
1 0.6383333333333333 0.4266666666666667 0.085 0.15833333333333333
1 0.7316666666666667 0.9316666666666666 0.07833333333333334 0.13666666666666666
1 0.54 0.8033333333333333 0.235 0.17333333333333334
1 0.375 0.8783333333333333 0.13833333333333334 0.13166666666666665
1 0.35 0.7666666666666667 0.08833333333333333 0.07666666666666666
1 0.83 0.3233333333333333 0.05 0.07833333333333334
1 0.8816666666666667 0.255 0.065 0.13166666666666665
1 0.9483333333333334 0.4666666666666667 0.06333333333333334 0.12166666666666667
1 0.9216666666666666 0.37166666666666665 0.02666666666666667 0.051666666666666666
1 0.76 0.45666666666666667 0.08333333333333333 0.07
1 0.9066666666666666 0.17 0.03166666666666667 0.05333333333333334
1 0.8883333333333333 0.825 0.06166666666666667 0.07
1 0.9283333333333333 0.94 0.04833333333333333 0.11666666666666667
1 0.7583333333333333 0.7283333333333334 0.08833333333333333 0.16833333333333333