1 0.6638404176286667 0.15732020471040414 0.1094596976693333 0.12124117903670234
1 0.6951219503537039 0.2836571831954467 0.15713495886474088 0.16511752819859302
1 0.5602341460990371 0.0788352269891894 0.14713495886474087 0.1576704539783788
1 0.7865212528860004 0.4859820585614594 0.119692450252889 0.13135753957139323
1 0.19810336778074086 0.13106430290686183 0.11666945369762975 0.1446520860598296
1 0.26450685085948195 0.5487382598769469 0.13054587639259277 0.1681405667727506
1 0.5348919848011114 0.41889107192873054 0.13341370455881493 0.14817935361764767
1 0.49013031144659325 0.7161589346913 0.09899419250222233 0.10112481850201145
1 0.16147688672681496 0.20484368495651006 0.19721533009022246 0.31221085015912614
1 0.12125528226711176 0.7687976078081946 0.08868385572414823 0.0876751246339874
1 0.08140766362518571 0.6325575964353944 0.10767804822637052 0.18786905885847205
1 0.6058285691972599 0.7448207885423551 0.05519535400177782 0.08062058951835108
1 0.6343835069902964 0.18573461472523775 0.37543368064725957 0.3714692294504755
1 0.13042950010081494 0.16019276656058262 0.07162926808488895 0.07081452374283591
1 0.39128571327148176 0.33720617950351756 0.06550569077985187 0.09407028338637531
1 0.2077210208700744 0.4010255160619649 0.4137351894607414 0.7379489678760702
1 0.29947223930866734 0.7617225116062077 0.07170685227940747 0.07414785707616924
1 0.13334448145718567 0.5719370069170432 0.22458025450755584 0.34252114491830166
1 0.18167642127503744 0.4996885375769223 0.12434471489303718 0.18806299308295688
1 0.14791219432540764 0.266684892425213 0.13411196230948164 0.17817935361764767
1 0.2834566772025188 0.36013341862933507 0.09977003444740755 0.1344581518353448
1 0.27993913799125997 0.8536412927647047 0.0954281065853334 0.09108603165711467
1 0.3287337959452598 0.6580207032463534 0.1272901272537779 0.17143511326118718
1 0.6939193953386668 0.23199051652878008 0.22628431975600014 0.2725599317631986
0 0.47997096251111154 0.5 0.9599419250222231 1