1 0.7316666666666667 0.365 0.10666666666666667 0.175
1 0.9316666666666666 0.595 0.055 0.13
1 0.6616666666666666 0.48833333333333334 0.08833333333333333 0.15666666666666668
1 0.865 0.8216666666666667 0.04 0.056666666666666664
1 0.04666666666666667 0.08666666666666667 0.06333333333333334 0.07
1 0.15166666666666667 0.24333333333333335 0.06166666666666667 0.065
1 0.6233333333333333 0.7166666666666667 0.07333333333333333 0.06
1 0.5833333333333334 0.5266666666666666 0.09166666666666666 0.24333333333333335
1 0.39666666666666667 0.4266666666666667 0.06333333333333334 0.155
1 0.53 0.4066666666666667 0.5183333333333333 0.5033333333333333
1 0.05333333333333334 0.935 0.10333333333333333 0.125
1 0.15833333333333333 0.5966666666666667 0.03333333333333333 0.055
1 0.675 0.465 0.06333333333333334 0.105
1 0.335 0.02 0.08166666666666667 0.04
1 0.38166666666666665 0.445 0.23666666666666666 0.4
1 0.5666666666666667 0.26166666666666666 0.05 0.20666666666666667
1 0.5666666666666667 0.3233333333333333 0.05 0.08333333333333333
1 0.21166666666666667 0.35833333333333334 0.03333333333333333 0.043333333333333335
1 0.685 0.006666666666666667 0.05 0.013333333333333334
1 0.035 0.9466666666666667 0.06333333333333334 0.1
1 0.35833333333333334 0.8333333333333334 0.056666666666666664 0.085
1 0.7 0.33 0.043333333333333335 0.105
1 0.28 0.27166666666666667 0.03333333333333333 0.056666666666666664
1 0.6566666666666666 0.405 0.255 0.49
1 0.5833333333333334 0.4033333333333333 0.09333333333333334 0.49333333333333335
1 0.06166666666666667 0.3466666666666667 0.075 0.105
1 0.33 0.35333333333333333 0.056666666666666664 0.1
1 0.9333333333333333 0.5916666666666667 0.03666666666666667 0.07333333333333333
0 0.49833333333333335 0.49833333333333335 0.9966666666666667 0.9966666666666667