1 0.25 0.485 0.10166666666666667 0.13
1 0.6583333333333333 0.12833333333333333 0.08 0.12333333333333334
1 0.8083333333333333 0.45 0.11166666666666666 0.17
1 0.745 0.11 0.07166666666666667 0.14
1 0.625 0.4666666666666667 0.12833333333333333 0.145
1 0.6066666666666667 0.9266666666666666 0.11666666666666667 0.13666666666666666
1 0.41 0.6966666666666667 0.08833333333333333 0.125
1 0.37333333333333335 0.8066666666666666 0.10833333333333334 0.14666666666666667
1 0.385 0.7566666666666667 0.13666666666666666 0.245
1 0.6983333333333334 0.115 0.165 0.15
1 0.05333333333333334 0.8266666666666667 0.03833333333333333 0.06
1 0.03666666666666667 0.795 0.07166666666666667 0.13
0 0.4816666666666667 0.49833333333333335 0.9633333333333334 0.9966666666666667