1 0.49166666666666664 0.5116666666666667 0.06833333333333333 0.14333333333333334
1 0.6066666666666667 0.355 0.05333333333333334 0.1
1 0.37333333333333335 0.4216666666666667 0.035 0.05333333333333334
1 0.165 0.62 0.04833333333333333 0.065
1 0.205 0.4716666666666667 0.041666666666666664 0.08666666666666667
1 0.6066666666666667 0.3566666666666667 0.04 0.06
1 0.155 0.6133333333333333 0.025 0.05333333333333334
1 0.7183333333333334 0.2866666666666667 0.011666666666666667 0.02
1 0.785 0.8233333333333334 0.011666666666666667 0.016666666666666666
1 0.6566666666666666 0.93 0.025 0.03
1 0.17833333333333334 0.6283333333333333 0.021666666666666667 0.043333333333333335
1 0.37666666666666665 0.4533333333333333 0.043333333333333335 0.12
1 0.195 0.96 0.03 0.035
1 0.7566666666666667 0.8333333333333334 0.008333333333333333 0.015
0 0.5 0.5933333333333334 1 0.81
1 0.9466666666666667 0.87 0.016666666666666666 0.03166666666666667