0 0.5003491012985644 0.4928818474525913 0.9993017974028713 0.9057636949051825
1 0.28848257748715755 0.30324415800091287 0.09426427012950493 0.0560490559689282
1 0.5933577748891501 0.40040358989992936 0.12145458874401811 0.08682497672195524
1 0.8040559774862789 0.4465139658300177 0.09449700432854798 0.06938238930226154
1 0.7182329722911427 0.49232555671601297 0.07420608657974412 0.05213378207082447
1 0.5954148554071698 0.6136884281861984 0.10455518787830859 0.07300669291798006
1 0.4177843748900288 0.2670267716719199 0.10110548744545383 0.06624303615718494
1 0.6050328770543028 0.30579155027644284 0.057597603462838265 0.05498216493351587
1 0.7812960441520667 0.5741198734573881 0.020232734199042854 0.013915273898103729
1 0.33210217835023087 0.7026443823696584 0.09426427012950493 0.0560490559689282
1 0.3801155021598802 0.6857174054011868 0.18835398960972763 0.1020981119378564
1 0.45095537835198835 0.44956634918574206 0.09438063722902636 0.06271572263559487
1 0.7778172519443316 0.5656895500299264 0.08449700432854779 0.06909141901987634
1 0.4493759870099628 0.4545178541386779 0.020232734199042854 0.013915273898103729
1 0.5031203904710435 0.7659242105035395 0.0336824346318978 0.020969900941283866
1 0.9679110701277474 0.6745513187285778 0.0641778597445053 0.05527313521590107
1 0.4219491489169843 0.12388741852684336 0.12122185454497526 0.07349164338862191
1 0.8336815696922564 0.7122413915359807 0.10162913939330034 0.09624303615718494
1 0.418245193069051 0.6751661248169964 0.10455518787830859 0.07300669291798006
1 0.3048912034593233 0.5752502899970289 0.09472973852759073 0.08271572263559487
1 0.19015302943324655 0.5869041317495994 0.08098912034593231 0.058994428925747876
1 0.5102947030282259 0.31802733259378385 0.09449700432854798 0.06938238930226154
1 0.284966258006056 0.3880986728597203 0.09379880173141913 0.029382389302261534