1 0.6083333333333333 0.2633333333333333 0.08333333333333333 0.21
1 0.4683333333333333 0.7766666666666666 0.028333333333333332 0.04
1 0.45166666666666666 0.7266666666666667 0.025 0.03666666666666667
1 0.685 0.38666666666666666 0.08333333333333333 0.135
1 0.9133333333333333 0.23833333333333334 0.06 0.13333333333333333
1 0.4066666666666667 0.68 0.025 0.03
1 0.6933333333333334 0.8766666666666667 0.045 0.06
1 0.725 0.615 0.05 0.11
1 0.8266666666666667 0.495 0.056666666666666664 0.075
1 0.46 0.5633333333333334 0.02 0.03666666666666667
1 0.07 0.625 0.058333333333333334 0.055
1 0.655 0.7166666666666667 0.11166666666666666 0.205
1 0.5616666666666666 0.905 0.145 0.13
1 0.74 0.5233333333333333 0.04 0.065
1 0.185 0.6033333333333334 0.021666666666666667 0.03333333333333333
1 0.605 0.19666666666666666 0.04833333333333333 0.075
1 0.08166666666666667 0.7333333333333333 0.03 0.06333333333333334
1 0.7366666666666667 0.21333333333333335 0.013333333333333334 0.023333333333333334
1 0.45166666666666666 0.49 0.018333333333333333 0.04
1 0.6583333333333333 0.15333333333333332 0.016666666666666666 0.02666666666666667
1 0.48833333333333334 0.485 0.05333333333333334 0.075
1 0.18166666666666667 0.545 0.025 0.045
1 0.44333333333333336 0.9766666666666667 0.03 0.04
1 0.16 0.5066666666666667 0.295 0.52
1 0.43333333333333335 0.675 0.011666666666666667 0.02
1 0.605 0.23833333333333334 0.051666666666666666 0.15666666666666668
1 0.495 0.6466666666666666 0.021666666666666667 0.023333333333333334
1 0.7066666666666667 0.5616666666666666 0.5766666666666667 0.8633333333333333
1 0.14333333333333334 0.6733333333333333 0.056666666666666664 0.125
1 0.3016666666666667 0.6233333333333333 0.02 0.025
1 0.455 0.68 0.013333333333333334 0.025
1 0.13333333333333333 0.675 0.13166666666666665 0.18
1 0.53 0.8066666666666666 0.028333333333333332 0.055
1 0.115 0.6316666666666667 0.20166666666666666 0.26666666666666666
0 0.49833333333333335 0.49833333333333335 0.9966666666666667 0.9966666666666667