1 0.21498644489706217 0.7065789786366885 0.12775269832378125 0.09849460449149205
1 0.6329524708677766 0.8012677796515174 0.177907845703369 0.11386528170304587
1 0.26316346318690564 0.5478749680918014 0.023488480712921197 0.014284093809836236
1 0.6184361387650864 0.7001444046857096 0.13779148516867812 0.10223540660046941
1 0.23511986352639724 0.43062821816018554 0.15120239219180537 0.10944536496799495
1 0.7186095119032205 0.5676684721333278 0.1715126869509811 0.13692696918594985
1 0.2516713373222752 0.5633503483300527 0.16112481850201155 0.10318616707697231
1 0.41736833286651814 0.4732258687359843 0.02015514737958777 0.014148270884621563
1 0.3959925675365786 0.4991087177498799 0.02015514737958777 0.014148270884621563
1 0.8348700843623713 0.671315914546754 0.16484602028431444 0.1366553233355205
1 0.4431634631869055 0.5405405301302073 0.020155147379587863 0.014148270884621374
1 0.46209799261614165 0.5914601707081932 0.023488480712921197 0.014284093809836236
1 0.8310325220453777 0.6281184041386354 0.020155147379587863 0.014148270884621374
1 0.4495574542753915 0.373534306150504 0.12783027201357508 0.10516127115815872
1 0.3951392569488457 0.42577538441654655 0.013410907023127265 0.007209958367525454
1 0.9141975082961926 0.46285242995377907 0.1716049834076148 0.1371986150363792
1 0.42839618425628734 0.5611517332936735 0.17472965974962335 0.12706279211116453
1 0.30335739741139034 0.5629117596558916 0.013449693868024231 0.010543291700858694
1 0.8250446251644076 0.686723383322398 0.0201163605346909 0.010814937551288229
1 0.38700102550389925 0.5861828531921907 0.02007757368979393 0.007481604217954896
1 0.38507990901759814 0.27778160839625 0.17124117903670236 0.11359363585261642
1 0.36604841247611974 0.21852863448493082 0.013449693868024231 0.010543291700858883
1 0.6717500786759711 0.6963045712156076 0.020155147379587863 0.014148270884621563
1 0.8280870571610139 0.6615875603971834 0.020116360534690708 0.010814937551288229
1 0.8219827997453529 0.7101925395809461 0.026783027201357376 0.011086583401717766
1 0.3566119893910277 0.4106706813898489 0.013410907023127265 0.007209958367525549
1 0.48525678514743875 0.5755094102316903 0.02007757368979393 0.007481604217954896
1 0.3426204473583483 0.4979485512199818 0.3595756800339378 0.2645330529979731
1 0.2168470457882136 0.7231777338407479 0.013410907023127265 0.00720995836752536
1 0.7123307136855234 0.6012734513170905 0.013449693868024231 0.010543291700858694
1 0.6182433722045038 0.8268789828149836 0.013410907023127265 0.007209958367525549
1 0.6766131570549297 0.5410329253651783 0.013410907023127265 0.00720995836752536
1 0.6367500786759712 0.6977307119303621 0.010116360534690708 0.010407468775644019
1 0.13064231826860392 0.336505395508508 0.08069816320814506 0.06325975020515283
1 0.21128346887330574 0.5316468900992959 0.013410907023127219 0.00720995836752536
1 0.4058568135794393 0.48703458230756913 0.0504654421387634 0.04203734387822048
1 0.35868591792911225 0.4456027699272416 0.013410907023127265 0.007209958367525549
1 0.5390749540419839 0.6150029100949217 0.7858568135794393 0.5351158978335737
1 0.39465442138763385 0.3841087177498799 0.013449693868024231 0.010543291700858883
1 0.7699270969658146 0.5355632167925 0.02007757368979393 0.007481604217954896
0 0.5009890645448721 0.5646265612177948 0.9980218709102556 0.8707468775644105
1 0.2342072050074168 0.20889364003091154 0.10038786844896946 0.03740802108977438
1 0.9536859179291124 0.9215621121642393 0.09262816414177526 0.08380304190601161
1 0.0521538375556828 0.32636390091772016 0.05368241493740587 0.032173166803435245