0 0.7766666666666666 0.21833333333333332 0.43666666666666665 0.435
1 0.7516666666666667 0.2866666666666667 0.055 0.055
1 0.8816666666666667 0.12666666666666668 0.065 0.08
0 0.42 0.30333333333333334 0.39666666666666667 0.605
1 0.5116666666666667 0.205 0.06833333333333333 0.065
1 0.25166666666666665 0.2966666666666667 0.06166666666666667 0.06333333333333334
1 0.5566666666666666 0.056666666666666664 0.015 0.025
0 0.12833333333333333 0.25 0.255 0.5
1 0.051666666666666666 0.13 0.06833333333333333 0.085
1 0.33166666666666667 0.41333333333333333 0.045 0.085
1 0.19333333333333333 0.18333333333333332 0.03833333333333333 0.04666666666666667
1 0.735 0.09166666666666666 0.051666666666666666 0.06333333333333334
1 0.385 0.6016666666666667 0.07333333333333333 0.14333333333333334
1 0.6283333333333333 0.20333333333333334 0.056666666666666664 0.055
1 0.23333333333333334 0.45666666666666667 0.015 0.023333333333333334
1 0.18 0.2633333333333333 0.051666666666666666 0.043333333333333335
1 0.87 0.20666666666666667 0.04 0.02666666666666667
1 0.20333333333333334 0.006666666666666667 0.11333333333333333 0.013333333333333334
1 0.8883333333333333 0.04833333333333333 0.041666666666666664 0.09666666666666666
1 0.8683333333333333 0.10666666666666667 0.041666666666666664 0.055
1 0.88 0.12 0.016666666666666666 0.025
0 0.08 0.61 0.16 0.775
1 0.075 0.3383333333333333 0.045 0.06666666666666667
1 0.8933333333333333 0.14 0.03833333333333333 0.05
1 0.205 0.018333333333333333 0.115 0.03666666666666667
1 0.7416666666666667 0.013333333333333334 0.03333333333333333 0.025