1 0.6033333333333334 0.5933333333333334 0.335 0.38
1 0.485 0.41333333333333333 0.22666666666666666 0.49
1 0.545 0.685 0.215 0.185
1 0.4633333333333333 0.5083333333333333 0.165 0.27666666666666667
1 0.7033333333333334 0.5216666666666666 0.12 0.21666666666666667
1 0.7016666666666667 0.5833333333333334 0.10333333333333333 0.095
1 0.8183333333333334 0.3933333333333333 0.11666666666666667 0.105
1 0.6266666666666667 0.6133333333333333 0.085 0.19333333333333333
1 0.84 0.37666666666666665 0.07166666666666667 0.075
1 0.76 0.485 0.23333333333333334 0.29
1 0.6233333333333333 0.45666666666666667 0.5066666666666667 0.65
1 0.6416666666666667 0.43333333333333335 0.10166666666666667 0.19666666666666666
0 0.5233333333333333 0.49666666666666665 0.9466666666666667 0.9933333333333333