1 0.5608912822501202 0.4122070482726038 0.055506500136768486 0.05550650013676858
1 0.5694905897683098 0.5007441159937591 0.024555739660265773 0.030950760476502904
1 0.2558969539156933 0.3182484068740066 0.017617427143169568 0.02401244795940689
1 0.03605255340827879 0.5172778698301329 0.01775325006838429 0.027345781292740033
1 0.5591878240193632 0.452071225347389 0.0922354066004694 0.14019806272224894
1 0.5593915584071854 0.45707122534738903 0.0689756563953165 0.0593831251709607
1 0.4924107826604258 0.5691510324552729 0.017617427143169568 0.0240124479594067
1 0.5742557354819705 0.45434909517752187 0.03455573966026558 0.03135822925214711
1 0.4080898972864993 0.5823542145289646 0.23601576184418852 0.5653593338804076
1 0.5400027615706514 0.47125628779610085 0.020950760476502902 0.024148270884621563
1 0.5534549028324801 0.7197254440546489 0.028160718844028453 0.03775325006838443
1 0.3237181154466849 0.3492981987116339 0.042716458504294036 0.06829654176924313
1 0.4604102303462956 0.477996537590948 0.017617427143169568 0.02401244795940689
1 0.3404470219103858 0.43317482374582605 0.0678154898654185 0.11258063557907937
1 0.4088114751422362 0.4775579489167869 0.07849460449149195 0.12965477102139022
1 0.5408544906860299 0.45132419925870815 0.02441991673505091 0.02761742714316957
1 0.5411940479990667 0.45965753259204156 0.035234854286339136 0.04802489591881378
1 0.48923304881967794 0.7770089855503549 0.028160718844028453 0.03775325006838443
1 0.4824786941230332 0.5704102303462956 0.3905715015044541 0.6016071884402837
1 0.4680106424927457 0.7461940479990666 0.09508768802997812 0.21019806272224892
1 0.5494283499712755 0.4167316680343523 0.03496320843590979 0.041358229252147015
0 0.5 0.5 1 1