0 0.5 0.5 1 1
1 0.2576930485761504 0.5594473316666954 0.36466672318653415 0.4403851786144943
1 0.04615871535590775 0.11291216837349917 0.04612699489267316 0.0825238792570326
1 0.3359945907964149 0.899689234738994 0.024613761548030764 0.03802567857429949
1 0.6482115498247094 0.7107867951506722 0.045079371807920744 0.052523879257032606
1 0.30707400499423615 0.5322624277610779 0.06612699489267318 0.08368874660643238
1 0.7219099510845776 0.8002521199900375 0.04911112053108885 0.07271802381526603
1 0.5909363895139287 0.9162079601105063 0.05507937180792074 0.05310631293173249
1 0.04013226279658979 0.09419054592369928 0.024962969242948222 0.04802567857429961
1 0.2647406434009691 0.7402239098996285 0.017597887186446618 0.027637389457833023
1 0.3483861536721682 0.6883137849096771 0.059809535920924 0.09330045748996572
1 0.18738618193210185 0.4685094847188966 0.06694181284748064 0.10702207993976572
1 0.2187406716609028 0.5271175969678962 0.05601059232770069 0.07977297959839916
1 0.7605290511863592 0.41170820417678716 0.319851876971793 0.20491625514059478
1 0.7533438832711334 0.2826953648896373 0.2038412846440921 0.12164867349399666
1 0.30214806650833975 0.6254986888152947 0.059809535920924 0.09330045748996572
1 0.2468994011467774 0.533767825712879 0.22287834366107764 0.28575858506026314