1 0.2816666666666667 0.20333333333333334 0.08666666666666667 0.12
1 0.18166666666666667 0.6033333333333334 0.09833333333333333 0.165
1 0.43166666666666664 0.24833333333333332 0.013333333333333334 0.023333333333333334
1 0.2783333333333333 0.5866666666666667 0.09 0.13
1 0.545 0.22 0.095 0.14
1 0.4033333333333333 0.6833333333333333 0.12166666666666667 0.15666666666666668
1 0.41833333333333333 0.23833333333333334 0.08833333333333333 0.15333333333333332
1 0.5 0.39666666666666667 0.011666666666666667 0.016666666666666666
1 0.4766666666666667 0.375 0.011666666666666667 0.02
1 0.3 0.795 0.12 0.155
1 0.435 0.4216666666666667 0.011666666666666667 0.016666666666666666
1 0.38666666666666666 0.43833333333333335 0.011666666666666667 0.023333333333333334
1 0.3433333333333333 0.7916666666666666 0.011666666666666667 0.016666666666666666
1 0.5933333333333334 0.4266666666666667 0.09166666666666666 0.11833333333333333
1 0.5466666666666666 0.37333333333333335 0.008333333333333333 0.013333333333333334
1 0.49833333333333335 0.8933333333333333 0.12333333333333334 0.20666666666666667
1 0.4166666666666667 0.4066666666666667 0.11166666666666666 0.16333333333333333
1 0.4166666666666667 0.2866666666666667 0.01 0.015
1 0.2866666666666667 0.7866666666666666 0.01 0.016666666666666666
1 0.3933333333333333 0.36666666666666664 0.008333333333333333 0.016666666666666666
1 0.69 0.36333333333333334 0.09833333333333333 0.15833333333333333
1 0.7466666666666667 0.345 0.01 0.015
1 0.2816666666666667 0.6383333333333333 0.013333333333333334 0.016666666666666666
1 0.31 0.7883333333333333 0.01 0.016666666666666666
1 0.2633333333333333 0.7833333333333333 0.01 0.02666666666666667
1 0.5616666666666666 0.33666666666666667 0.008333333333333333 0.013333333333333334
1 0.4 0.46166666666666667 0.006666666666666667 0.016666666666666666
1 0.4766666666666667 0.3233333333333333 0.23333333333333334 0.33666666666666667
1 0.265 0.205 0.006666666666666667 0.015
1 0.37 0.6766666666666666 0.01 0.015
1 0.15833333333333333 0.59 0.008333333333333333 0.015
1 0.43 0.6433333333333333 0.008333333333333333 0.013333333333333334
1 0.28 0.605 0.01 0.01
1 0.6383333333333333 0.12 0.058333333333333334 0.075
1 0.45 0.19666666666666666 0.008333333333333333 0.015
1 0.48833333333333334 0.38333333333333336 0.03833333333333333 0.04666666666666667
1 0.5283333333333333 0.34 0.008333333333333333 0.015
1 0.3616666666666667 0.5133333333333333 0.4683333333333333 0.735
1 0.5866666666666667 0.37333333333333335 0.01 0.013333333333333334
1 0.43333333333333335 0.7333333333333333 0.008333333333333333 0.016666666666666666
0 0.4 0.49833333333333335 0.8 0.9966666666666667
1 0.7566666666666667 0.21833333333333332 0.028333333333333332 0.09666666666666666
1 0.051666666666666666 0.935 0.095 0.13
1 0.65 0.045 0.028333333333333332 0.04833333333333333