1 0.41833333333333333 0.9546085219040477 0.04 0.05473016411300326
1 0.345 0.28871433214131964 0.023333333333333334 0.024148151288140792
1 0.24333333333333335 0.09016405390965862 0.023333333333333334 0.030814817954807457
1 0.28 0.4997778154576894 0.03 0.024380956418085777
1 0.5133333333333333 0.7479259950057638 0.016666666666666666 0.02058201282486247
1 0.5916666666666667 0.6406614552826174 0.006666666666666667 0.01356613846327832
1 0.47 0.4680794283277881 0.31333333333333335 0.3509418411074142
1 0.48 0.9300953026893722 0.17 0.10926986414693034
1 0.15666666666666668 0.09547092055370714 0.02666666666666667 0.017597887186446618
1 0.43666666666666665 0.16191540267806317 0.02 0.02736508205650163
1 0.43166666666666664 0.3584074654972711 0.3933333333333333 0.6204021693334207
0 0.3333333333333333 0.5 0.6666666666666666 1