1 0.4716666666666667 0.5416666666666666 0.11 0.12
1 0.45666666666666667 0.5583333333333333 0.018333333333333333 0.023333333333333334
1 0.6233333333333333 0.64 0.013333333333333334 0.02
1 0.30666666666666664 0.023333333333333334 0.015 0.03
1 0.3566666666666667 0.6 0.018333333333333333 0.025
1 0.4216666666666667 0.15833333333333333 0.011666666666666667 0.023333333333333334
1 0.62 0.795 0.011666666666666667 0.02
1 0.37 0.12 0.008333333333333333 0.02
1 0.5816666666666667 0.9 0.013333333333333334 0.015
1 0.025 0.12333333333333334 0.02 0.025
1 0.5566666666666666 0.48833333333333334 0.07166666666666667 0.14666666666666667
1 0.545 0.5083333333333333 0.011666666666666667 0.016666666666666666
0 0.315 0.49833333333333335 0.63 0.9966666666666667