1 0.73 0.7366666666666667 0.03 0.06333333333333334
1 0.44 0.6066666666666667 0.03833333333333333 0.05
1 0.5716666666666667 0.85 0.045 0.05
1 0.9716666666666667 0.205 0.035 0.06
1 0.78 0.585 0.03666666666666667 0.055
1 0.675 0.10666666666666667 0.06333333333333334 0.07
1 0.7466666666666667 0.045 0.028333333333333332 0.04
1 0.85 0.16166666666666665 0.041666666666666664 0.06333333333333334
1 0.385 0.5016666666666667 0.015 0.02666666666666667
1 0.8533333333333334 0.02666666666666667 0.02 0.03
1 0.695 0.09333333333333334 0.023333333333333334 0.03666666666666667
1 0.48833333333333334 0.8933333333333333 0.02 0.03333333333333333
1 0.47 0.5066666666666667 0.028333333333333332 0.04
1 0.40166666666666667 0.8083333333333333 0.016666666666666666 0.02666666666666667
1 0.3516666666666667 0.53 0.03666666666666667 0.035
1 0.30833333333333335 0.4866666666666667 0.03833333333333333 0.065
1 0.47833333333333333 0.5333333333333333 0.06666666666666667 0.09333333333333334
1 0.5233333333333333 0.6966666666666667 0.07333333333333333 0.15
1 0.14666666666666667 0.5033333333333333 0.018333333333333333 0.04
1 0.023333333333333334 0.8266666666666667 0.045 0.08
1 0.7916666666666666 0.335 0.02 0.025
1 0.43333333333333335 0.15333333333333332 0.015 0.023333333333333334
1 0.6233333333333333 0.34833333333333333 0.14166666666666666 0.2833333333333333
1 0.175 0.48833333333333334 0.018333333333333333 0.03666666666666667
1 0.3016666666666667 0.575 0.016666666666666666 0.03
1 0.815 0.33666666666666667 0.015 0.03
1 0.4483333333333333 0.08333333333333333 0.028333333333333332 0.035
1 0.145 0.9216666666666666 0.06666666666666667 0.14666666666666667
1 0.84 0.175 0.021666666666666667 0.03
1 0.6733333333333333 0.3883333333333333 0.021666666666666667 0.03666666666666667
1 0.4866666666666667 0.25666666666666665 0.05 0.07333333333333333
1 0.455 0.55 0.02 0.03
1 0.29833333333333334 0.4766666666666667 0.02 0.04
1 0.4533333333333333 0.19 0.03666666666666667 0.04
1 0.38 0.12833333333333333 0.016666666666666666 0.03666666666666667
1 0.9766666666666667 0.2783333333333333 0.041666666666666664 0.06666666666666667
1 0.10666666666666667 0.07666666666666666 0.05 0.075
1 0.03 0.3883333333333333 0.041666666666666664 0.06666666666666667
1 0.26 0.5833333333333334 0.018333333333333333 0.04
1 0.5716666666666667 0.5666666666666667 0.011666666666666667 0.02
1 0.06333333333333334 0.03666666666666667 0.035 0.055
1 0.3016666666666667 0.335 0.16166666666666665 0.225
1 0.06333333333333334 0.20666666666666667 0.065 0.08333333333333333
1 0.5416666666666666 0.5166666666666667 0.013333333333333334 0.025
1 0.12666666666666668 0.5566666666666666 0.013333333333333334 0.03
1 0.2866666666666667 0.8233333333333334 0.065 0.2833333333333333
1 0.4533333333333333 0.6633333333333333 0.021666666666666667 0.023333333333333334
1 0.2816666666666667 0.7666666666666667 0.051666666666666666 0.16333333333333333
1 0.3416666666666667 0.23 0.028333333333333332 0.065
1 0.53 0.6516666666666666 0.03 0.056666666666666664
1 0.075 0.8366666666666667 0.021666666666666667 0.04
1 0.34 0.5333333333333333 0.013333333333333334 0.03
1 0.26 0.17833333333333334 0.02666666666666667 0.06666666666666667
1 0.9066666666666666 0.29333333333333333 0.17833333333333334 0.23666666666666666
1 0.43833333333333335 0.37 0.011666666666666667 0.02
1 0.575 0.6033333333333334 0.015 0.025
1 0.36333333333333334 0.5166666666666667 0.058333333333333334 0.065
1 0.9433333333333334 0.30333333333333334 0.018333333333333333 0.035
1 0.42333333333333334 0.9466666666666667 0.02 0.023333333333333334
1 0.10833333333333334 0.85 0.016666666666666666 0.025
1 0.415 0.023333333333333334 0.023333333333333334 0.04666666666666667
1 0.9016666666666666 0.355 0.16666666666666666 0.115
1 0.22333333333333333 0.44333333333333336 0.07333333333333333 0.12
1 0.07166666666666667 0.4483333333333333 0.016666666666666666 0.02666666666666667
1 0.5433333333333333 0.74 0.03333333333333333 0.06
1 0.4666666666666667 0.7616666666666667 0.03833333333333333 0.06666666666666667
1 0.3616666666666667 0.5233333333333333 0.016666666666666666 0.02
1 0.15166666666666667 0.5216666666666666 0.06666666666666667 0.10666666666666667
1 0.26666666666666666 0.6633333333333333 0.025 0.02666666666666667
1 0.6566666666666666 0.08833333333333333 0.028333333333333332 0.03333333333333333
1 0.16 0.49666666666666665 0.04666666666666667 0.056666666666666664
1 0.8583333333333333 0.15 0.025 0.04
1 0.49833333333333335 0.51 0.016666666666666666 0.025
1 0.68 0.11666666666666667 0.023333333333333334 0.04
1 0.055 0.195 0.02 0.045
1 0.465 0.56 0.095 0.15
1 0.26 0.48333333333333334 0.12166666666666667 0.9666666666666667
0 0.49833333333333335 0.49666666666666665 0.9966666666666667 0.9933333333333333