1 0.5266666666666666 0.3016083947343462 0.2633333333333333 0.19586246929949358
1 0.045 0.46676189870620466 0.09 0.16647620258759066
1 0.5283333333333333 0.13988352678519328 0.11666666666666667 0.12740742310737058
1 0.7316666666666667 0.36611630365520453 0.043333333333333335 0.034846566677975754
1 0.5083333333333333 0.17224860884169493 0.17666666666666667 0.19283600261020875
1 0.4533333333333333 0.334169251163741 0.1 0.10349207694917481
1 0.5733333333333334 0.3483120921580647 0.06 0.05209524616950489
1 0.05 0.5065872948587459 0.07 0.07911112053108904
1 0.023333333333333334 0.44585184871185923 0.04666666666666667 0.10829630257628158
1 0.475 0.2200793011580865 0.11333333333333333 0.10729102054239813
1 0.365 0.49058725246884544 0.73 0.8521588283956425
1 0.47 0.2752539050055452 0.17 0.21926986414693053
0 0.5 0.5 1 1