0 0.5 0.5 1 1
1 0.9362552822671117 0.7379310933500783 0.10914936089125944 0.11039154874578647
1 0.6482585361697778 0.11747610367782273 0.18023553961451852 0.15950266927687543
1 0.6326434366755559 0.3782327203501439 0.149692450252889 0.13512171285878963
1 0.42136747801244495 0.5457406857908697 0.19969245025288898 0.13686775133337695
1 0.9796148660583704 0.2825607151297264 0.040770267883259145 0.12829630257628158
1 0.8070269436658523 0.5606295228698802 0.165660859168889 0.10570372568365201
1 0.3274896618020004 0.4539417563276133 0.0372097560282963 0.024613761548030577
1 0.31539906909644494 0.5794655678699894 0.09093101033422224 0.043142869254257143
1 0.24086039371711146 0.38691002173441175 0.14573844336340755 0.10833864362715057
1 0.62795377345363 0.391740657530936 0.03403159108400018 0.03116402564972494
1 0.3120283371813339 0.6496401717174481 0.0372097560282964 0.024613761548030764
1 0.6952452942228895 0.6312538767456115 0.057752845389925936 0.04864551027119906
1 0.5958243886508152 0.5162962177964805 0.0372097560282964 0.024613761548030764
1 0.21306318216800005 0.05260843712424673 0.044109175278518556 0.03484656667797573
1 0.6347700344474075 0.11127504727104603 0.050775841945185224 0.03507937180792074
1 0.2797340293811113 0.2654549896722556 0.0337988385004445 0.02116402564972494
1 0.23430592279577794 0.17696822301689802 0.0472097560282963 0.024962969242948246
1 0.7759753764934078 0.3015025421071738 0.11883902411318521 0.09740742310737052
1 0.44113890597533395 0.7502168742484935 0.105660859168889 0.10360847951414731
1 0.8594638782157781 0.3052591446495282 0.1367498249231115 0.29453970003392727
1 0.8085702664633335 0.19694698184162934 0.0922499416410371 0.09980953592092395
1 0.7543960486296303 0.8076665677568987 0.10147409969585187 0.06682541028250814