1 0.43998945006219986 0.25843853145644485 0.1614391718305389 0.14396353393914732
1 0.20084136942389333 0.748150755995856 0.1471746179774256 0.11667585729184396
1 0.5666773579041353 0.8367399446348713 0.20547092055370703 0.1659818163762164
1 0.20743397457645643 0.8416393418243485 0.16384128464409226 0.11745211976763983
1 0.5317090783673698 0.6454202984260186 0.1858201282486247 0.17505030140526134
1 0.9472169590282946 0.5304478703015504 0.10556608194341076 0.1522557564923966
1 0.6987725334238059 0.3786486806694542 0.15430689490398208 0.13031969561549564
1 0.798169350073509 0.3183838817718086 0.1817883795254564 0.15489504891010228
1 0.752375702644136 0.3412103468395803 0.28686775133337716 0.2097078762600363
1 0.19741280405102196 0.7929178772531174 0.20055029236162786 0.21567131138589807
0 0.5 0.5 1 1