1 0.5466666666666666 0.8666666666666667 0.028333333333333332 0.03666666666666667
1 0.8516666666666667 0.6666666666666666 0.041666666666666664 0.07
1 0.5016666666666667 0.82 0.025 0.03
1 0.5616666666666666 0.92 0.028333333333333332 0.04
1 0.8333333333333334 0.76 0.051666666666666666 0.115
1 0.72 0.39666666666666667 0.08833333333333333 0.21
1 0.7983333333333333 0.52 0.08666666666666667 0.15
1 0.24 0.8216666666666667 0.1 0.12666666666666668
1 0.5616666666666666 0.7016666666666667 0.021666666666666667 0.03666666666666667
1 0.5933333333333334 0.6216666666666667 0.05333333333333334 0.07666666666666666
1 0.7733333333333333 0.4533333333333333 0.09166666666666666 0.07666666666666666
1 0.8 0.36 0.02666666666666667 0.085
1 0.625 0.96 0.03333333333333333 0.065
1 0.5533333333333333 0.6266666666666667 0.018333333333333333 0.04
1 0.17333333333333334 0.8883333333333333 0.03166666666666667 0.06333333333333334
1 0.53 0.8133333333333334 0.013333333333333334 0.023333333333333334
1 0.78 0.9066666666666666 0.10833333333333334 0.12833333333333333
1 0.745 0.8233333333333334 0.06833333333333333 0.12666666666666668
1 0.2783333333333333 0.75 0.02 0.035
1 0.5933333333333334 0.7866666666666666 0.021666666666666667 0.023333333333333334
1 0.7083333333333334 0.33 0.075 0.10833333333333334
1 0.72 0.33166666666666667 0.04833333333333333 0.07333333333333333
1 0.3983333333333333 0.7666666666666667 0.021666666666666667 0.02666666666666667
0 0.49833333333333335 0.52 0.995 0.955
1 0.5433333333333333 0.23666666666666666 0.09666666666666666 0.31666666666666665
1 0.4766666666666667 0.445 0.058333333333333334 0.285
1 0.44666666666666666 0.6883333333333334 0.06166666666666667 0.23666666666666666
1 0.3516666666666667 0.5783333333333334 0.085 0.11
1 0.23166666666666666 0.5616666666666666 0.07666666666666666 0.11
1 0.3233333333333333 0.3433333333333333 0.07 0.11166666666666666
1 0.3466666666666667 0.21 0.07 0.075
1 0.45 0.24 0.10166666666666667 0.085
1 0.6433333333333333 0.21333333333333335 0.058333333333333334 0.12333333333333334
1 0.64 0.43833333333333335 0.056666666666666664 0.12333333333333334
1 0.64 0.3616666666666667 0.06333333333333334 0.14666666666666667
1 0.6383333333333333 0.6716666666666666 0.05 0.13
1 0.6333333333333333 0.795 0.06333333333333334 0.12833333333333333
1 0.6983333333333334 0.6366666666666667 0.07666666666666666 0.09666666666666666
1 0.8533333333333334 0.335 0.043333333333333335 0.06166666666666667
1 0.9383333333333334 0.5566666666666666 0.08166666666666667 0.14333333333333334
1 0.9066666666666666 0.46166666666666667 0.03 0.12333333333333334
1 0.935 0.37833333333333335 0.06333333333333334 0.08833333333333333
1 0.9766666666666667 0.7283333333333334 0.04666666666666667 0.115
1 0.89 0.9283333333333333 0.11666666666666667 0.14333333333333334
1 0.87 0.91 0.15166666666666667 0.03
1 0.22833333333333333 0.6866666666666666 0.12 0.11
1 0.20666666666666667 0.38166666666666665 0.12833333333333333 0.1