1 0.2966666666666667 0.6516666666666666 0.095 0.14333333333333334
1 0.5583333333333333 0.4666666666666667 0.12 0.16333333333333333
1 0.685 0.4083333333333333 0.06833333333333333 0.10666666666666667
1 0.49666666666666665 0.31 0.11 0.075
1 0.2783333333333333 0.3433333333333333 0.018333333333333333 0.04
1 0.355 0.315 0.021666666666666667 0.035
1 0.43833333333333335 0.5066666666666667 0.025 0.02666666666666667
1 0.6066666666666667 0.6583333333333333 0.016666666666666666 0.02666666666666667
1 0.5216666666666666 0.885 0.03333333333333333 0.025
1 0.5866666666666667 0.043333333333333335 0.013333333333333334 0.02
1 0.115 0.27666666666666667 0.015 0.035
1 0.4683333333333333 0.31166666666666665 0.05333333333333334 0.07333333333333333
0 0.4716666666666667 0.49833333333333335 0.9433333333333334 0.9966666666666667
1 0.78 0.07666666666666666 0.015 0.018333333333333333
1 0.9383333333333334 0.565 0.016666666666666666 0.03833333333333333
1 0.7833333333333333 0.43166666666666664 0.015 0.023333333333333334
1 0.7333333333333333 0.375 0.01 0.018333333333333333
1 0.7183333333333334 0.255 0.01 0.018333333333333333