1 0.9045612628015685 0.8845799246213644 0.02496320843590979 0.04122284818327102
1 0.33956126280156845 0.9141903199162826 0.048839833470101915 0.05577902969987539
1 0.5849659700065611 0.46038960470508167 0.038839833470101816 0.05525495190704494
1 0.4197649971893906 0.9149976975736391 0.04856818761967247 0.04911236303320872
1 0.7806677712949273 0.13947131735444812 0.035099031361124466 0.045080259309434705
1 0.6128098181998454 0.15995996020042672 0.028296541769243126 0.04139754078088108
1 0.605158361063237 0.6280241676479745 0.04203734387822048 0.05209631117132157
1 0.6529229544627675 0.4885624194195456 0.03496320843590979 0.04174692597610147
1 0.6625325006838428 0.23251426383388482 0.03482738551069512 0.03841359264276804
1 0.2335793824265485 0.8546057904421969 0.04523485428633914 0.048937670435598574
1 0.8476881001764285 0.43158888949388086 0.14086583401717614 0.273479677973462
1 0.20883125170960706 0.6571459200969142 0.03230898972864992 0.058238900045157985
1 0.5500763446988319 0.34196183808357294 0.027889072993599107 0.03139754078088108
1 0.5710723299756496 0.6932791195550194 0.028296541769243126 0.041397540780881176
1 0.2459167304830641 0.501541582994649 0.04217316680343525 0.05542964450465509
1 0.24191271575988177 0.8541690589481715 0.021494052177361785 0.03771482225232754
1 0.4601781376306078 0.8410600271380407 0.06407468775644096 0.10314446675698263
1 0.32502253813802223 0.6393650125138927 0.03230898972865001 0.058238900045157985
1 0.6413269608293596 0.9418013194647036 0.07883983347010182 0.05735126307836633
1 0.5653309755525419 0.5933664658538245 0.03176569802779113 0.044905566711824656
0 0.515 0.49921388331075434 0.97 0.9984277666215087