0 0.49833333333333335 0.49833333333333335 0.9966666666666667 0.9966666666666667
1 0.23 0.47333333333333333 0.10333333333333333 0.16666666666666666
1 0.495 0.5316666666666666 0.14333333333333334 0.35333333333333333
1 0.8333333333333334 0.32 0.08833333333333333 0.17
1 0.495 0.5716666666666667 0.045 0.06333333333333334
1 0.16666666666666666 0.22333333333333333 0.03 0.043333333333333335
1 0.37666666666666665 0.12 0.016666666666666666 0.02
1 0.8116666666666666 0.5616666666666666 0.04666666666666667 0.09166666666666666
1 0.7783333333333333 0.7166666666666667 0.041666666666666664 0.095
1 0.8466666666666667 0.69 0.07 0.09
1 0.7866666666666666 0.8016666666666666 0.03833333333333333 0.06
1 0.9383333333333334 0.8633333333333333 0.03666666666666667 0.06333333333333334