1 0.48782164745831336 0.4765342935098145 0.20401208014461153 0.12021586320207082
1 0.7025490375213282 0.139419029442034 0.15715148581757962 0.08606796017208741
1 0.38941932823137837 0.17988828311954216 0.08360483205784457 0.04812125541068478
1 0.7042738824861045 0.14938993766715364 0.09031028425658444 0.054904289176872914
1 0.7644872029125062 0.18500930043812724 0.030096963830182517 0.01719031861451318
1 0.16388713837784796 0.3788447645032715 0.10705452198739702 0.06852854025900987
1 0.20574884391735368 0.6981465619061428 0.03009696383018261 0.01719031861451318
1 0.7484228232054454 0.5753293099618113 0.02343029716351604 0.01707395151499175
1 0.5851379717872034 0.5865136372334201 0.020096963830182706 0.017015767965230945
1 0.5171537082425274 0.647706400003515 0.026763630496849183 0.01713213506475237
1 0.7417076746236874 0.5671123437279993 0.036860594327031704 0.033973352380701274
1 0.5378604329903863 0.48232820693007017 0.09717087858361613 0.08835398960972762
0 0.5 0.4166666666666667 1 0.8333333333333334
1 0.04858766171675579 0.615881188744897 0.09081449617353375 0.14157095584353954
1 0.15319980639602543 0.5473817402607675 0.1107757106414607 0.13525339047543714