1 0.6709205897769942 0.5639219983587772 0.17591120036126312 0.2466553233355205
1 0.42369210794428475 0.34016418125308034 0.21046738187786748 0.27134688592100076
1 0.490649161464848 0.21550941023169032 0.0329697741593723 0.05788907299359892
1 0.6518011397544153 0.5496690244474581 0.017714822252327546 0.020679114626073556
1 0.34674692597610135 0.02074280947056858 0.028937670435598476 0.04148561894113716
1 0.2213904537915107 0.04943693173177036 0.017714822252327546 0.020679114626073507
1 0.9338101046269319 0.5765932320627565 0.024905566711824652 0.03095076047650309
1 0.8414234066017137 0.6621987635606494 0.018064207447547838 0.027345781292740224
1 0.46978278546616764 0.16792310298703783 0.018064207447547838 0.027345781292740224
0 0.6033333333333334 0.3774561559850109 0.7933333333333333 0.7549123119700218
1 0.4712699749722145 0.578738040538326 0.15505191135195331 0.16597620870944677