1 0.5983468722378855 0.4220550449377784 0.37894080440941785 0.42343393614385616
1 0.47449748001381326 0.6066988338547873 0.27390888425451104 0.5249772704702707
1 0.5394382350165883 0.3241052475297543 0.2359818163762164 0.21055716967082314
1 0.4524107619543418 0.5071234805601808 0.19366221957400626 0.30171696807192805
1 0.698497529420456 0.4952012056210458 0.14071242216598231 0.23605484731120743
1 0.6981139934951468 0.4317126197925533 0.11481282734993405 0.10845666567358572
1 0.8174426821092488 0.6310231741895143 0.12845666567358574 0.1157443423208891
1 0.6211003063706664 0.39973085282297965 0.10280373553804224 0.20768040319778985
1 0.8400773792143658 0.6471099416556285 0.08054797904564566 0.08690414072199398
1 0.7584564186403719 0.534740043448157 0.26428322955464295 0.3183106038036038
1 0.6169038936887803 0.5615527719848055 0.5754705998312801 0.7153061567109434
1 0.6357394999750865 0.5874842869557604 0.12311424052836059 0.21527858483541157
0 0.5 0.5006986362282162 1 0.9986027275435676