1 0.40166666666666667 0.79 0.06833333333333333 0.11
1 0.38166666666666665 0.3466666666666667 0.04666666666666667 0.07333333333333333
1 0.7166666666666667 0.24333333333333335 0.01 0.023333333333333334
1 0.7883333333333333 0.23333333333333334 0.016666666666666666 0.02
1 0.6683333333333333 0.21666666666666667 0.01 0.013333333333333334
1 0.9683333333333334 0.975 0.058333333333333334 0.045
1 0.14 0.6016666666666667 0.03333333333333333 0.03666666666666667
1 0.14 0.5583333333333333 0.021666666666666667 0.02666666666666667
0 0.5 0.5 1 1
1 0.615 0.125 0.015 0.02
1 0.975 0.47833333333333333 0.013333333333333334 0.016666666666666666
1 0.8833333333333333 0.3466666666666667 0.02 0.021666666666666667
1 0.9566666666666667 0.9216666666666666 0.03 0.041666666666666664