1 0.5866666666666667 0.2916666666666667 0.07166666666666667 0.14333333333333334
1 0.5383333333333333 0.76 0.095 0.17
1 0.37333333333333335 0.415 0.105 0.195
1 0.7783333333333333 0.49666666666666665 0.1 0.17
1 0.13833333333333334 0.6333333333333333 0.10833333333333334 0.15333333333333332
1 0.395 0.695 0.03666666666666667 0.075
1 0.7216666666666667 0.8533333333333334 0.11166666666666666 0.17666666666666667
1 0.32166666666666666 0.02 0.07166666666666667 0.04
1 0.20333333333333334 0.31666666666666665 0.09166666666666666 0.175
1 0.415 0.8766666666666667 0.051666666666666666 0.09333333333333334
1 0.56 0.09 0.043333333333333335 0.06
1 0.7033333333333334 0.23666666666666666 0.021666666666666667 0.045
1 0.6133333333333333 0.43166666666666664 0.018333333333333333 0.05333333333333334
1 0.18666666666666668 0.30666666666666664 0.058333333333333334 0.13666666666666666
1 0.145 0.41833333333333333 0.04666666666666667 0.14333333333333334
1 0.785 0.16 0.016666666666666666 0.05
1 0.8266666666666667 0.2833333333333333 0.03333333333333333 0.035
1 0.685 0.5533333333333333 0.056666666666666664 0.09666666666666666
1 0.6016666666666667 0.5883333333333334 0.12333333333333334 0.15333333333333332
1 0.44666666666666666 0.6 0.05333333333333334 0.085
1 0.49 0.6 0.06333333333333334 0.08
1 0.48333333333333334 0.9433333333333334 0.09666666666666666 0.11
1 0.5783333333333334 0.06166666666666667 0.08166666666666667 0.11666666666666667
1 0.515 0.49833333333333335 0.06833333333333333 0.08666666666666667
1 0.6016666666666667 0.5733333333333334 0.4533333333333333 0.32
1 0.185 0.36 0.12833333333333333 0.26
0 0.48333333333333334 0.49666666666666665 0.8533333333333334 0.9933333333333333