0 0.37333333333333335 0.39166666666666666 0.7466666666666667 0.7833333333333333
1 0.3616666666666667 0.42333333333333334 0.17166666666666666 0.20666666666666667
1 0.6483333333333333 0.43666666666666665 0.105 0.13333333333333333
1 0.49333333333333335 0.5866666666666667 0.09666666666666666 0.115
1 0.6833333333333333 0.25833333333333336 0.041666666666666664 0.05333333333333334
1 0.49833333333333335 0.745 0.018333333333333333 0.035
1 0.5833333333333334 0.59 0.06333333333333334 0.06
1 0.19833333333333333 0.6416666666666667 0.04666666666666667 0.023333333333333334
1 0.625 0.6066666666666667 0.015 0.025
1 0.73 0.27666666666666667 0.02 0.03333333333333333
1 0.32666666666666666 0.43833333333333335 0.10333333333333333 0.17333333333333334
1 0.7033333333333334 0.04833333333333333 0.02666666666666667 0.03833333333333333