1 0.435 0.051666666666666666 0.11 0.10333333333333333
1 0.9016666666666666 0.5733333333333334 0.018333333333333333 0.023333333333333334
1 0.925 0.31333333333333335 0.011666666666666667 0.016666666666666666
1 0.6733333333333333 0.3983333333333333 0.33666666666666667 0.5616666666666666
1 0.59 0.4483333333333333 0.013333333333333334 0.023333333333333334
1 0.8633333333333333 0.6433333333333333 0.03833333333333333 0.07666666666666666
1 0.07166666666666667 0.355 0.14333333333333334 0.6166666666666667
1 0.055 0.20666666666666667 0.09333333333333334 0.155
1 0.5616666666666666 0.5816666666666667 0.03 0.043333333333333335
1 0.07333333333333333 0.755 0.14666666666666667 0.05
1 0.38 0.17666666666666667 0.016666666666666666 0.02666666666666667
1 0.62 0.43333333333333335 0.015 0.04
1 0.35 0.8366666666666667 0.023333333333333334 0.02666666666666667
1 0.34833333333333333 0.605 0.26666666666666666 0.43333333333333335
1 0.32 0.6433333333333333 0.03 0.03666666666666667
0 0.49833333333333335 0.49833333333333335 0.995 0.9966666666666667