0 0.6134549755422887 0.36739482597831696 0.7668043104069079 0.5896997818130691
0 0.335 0.19166666666666668 0.67 0.38333333333333336
1 0.3578941332428608 0.3402082926432262 0.08817990001130908 0.04484610562711225
1 0.017999985870033153 0.23962180692655527 0.035999971740066306 0.06075638614688946
1 0.41798936528239883 0.3841318969726527 0.16015874361584148 0.10273462683875408
1 0.6434549755422888 0.3668711740304704 0.11244445386442237 0.07192005714210391
0 0.24514281273438993 0.8254616831186634 0.49028562546877985 0.34884389956363027
1 0.09939143570605168 0.7311514502173062 0.07232805129944986 0.06788852121164192
1 0.1419523627852807 0.13243992381052808 0.0817460384745874 0.051396405194257394
1 0.37520101401687617 0.3215840415610892 0.2618307205763253 0.24775528311514847
1 0.6068676806835428 0.31754028485271885 0.09174603847458722 0.05157095584353954
1 0.2079681241071301 0.9607816926423474 0.07911112053108899 0.07133822164449688
0 0.22211372622311362 0.5776520017331767 0.44422745244622724 0.2680293298669801
1 0.27356606781344406 0.5132422727292698 0.09244445386442238 0.07157095584353954
1 0.5362962177964805 0.5736166805232922 0.15542857950283823 0.06267644328899337
1 0.941682526898284 0.07850496364283438 0.0855449820678109 0.06478792207735147
1 0.3602803858247969 0.27187495930989286 0.15279366155933985 0.08261825973923256
1 0.49824865123159545 0.18451852554458345 0.15531217693786573 0.059343109955660035
1 0.4676983588699676 0.3915924770595752 0.4793968872995373 0.4680875134167408
1 0.3100422704010347 0.42266043723166263 0.09946032822600652 0.08168732294306097
1 0.30873012172310266 0.2694434709978507 0.10911112053108904 0.0718618735923432
0 0.6776824279885161 0.8176650874507262 0.3597778154576895 0.2861092727248763
0 0.9131533485422233 0.6569837558505695 0.1399365590735306 0.38221097489090766