1 0.323222241062178 0.12888355504512697 0.06256085642939486 0.07542857950283817
1 0.04734929247471854 0.6391269807627062 0.053026466689284804 0.08841270514125407
1 0.7465291642260939 0.44784117160435744 0.038994717966116546 0.06794709488136409
1 0.27093122051977997 0.020518501248559043 0.02829630257628158 0.041037002497118086
1 0.32120112705661097 0.5010740332541698 0.049693133355951505 0.08829630257628159
1 0.28691540267806315 0.42717985762140853 0.12450797957069265 0.3239576872090648
1 0.03395244756508179 0.4944179871751375 0.03554498206781069 0.06449735898305828
1 0.4931852809549605 0.6953121062880314 0.06957673079097901 0.08566138463278321
1 0.11517998479111015 0.6701322627965899 0.04372488207911976 0.10806349744633659
1 0.0430952885594054 0.3739523769152476 0.0430264666892848 0.0880634974463366
1 0.2471375872203738 0.14822748070616096 0.041280428214697434 0.038063497446336594
1 0.3249524193051481 0.2739999576100995 0.038412705141254076 0.05128042821469743
1 0.21404767960461982 0.4430740473841367 0.02887831540114405 0.06426455385311329
1 0.37782014237859146 0.2588041832372063 0.038412705141254076 0.05128042821469743
1 0.16470382459342006 0.8936772307344336 0.08899471796611655 0.06969313335595151
1 0.5908941897627282 0.05278828061568842 0.06969313335595151 0.08899471796611652
1 0.5537461232543884 0.6614919921693737 0.028063497446336592 0.04093122051977995
1 0.09494186936734798 0.520656074338966 0.041862441039559876 0.05473016411300326
1 0.8019577437289321 0.5059787305647977 0.02473016411300326 0.040814817954807264
1 0.163026537339119 0.6067195576553358 0.031629635909614914 0.047714289751419114
1 0.3551799847911101 0.6617512781185703 0.05841270514125407 0.051978843604532206
1 0.44071958591526944 0.05302639603945058 0.03174603847458741 0.05104762308475244
1 0.12109534507927279 0.7917407281807701 0.03116402564972494 0.03438095641808578
1 0.26701063471760117 0.3828200717287572 0.08434923595485116 0.22267725899436736
1 0.7080106771075018 0.6828041408473057 0.04841270514125407 0.05162963590961491
1 0.8579683360566328 0.5807829561919045 0.05209524616950489 0.06174603847458741
1 0.43948149875144094 0.11314279860442307 0.0318624410395599 0.054380956418085775
1 0.2336720617402849 0.7661163743050388 0.03496296924294825 0.04783069231639161
1 0.2893651668363027 0.6406877948022006 0.04232805129944988 0.0680634974463366
1 0.0946243821356651 0.320423269209021 0.15341801543507122 0.19845504619212306
1 0.4637407423107371 0.003809493531023427 0.027481484621474123 0.007618987062046854
1 0.2490000282599337 0.2015608140394943 0.04232805129944988 0.0680634974463366
1 0.31383073470629214 0.3377989012033228 0.1910265232091522 0.5127196000452362
0 0.5 0.5 1 1