1 0.5393972300727584 0.36249724242064757 0.06795131279063317 0.11443882077878717
1 0.3270401054488719 0.5053528865779867 0.09182793782482539 0.1281794389604456
1 0.682823923101643 0.4899118597357176 0.021629875102576458 0.04034910129856447
1 0.6838114751422363 0.4732742848439314 0.10427275047868989 0.18835398960972763
1 0.40473387729087346 0.8997626155818936 0.04244481265386469 0.060698202597128936
1 0.3206026214029713 0.6334825774871575 0.060877177348322487 0.10432245367926574
1 0.034929178442470926 0.5302327341990428 0.014284093809836248 0.023566067532376184
1 0.3967089813720598 0.8663129151490386 0.07516127115815872 0.12788852121164193
1 0.3820174187865794 0.8327468476166625 0.04564232306198335 0.05742305281355622
0 0.5 0.5 1 1
1 0.8923853344274818 0.44193984847885703 0.06863042741670673 0.13110548744545383