0 0.4323227410056326 0.5766666666666667 0.8646454820112652 0.8466666666666667
1 0.351507852400991 0.6315165575732012 0.23907940006785433 0.26401466493348985
1 0.6429840549885817 0.5465494346275039 0.14903705901698536 0.16583522597304448
1 0.448608408864313 0.4297541800834075 0.1316719769604839 0.1455443082242408
1 0.7203808575083178 0.718004023371522 0.05887831540114405 0.06432245367926574
1 0.41419573198299264 0.2690559774862788 0.031396830779669926 0.04052365194784651
1 0.5378147614349401 0.4062960441520667 0.08279366155933986 0.0813964051942573
1 0.13261898706204686 0.4525891679643523 0.051164025649724935 0.034206086579744124
1 0.5771957178530258 0.37696515497431504 0.021047623084752446 0.030349101298564277
1 0.7630951472597369 0.6887313177435311 0.0279470948813641 0.037132135064752374
1 0.311740657530936 0.6241516883094058 0.15698415389834955 0.20261825973923256
1 0.7880474959150509 0.9293131532411384 0.038063497446336594 0.040640019047367935