1 0.49333333333333335 0.415 0.135 0.175
1 0.5433333333333333 0.8066666666666666 0.025 0.05
1 0.7333333333333333 0.8333333333333334 0.028333333333333332 0.05333333333333334
1 0.2833333333333333 0.19833333333333333 0.03333333333333333 0.043333333333333335
1 0.8816666666666667 0.375 0.016666666666666666 0.05
1 0.7266666666666667 0.5133333333333333 0.043333333333333335 0.025
1 0.82 0.825 0.013333333333333334 0.05
1 0.25 0.19333333333333333 0.018333333333333333 0.03
1 0.27166666666666667 0.19666666666666666 0.058333333333333334 0.045
1 0.125 0.215 0.018333333333333333 0.03
1 0.28833333333333333 0.05333333333333334 0.023333333333333334 0.016666666666666666
1 0.73 0.8433333333333334 0.016666666666666666 0.03333333333333333
1 0.9916666666666667 0.4033333333333333 0.013333333333333334 0.025
0 0.49833333333333335 0.49833333333333335 0.995 0.9966666666666667
1 0.4266666666666667 0.565 0.12333333333333334 0.19
1 0.185 0.8583333333333333 0.105 0.16166666666666665
1 0.13 0.945 0.165 0.11
1 0.03166666666666667 0.6333333333333333 0.06166666666666667 0.11