1 0.4629100424276775 0.5126448301910375 0.08261825973923256 0.15186202066844448
1 0.5974858865823804 0.34904273920785234 0.06858672380877048 0.11155168389037044
1 0.34468464069537963 0.408185132521704 0.040989120345932314 0.057597677000889004
1 0.1078312026015224 0.6044209055720742 0.05794670476140264 0.07465226464014828
1 0.6117801134264069 0.9629579540000746 0.020465468398085704 0.027132171833777648
1 0.7502795619105365 0.861138905975334 0.01029091774880347 0.016899419250222158
1 0.15889916277360985 0.4488792097259261 0.051803690042582486 0.10449709625111116
1 0.12096089351069321 0.6163979090168149 0.03081456969665017 0.04736492441733333
1 0.11985162078581707 0.9665142853085927 0.033973352380701316 0.03744250861185189
1 0.7201631948110151 0.8671073148913339 0.006899400865709519 0.013488501722370073
1 0.09791847792616351 0.5991881529885187 0.03438063722902638 0.06077584194518522
1 0.5940361861495256 0.3556318216800005 0.044206086579744126 0.051008594528740805
0 0.49863268658062293 0.5783333333333334 0.9972653731612459 0.8433333333333334