1 0.5190850061532153 0.5205528439700003 0.09527267557818088 0.16883902411318522
1 0.7395345578612366 0.057223691183111734 0.020465442138763404 0.04046550516711112
1 0.2676157767027397 0.06791219432540764 0.057364829874811674 0.06131893130681486
1 0.2841660828347156 0.07830011529800024 0.020504228983660368 0.043798838500444456
1 0.5543153918947927 0.7881117288736301 0.07170662117546575 0.14829593475155567
1 0.3742789403777001 0.5005112648417781 0.051551473795877885 0.13449709625111117
1 0.3720498644600276 0.5488058060778521 0.04038786844896947 0.03426434366755567
1 0.2593988039040973 0.05771823383911132 0.027054535115636137 0.033954006889481504
1 0.35941469433483936 0.48849546929977805 0.14515631504348997 0.16000278703096305
0 0.5762171149586454 0.4818717752768153 0.8475657700827094 0.9561402994908156
1 0.2610243483980627 0.3478346101308891 0.04104724481221761 0.09093101033422224