1 0.5051432795981243 0.6265052017349341 0.1560490559689282 0.0960097766223267
1 0.5148701443822232 0.5596348926441049 0.193261993067397 0.22992494545326736
1 0.5480579925743639 0.5540530571464977 0.0708729108471554 0.03122185454497526
1 0.557573042103722 0.5372118398305488 0.10533445517706128 0.18507883982615492
1 0.5606460651352503 0.5855160813890018 0.05449721446287412 0.040930936796171595
1 0.9444771738533215 0.7105498233829457 0.060775920753026944 0.02771397056235969
1 0.5484637880173615 0.510690632038284 0.06067893065889886 0.024380637229026357
1 0.5786756032721024 0.460137888315557 0.04077592075302694 0.027364869263795222
1 0.5790635636486161 0.47347122164889044 0.04821850817272093 0.054147903029983506
1 0.5594030289780654 0.48548698961412146 0.08899442892574787 0.08151277229377873
1 0.4729431674137515 0.6087246121243277 0.08812151807859246 0.051512772293778916
1 0.47758586701781797 0.6536664285745669 0.06773355770207899 0.037830337661881305
1 0.580275939825221 0.5151378883155571 0.03077592075302694 0.027190318614513178
1 0.5521672466607245 0.5806615402634037 0.040581940564770394 0.020698202597128745
0 0.5 0.5 1 1