0 0.4828705563081872 0.5 0.9657411126163744 1
1 0.30026434132277596 0.4013408448659182 0.1916902300611385 0.2959253743400039
1 0.687818644956234 0.3751132121196376 0.27729456716340356 0.34362602261359076
1 0.6968365747012671 0.45204191768271945 0.042795081561762156 0.05542964450465509
1 0.334327095430392 0.6707223337849124 0.1162889335139649 0.12576485572113447
1 0.4728351213613354 0.6813054099190665 0.035254951907044946 0.038413592642768134
1 0.1770490046720898 0.6508451150305693 0.09576485572113455 0.11471670013547358
1 0.6041146654595694 0.4588171916163023 0.0912086742045301 0.09120867420453029
1 0.5065887097835927 0.3739257988832185 0.14452783355912288 0.15716239650201563
1 0.7055051192510801 0.5223039565791346 0.021397540780881172 0.027714822252327544
1 0.3962180636202613 0.45623223759900206 0.0852407779283042 0.10419262234264333
1 0.11856223970925744 0.5497167001354737 0.07944757424968812 0.1205099038140897
1 0.7493177060146609 0.3434323714742302 0.056477800090315784 0.06279508156176215
1 0.35704900467208983 0.6602785153015166 0.06735126307836652 0.07998582602125945
1 0.7655995525392554 0.4955357696349222 0.04244569636654205 0.04876297783798843
1 0.782046702245729 0.3019333104158033 0.06436731494025329 0.08647780009031578
1 0.3081845065565557 0.6793247930040313 0.05717657048075637 0.07612841489509549
1 0.48500460485272145 0.7866547951142867 0.06366854454981288 0.07314446675698245
1 0.7327454726361696 0.3126462547849846 0.17189327061623014 0.17189327061623005
1 0.7952266039495635 0.20456078636932573 0.03911236303320872 0.048588285240378185
1 0.6944286157079378 0.6280971602577506 0.03647780009031578 0.061746925976101465
1 0.7079201652337798 0.31466939363624186 0.10997165204251852 0.1320821371925809
1 0.6634229820584991 0.41704900467208983 0.06366854454981288 0.07314446675698245
1 0.19420909874774472 0.40741734840906046 0.02174692597610137 0.034381488918994216
1 0.7977029506999475 0.505528682645552 0.049811133423649304 0.06244569636654205
1 0.2018743120744797 0.6488219761793119 0.1475117816972359 0.1506704224329591
1 0.12926809708906836 0.5319947908937759 0.053843237147423034 0.07595372229748534
1 0.6739683208194406 0.3328351213613355 0.04647780009031578 0.062271003768931715
1 0.7216973170505089 0.29212217699215415 0.0701605186188694 0.0701605186188694
1 0.5545962213161776 0.6556727248593197 0.031746925976101466 0.034905566711824654
1 0.2417869657756746 0.6492516206839669 0.0457790296998752 0.04893767043559838
1 0.7366099707517038 0.29124162701473316 0.04296977415937249 0.058762977837988235
1 0.5834323714742301 0.7618955730425908 0.052795081561762346 0.05595372229748534
1 0.2938384525844134 0.5007294207742827 0.3702359933652945 0.5313266708871774
1 0.4805995525392555 0.4805995525392555 0.7593058344622808 0.7877336010837895
1 0.6148134358500098 0.472674602742466 0.04928705563081868 0.052445696366542054