1 0.41434224501601874 0.8146846406953796 0.03058183549760732 0.03385698528118004
1 0.7296669047587665 0.44573659481013633 0.11033223030159243 0.2118618735923432
1 0.6768319168778216 0.761754806930949 0.061570955843539533 0.09104730389569303
1 0.6026671428508661 0.9064263619087789 0.027539419913077456 0.0504654683980857
1 0.15448391861099822 0.5408023489187417 0.10583522597304451 0.1451370233759159
1 0.5746753402572524 0.35341303809912966 0.14296736103779703 0.1724437090899504
1 0.15799180259361373 0.5507441653689811 0.020581835497607226 0.0336824346318978
1 0.25987433246235125 0.752361083984373 0.030640019047367937 0.03719031861451337
1 0.4211252787822069 0.8212349402625249 0.01701576796523104 0.02029091774880366
1 0.09095916363141071 0.7219660199139564 0.03771397056235974 0.06064001904736794
1 0.08937977228938515 0.7269951116888367 0.0206982025971287 0.040349101298564276
1 0.6387435385214396 0.9674821013029581 0.05742305281355622 0.04432245367926574
1 0.40779194544887354 0.8214676744615677 0.013682434631897706 0.020232734199042854
0 0.5 0.5 1 1
1 0.20071885887352306 0.1332047454559035 0.09536975757495872 0.11829580605996697
1 0.15284255843978956 0.25574416536898104 0.07513702337591582 0.1046133714280693
1 0.5667699480486386 0.47358758874841184 0.10852854025900986 0.10852854025900986
1 0.30623321038324236 0.924938031170817 0.09531157402519795 0.11496247272663368
1 0.1847992779156186 0.9403950640704166 0.034322453679265646 0.05724850216427361
1 0.04718101817638595 0.792751497835726 0.040989120345932335 0.05736486926379522