1 0.38333333333333336 0.8433333333333334 0.016666666666666666 0.035
1 0.5416666666666666 0.9116666666666666 0.06833333333333333 0.12333333333333334
1 0.10333333333333333 0.17166666666666666 0.018333333333333333 0.016666666666666666
1 0.34833333333333333 0.16833333333333333 0.02 0.023333333333333334
1 0.14166666666666666 0.9866666666666667 0.04833333333333333 0.023333333333333334
1 0.6333333333333333 0.43666666666666665 0.09 0.155
1 0.23833333333333334 0.4 0.011666666666666667 0.025
1 0.185 0.23333333333333334 0.018333333333333333 0.025
1 0.14166666666666666 0.34833333333333333 0.03166666666666667 0.023333333333333334
1 0.4 0.5366666666666666 0.43833333333333335 0.7066666666666667
1 0.19333333333333333 0.29333333333333333 0.04 0.043333333333333335
0 0.3416666666666667 0.49833333333333335 0.6833333333333333 0.9966666666666667
1 0.375 0.9666666666666667 0.11666666666666667 0.06666666666666667
1 0.48 0.9516666666666667 0.095 0.095
1 0.6466666666666666 0.8 0.056666666666666664 0.12
1 0.45166666666666666 0.15333333333333332 0.17166666666666666 0.21833333333333332
1 0.5833333333333334 0.19 0.04 0.08166666666666667