1 0.5053311240768122 0.3357806107551707 0.09298810435472357 0.07752515070263068
1 0.945101941456046 0.4433877359847558 0.07285228142950852 0.07326030239834248
1 0.7084296031238064 0.37289924896954885 0.09645726061327158 0.08101373653112319
1 0.5731268373748598 0.42744268210924874 0.12740802108977428 0.1057443423208891
1 0.3437012489742358 0.3832327305228105 0.13502544823294405 0.1293881806445407
1 0.4693492437017922 0.40233313570676227 0.10285228142950871 0.07465757485477487
1 0.398239973637782 0.10621444808574135 0.02401244795940689 0.017753434132780795
1 0.3731636289389501 0.4766802055712189 0.10618561476284204 0.07481282734993404
1 0.35861356094425756 0.588812629723363 0.02401244795940689 0.017753434132780892
1 0.6870345823075691 0.36724172352141676 0.048432364694457795 0.04550686826556159
1 0.4873741396206059 0.3682235398976331 0.1622354066004694 0.14396353393914732
1 0.4537550555350454 0.662566014449501 0.030814937551288227 0.021397272456432383
1 0.9025976505757985 0.13928273548821532 0.05577814598719821 0.06248403992254661
1 0.33572448795065857 0.6198217709418975 0.02401244795940689 0.017753434132780892
1 0.9463611393470687 0.4533101097371762 0.06856818761967286 0.049771716569849786
1 0.5638738634635406 0.4095751062613928 0.8616580849061719 0.652301709618283
1 0.5230221343481622 0.3915157624508824 0.4888907299359899 0.3222011068077602
0 0.5168676394838373 0.44336984880082875 0.9662647210323253 0.8867396976016575