1 0.7712649965242165 0.42008706390597067 0.024885858284925084 0.03442010079944756
1 0.847749085853406 0.5982697400567336 0.05581737325587975 0.05581737325587975
1 0.9272626494612795 0.5705620120166255 0.14547470107744098 0.1534977764536698
1 0.9986051487164688 0.6806442335767938 0.002789702567062401 0.031086767466114225
1 0.5955068682655615 0.07430161080499759 0.09101373653112318 0.09736989820747155
1 0.40875822707194054 0.5994430773623907 0.07566212076072076 0.05341555489350147
1 0.21076272357124365 0.4189270184716518 0.17520555390042059 0.1910959580912915
1 0.7125527225781627 0.552059640250367 0.02155252495159175 0.03426484830428838
1 0.8766074216694418 0.3252103962462231 0.18078545310097296 0.16807312974827643
1 0.9237855519142587 0.4454843857690459 0.049461211579531435 0.06217353493222826
1 0.8739224231590632 0.1604432749889618 0.028684949103735563 0.044575353294606636
1 0.534278881275268 0.8663883288644689 0.049461211579531435 0.06217353493222845
1 0.8795434331397 0.1740094870650339 0.03659363573167563 0.07155252495159166
1 0.5540595414370815 0.469840399225466 0.15791787725311715 0.1769863622821623
1 0.7706988832614301 0.657877013506247 0.05946121157953144 0.06263929241770579
1 0.9219774186901989 0.6566076687026555 0.12070323154080484 0.0921005039972374
1 0.962835902726163 0.7483154461494063 0.048840201598895114 0.048840201598894926
1 0.977959235066415 0.858781203634884 0.04232878742738724 0.051863029941910097
1 0.9492467140871474 0.38513736531123216 0.03504111078008388 0.03821919161825823
1 0.8414705504246371 0.6062925683997485 0.028219191618258227 0.03457535329460673
1 0.663452070360997 0.06915095362242708 0.03155252495159175 0.03473060578976579
1 0.6031415653706788 0.0596897420428955 0.0289954540940541 0.051242019961273304
1 0.9264978752669553 0.43230630493087174 0.02473060578976553 0.031086767466114225
0 0.5 0.5 1 1
1 0.6013564087095621 0.6283700958340427 0.11938818064454078 0.13527858483541158
1 0.33248428695576043 0.6757170174785708 0.15714161477732147 0.16031969561549564
1 0.21880393316461327 0.698694139728913 0.0979909081881082 0.10434706986445652
1 0.41593151497095493 0.039328935647315724 0.07852969660857657 0.043570807388660725
1 0.2807032315408049 0.09955262376487714 0.01790868662793997 0.027442929142462495