0 0.49833333333333335 0.49833333333333335 0.9966666666666667 0.9966666666666667
1 0.695 0.9366666666666666 0.08833333333333333 0.12
1 0.14333333333333334 0.585 0.12333333333333334 0.15
1 0.3883333333333333 0.5983333333333334 0.105 0.12666666666666668
1 0.565 0.41833333333333333 0.10166666666666667 0.17333333333333334
1 0.26166666666666666 0.9516666666666667 0.11333333333333333 0.09333333333333334
1 0.5416666666666666 0.7833333333333333 0.07333333333333333 0.145
1 0.48833333333333334 0.32166666666666666 0.016666666666666666 0.03333333333333333
1 0.6066666666666667 0.325 0.025 0.08
1 0.43333333333333335 0.235 0.08 0.125
1 0.40166666666666667 0.5966666666666667 0.023333333333333334 0.02666666666666667
1 0.6733333333333333 0.33 0.018333333333333333 0.03
1 0.03666666666666667 0.15166666666666667 0.07166666666666667 0.155
1 0.6183333333333333 0.6866666666666666 0.03833333333333333 0.04666666666666667
1 0.5216666666666666 0.5816666666666667 0.018333333333333333 0.03333333333333333
1 0.12666666666666668 0.17166666666666666 0.025 0.03666666666666667
1 0.13833333333333334 0.5733333333333334 0.023333333333333334 0.045
1 0.31666666666666665 0.25666666666666665 0.015 0.02666666666666667
1 0.23833333333333334 0.205 0.015 0.04
1 0.30333333333333334 0.725 0.075 0.1
1 0.755 0.46166666666666667 0.08 0.08833333333333333
1 0.29833333333333334 0.8033333333333333 0.2633333333333333 0.08833333333333333
1 0.2 0.7433333333333333 0.08 0.07333333333333333
1 0.775 0.9816666666666667 0.04833333333333333 0.03666666666666667
1 0.7766666666666666 0.7583333333333333 0.04666666666666667 0.08833333333333333