1 0.85 0.22333333333333333 0.055 0.10666666666666667
1 0.9116666666666666 0.7516666666666667 0.056666666666666664 0.03666666666666667
1 0.6133333333333333 0.18333333333333332 0.12666666666666668 0.18666666666666668
1 0.6983333333333334 0.14166666666666666 0.29833333333333334 0.2833333333333333
1 0.6816666666666666 0.9266666666666666 0.025 0.035
1 0.7283333333333334 0.315 0.02666666666666667 0.07
1 0.47 0.525 0.2966666666666667 0.395
1 0.27166666666666667 0.20666666666666667 0.03666666666666667 0.05333333333333334
1 0.6716666666666666 0.09833333333333333 0.03 0.043333333333333335
1 0.6783333333333333 0.3466666666666667 0.023333333333333334 0.045
1 0.8033333333333333 0.9366666666666666 0.013333333333333334 0.03
1 0.8066666666666666 0.2633333333333333 0.015 0.023333333333333334
1 0.7483333333333333 0.06333333333333334 0.023333333333333334 0.05333333333333334
1 0.42 0.865 0.013333333333333334 0.035
1 0.36 0.2866666666666667 0.02 0.023333333333333334
1 0.6833333333333333 0.5466666666666666 0.085 0.06333333333333334
1 0.7133333333333334 0.2816666666666667 0.021666666666666667 0.023333333333333334
1 0.5866666666666667 0.2633333333333333 0.025 0.03666666666666667
1 0.2833333333333333 0.36333333333333334 0.021666666666666667 0.04666666666666667
1 0.37666666666666665 0.9733333333333334 0.04666666666666667 0.04666666666666667
1 0.22666666666666666 0.765 0.16166666666666665 0.29
1 0.19 0.8166666666666667 0.03833333333333333 0.075
1 0.6633333333333333 0.02666666666666667 0.021666666666666667 0.03333333333333333
1 0.056666666666666664 0.09 0.06 0.085
1 0.335 0.9466666666666667 0.041666666666666664 0.08333333333333333
1 0.31333333333333335 0.06833333333333333 0.09166666666666666 0.13666666666666666
1 0.255 0.35333333333333333 0.021666666666666667 0.035
1 0.8683333333333333 0.18166666666666667 0.02 0.023333333333333334
1 0.8033333333333333 0.02666666666666667 0.08166666666666667 0.05333333333333334
1 0.4533333333333333 0.11 0.05 0.06
1 0.5533333333333333 0.9483333333333334 0.12166666666666667 0.10333333333333333
1 0.61 0.95 0.018333333333333333 0.02
1 0.43333333333333335 0.14666666666666667 0.018333333333333333 0.025
1 0.64 0.9816666666666667 0.016666666666666666 0.023333333333333334
1 0.69 0.45166666666666666 0.14333333333333334 0.25333333333333335
0 0.49833333333333335 0.49833333333333335 0.9966666666666667 0.9966666666666667
1 0.15166666666666667 0.14833333333333334 0.10166666666666667 0.26666666666666666
1 0.09833333333333333 0.37333333333333335 0.11666666666666667 0.26166666666666666
1 0.07 0.6183333333333333 0.12333333333333334 0.3
1 0.07166666666666667 0.87 0.14166666666666666 0.255