1 0.5616666666666666 0.07 0.06833333333333333 0.085
1 0.8766666666666667 0.7966666666666666 0.03166666666666667 0.04666666666666667
1 0.505 0.34833333333333333 0.05 0.09333333333333334
1 0.2733333333333333 0.09166666666666666 0.02 0.03333333333333333
1 0.4166666666666667 0.16 0.02666666666666667 0.045
1 0.985 0.4066666666666667 0.02666666666666667 0.12666666666666668
1 0.5116666666666667 0.78 0.056666666666666664 0.14
1 0.68 0.8933333333333333 0.03833333333333333 0.056666666666666664
1 0.8983333333333333 0.7583333333333333 0.023333333333333334 0.03333333333333333
1 0.08833333333333333 0.09333333333333334 0.07166666666666667 0.09333333333333334
1 0.085 0.08666666666666667 0.058333333333333334 0.05333333333333334
1 0.2966666666666667 0.32166666666666666 0.095 0.14333333333333334
1 0.4166666666666667 0.9466666666666667 0.03333333333333333 0.05333333333333334
1 0.3516666666666667 0.8633333333333333 0.023333333333333334 0.03666666666666667
1 0.7833333333333333 0.835 0.03166666666666667 0.045
1 0.11666666666666667 0.20333333333333334 0.11166666666666666 0.09166666666666666
1 0.11166666666666666 0.13666666666666666 0.023333333333333334 0.03333333333333333
1 0.075 0.30333333333333334 0.14833333333333334 0.18666666666666668
1 0.31666666666666665 0.155 0.02 0.035
1 0.745 0.235 0.095 0.115
1 0.7683333333333333 0.11 0.03333333333333333 0.035
1 0.19833333333333333 0.27666666666666667 0.07166666666666667 0.18
1 0.18 0.11833333333333333 0.021666666666666667 0.04666666666666667
1 0.11833333333333333 0.056666666666666664 0.03333333333333333 0.03
0 0.49833333333333335 0.49833333333333335 0.9966666666666667 0.9966666666666667
1 0.39666666666666667 0.31166666666666665 0.08166666666666667 0.14833333333333334
1 0.3466666666666667 0.56 0.085 0.15166666666666667
1 0.36666666666666664 0.47833333333333333 0.06666666666666667 0.16
1 0.68 0.47333333333333333 0.075 0.13166666666666665
1 0.7283333333333334 0.3983333333333333 0.028333333333333332 0.08333333333333333
1 0.59 0.49333333333333335 0.02666666666666667 0.05333333333333334
1 0.5083333333333333 0.5566666666666666 0.08666666666666667 0.15666666666666668
1 0.6383333333333333 0.5566666666666666 0.07333333333333333 0.13
1 0.775 0.35 0.07 0.16833333333333333
1 0.8166666666666667 0.31 0.09 0.10833333333333334
1 0.8666666666666667 0.22666666666666666 0.058333333333333334 0.15166666666666667
1 0.8683333333333333 0.14666666666666667 0.06333333333333334 0.09333333333333334
1 0.8066666666666666 0.145 0.07166666666666667 0.18166666666666667
1 0.6116666666666667 0.20833333333333334 0.06666666666666667 0.07666666666666666
1 0.6266666666666667 0.325 0.05 0.045
1 0.905 0.5333333333333333 0.07166666666666667 0.15833333333333333
1 0.8466666666666667 0.53 0.06666666666666667 0.08333333333333333
1 0.84 0.4216666666666667 0.05333333333333334 0.09666666666666666
1 0.9266666666666666 0.375 0.12 0.09
1 0.925 0.28 0.07166666666666667 0.085
1 0.975 0.2633333333333333 0.04 0.145
1 0.9533333333333334 0.09333333333333334 0.07333333333333333 0.12666666666666668
1 0.8816666666666667 0.02666666666666667 0.11 0.05333333333333334
1 0.19333333333333333 0.52 0.07666666666666666 0.125
1 0.13333333333333333 0.5366666666666666 0.08166666666666667 0.19
1 0.07166666666666667 0.635 0.03666666666666667 0.09
1 0.16833333333333333 0.6666666666666666 0.07166666666666667 0.07666666666666666
1 0.09166666666666666 0.8 0.08333333333333333 0.095
1 0.25 0.7233333333333334 0.06666666666666667 0.04
1 0.275 0.6133333333333333 0.058333333333333334 0.11666666666666667
1 0.25166666666666665 0.4166666666666667 0.06833333333333333 0.14
1 0.2916666666666667 0.4483333333333333 0.08666666666666667 0.06