1 0.7712256398243976 0.37447223930866724 0.1182376225102062 0.09271544680814828
1 0.5579627108187334 0.5644292666649634 0.07104730389569303 0.061629268084889
1 0.4554608181790222 0.4187684074960744 0.5132414077896287 0.38845946423348193
1 0.3728256874428176 0.4568288026331114 0.0777139705623597 0.06178443647392593
1 0.2844219497818151 0.25985040567288914 0.06455518787830859 0.07147409969585188
1 0.3970983930708085 0.4157440174253336 0.05420608657974412 0.051241347112296394
1 0.37747658614425317 0.43694517892488915 0.08852854025900986 0.10868385572414808
1 0.7132911558409034 0.4914090571406672 0.023566067532376184 0.013876422694963064
1 0.18161983895517306 0.8605458763925927 0.057306685714034654 0.03798559797348162
1 0.4154683887378669 0.9885307776083334 0.047132135064752466 0.022938444783333126
1 0.7492098718591665 0.35396794204429693 0.0609309367961716 0.05472984883466675
1 0.5939977939365181 0.43365481823525975 0.18519520692567654 0.11093379736518538
1 0.5596378129838859 0.469506850859482 0.08116367099521464 0.06852868733511135
1 0.7849371662311756 0.3964492427534081 0.07075638614688937 0.04496260141822234
1 0.5061881125510312 0.4615988370805189 0.1991103757566172 0.14457746747659275
1 0.7927759393915428 0.36830986990637105 0.05069820259712856 0.04116376291777783
1 0.5133286831142697 0.3934594642334819 0.3733164623363613 0.19861184559155579
0 0.5 0.5 1 1