1 0.47852592264058047 0.175 0.19990137246989717 0.17
1 0.31277755449805633 0.62 0.2690919183935965 0.21333333333333335
1 0.8426609337952835 0.99 0.09116486734939959 0.02
1 0.7188602322390371 0.7816666666666666 0.27773290648596344 0.19
1 0.949335376716881 0.13166666666666665 0.0499671241566322 0.056666666666666664
1 0.877053400532147 0.4633333333333333 0.24589319893570594 0.21333333333333335
1 0.5256928333735279 0.32666666666666666 0.049967124156632396 0.056666666666666664
1 0.9921833486546313 0.27 0.01563330269073731 0.04666666666666667
1 0.5350117721687252 0.4866666666666667 0.43711759696789615 0.23666666666666666
1 0.16847194312257047 0.775 0.25734461736949693 0.18333333333333332
1 0.7534288503614638 0.17333333333333334 0.059578835040165735 0.05
1 0.3867395247691686 0.8883333333333333 0.23776578232933113 0.13333333333333333
1 0.8959018606024589 0.47333333333333333 0.16582433674699815 0.1
1 0.7568412628012438 0.375 0.01744324489959979 0.013333333333333334
1 0.5266799940863781 0.315 0.04194144558233271 0.03333333333333333
1 0.5232331505522444 0.3416666666666667 0.03135901190763282 0.023333333333333334
1 0.30362143966871086 0.34833333333333333 0.16326758164659813 0.11333333333333333
1 0.2238633427410094 0.43833333333333335 0.152491003413665 0.1
1 0.7440215009539026 0.8416666666666667 0.395110399698828 0.31666666666666665
1 0.671387221998042 0.4816666666666667 0.15385001532129802 0.12333333333333334
1 0.22232662419682697 0.38333333333333336 0.33731174152612936 0.24
0 0.5 0.5 1 1