1 0.24895595418345995 0.275458365241532 0.03527313521590107 0.06802489591881368
1 0.5467430170849912 0.42108367330679586 0.04155184150605427 0.054963208435909794
1 0.41739910252501766 0.16384826670632643 0.04821850817272084 0.05523485428633914
1 0.00022183555951707173 0.8188087135715848 0.00044367111903414346 0.06428409380983624
1 0.19273075309275914 0.4300197765673708 0.04164883160018258 0.05829654176924313
1 0.28823073402056537 0.9328352664327895 0.06880044873749114 0.07604979183762756
1 0.20976975061252356 0.9862167346613592 0.031066891035412235 0.027566530677281664
1 0.1065462322874146 0.868698338879314 0.04527313521590107 0.06843236469445779
1 0.600209010645421 0.5333926630354459 0.014109254086360276 0.02720995836752536
1 0.09943028528307418 0.9957441902558942 0.020387960376513567 0.008511619488211485
1 0.26617610697738514 0.9452857507522272 0.02783054779620727 0.041086583401717384
1 0.5037569638428151 0.1206450846326347 0.020969900941283866 0.034148270884621565
1 0.5120211624532803 0.5247933555172563 0.031163881129540792 0.041222406326932436
1 0.5911867263484128 0.21264563694676497 0.01744258741969361 0.027345781292740127
1 0.6360334264455124 0.5064854704168669 0.04106689103541233 0.038296541769243124
1 0.6797725552218433 0.5516524132405987 0.04193980188256773 0.06829654176924313
1 0.5028455782533715 0.4960525534082788 0.07281271272972314 0.09951894809617537
1 0.46279207305391934 0.3242189439178803 0.0812252010907008 0.1597905939466048
1 0.8485423439787544 0.5435114709639411 0.021163881129540794 0.040814937551288226
1 0.9800050101523882 0.21180234106761106 0.03242475235320967 0.08455573966026568
1 0.17349885908407833 0.6895443963291195 0.020775920753027134 0.027481604217954706
1 0.539637090385427 0.8946886524905585 0.014012263992232004 0.023876625034192026
1 0.34722015279392515 0.6832738551069506 0.15520179494996475 0.2993095420427801
1 0.8198210502689075 0.5556903094329495 0.021163881129540603 0.04081493755128804
1 0.6891064494770406 0.4602573924243615 0.017636567607950536 0.0340124479594067
1 0.1485473541311425 0.6868590577233425 0.0143032342746172 0.033876625034192025
1 0.5225033083146025 0.9674107826604258 0.03106689103541233 0.03788907299359911
1 0.8628177228821113 0.11024604909321513 0.07436455423577741 0.15285228142950877
1 0.11698268771099232 0.8541058076549582 0.0243032342746172 0.03428409380983643
1 0.29676586230386337 0.6395019330994559 0.024497214462873937 0.04095076047650309
1 0.4860741067308686 0.785712996095242 0.055467115404157996 0.07550650013676849
1 0.5283305287240135 0.4804045586807224 0.020969900941283866 0.034148270884621565
1 0.6894815849394581 0.5620598820162428 0.021163881129540794 0.040814937551288226
1 0.5190858098012368 0.8554724701433296 0.04116388112954061 0.04162987510257646
1 0.593909664679464 0.9219297307566012 0.01783054779620727 0.04067911462607337
1 0.8773578231734099 0.9728946703970371 0.05566109559241454 0.05421065920592582
1 0.9634325289705301 0.6666665181423963 0.038703458643362866 0.07149405217736178
1 0.7326337629986307 0.45535642378548585 0.021163881129540794 0.040814937551288226
1 0.40886397424171966 0.4571816000396598 0.013915273898103635 0.020543291700858692
1 0.6818321924174117 0.7102573924243615 0.17345597325565373 0.24012447959406852
1 0.9262374269385453 0.8553762003528567 0.06918840911400442 0.08938312517096052
1 0.4390272944493963 0.5101385844958661 0.014109254086360276 0.027209958367525548
1 0.8702396706260012 0.485993075181896 0.0143032342746172 0.033876625034192025
1 0.7132898484386573 0.20260317371710157 0.07853512828329788 0.29618561476284205
1 0.5351070103989046 0.36220704827260375 0.024012263992232004 0.024284093809836236
1 0.7165440267443463 0.26280690810492363 0.058279828133881134 0.17217316680343525
1 0.6369648526445082 0.8185596058591776 0.03193980188256774 0.0678890729935991
1 0.45471905002239105 0.3722806314007842 0.03507915502764433 0.06135822925214702
1 0.9337263038622351 0.19656748678127192 0.024497214462874128 0.0409507604765029
1 0.6477970832063075 0.503627517321785 0.0143032342746172 0.033876625034192025
1 0.720413011138454 0.8753564237854857 0.028703458643362864 0.07108658340171739
1 0.07455572981471437 0.7300622397970342 0.14911145962942873 0.2534578129274018
1 0.541183921739093 0.6694849181027365 0.013915273898103729 0.020543291700858692
1 0.40659753194379855 0.42037911044777837 0.014109254086360466 0.027209958367525454
1 0.6240272944493964 0.5176767568452821 0.06193980188256774 0.06911147932053116
1 0.01248046309573026 0.7180248959188137 0.02106689103541225 0.0374816042179549
1 0.5736906337292668 0.06842945459953607 0.02067893065889867 0.02414827088462154
1 0.8990657691916843 0.18347467939985088 0.01744258741969361 0.027345781292740175
1 0.07455572981471437 0.666728906463701 0.14911145962942873 0.12679114626073518
1 0.7667480272373793 0.6019183874254549 0.08035229024354522 0.12979059394660492
1 0.9252753407589693 0.6017033097064866 0.01744258741969361 0.027345781292740224
1 0.44410143932465257 0.2784040063665921 0.035176145121772605 0.06469156258548035
1 0.5230652082698204 0.25992917844247093 0.0420367919766962 0.07162987510257646
1 0.624172779590589 0.5126767568452821 0.017248607231437063 0.020679114626073365
1 0.8441242845435247 0.5233077365761191 0.07329766320036507 0.11618561476284223
1 0.7284403437322379 0.37008477793505645 0.027442587419693798 0.027753250068384243
1 0.3043639551695259 0.9518477143921962 0.03096990094128387 0.034555739660265775
1 0.8333483637904976 0.5495669344671417 0.048412488360977474 0.06190152095300581
1 0.09620676695796523 0.8799575367703365 0.027830547796207316 0.041086583401717384
1 0.48211815254740864 0.5202376158569906 0.01744258741969361 0.027345781292740224
1 0.28190353268334806 0.9208969539156933 0.02783054779620727 0.041086583401717766
1 0.9342312949424293 0.8673824243325601 0.02135786131779734 0.04748160421795471
1 0.5186214990063986 0.46999708990507827 0.10455853442403414 0.1607413544231078
1 0.7301120205512928 0.52555456076987 0.15508476424628384 0.9488908784602601
0 0.5 0.5 1 1