0 0.5 0.5 1 1
1 0.9188158335667409 0.21818223897350117 0.10790784570336882 0.10977034967877501
1 0.6433069339274721 0.8426566082175029 0.17503995450879908 0.15171015156134274
1 0.6262353407171918 0.5915718821156065 0.14814056677275061 0.13093423080831562
1 0.4164110491831301 0.4393974197594258 0.19484602028431433 0.13562542545944628
1 0.9703238498621134 0.659866740706652 0.044768446594520506 0.1245942045570024
1 0.7933880106089723 0.4017708724562514 0.1644581518353448 0.10141918127895763
1 0.325344410948464 0.5336828189675589 0.03689938773604837 0.02106689103541233
1 0.3134074040314208 0.4140707793440724 0.0870933219605331 0.0391884091140047
1 0.2428438271165129 0.607725742940371 0.14116360534690842 0.10407358395339221
1 0.6214098815192279 0.5767173672567992 0.030349081604072504 0.030872910847155405
1 0.3108885944409234 0.3441677694382008 0.03693817458094524 0.02440022436874557
1 0.6841637475069113 0.33830487889582156 0.05720968249522381 0.0483154982668492
1 0.5894922680246333 0.4560206015314164 0.03693817458094524 0.024400224368745664
1 0.21739544307239375 0.9333561785522057 0.04372120178230281 0.034594204557002586
1 0.6315626935710115 0.8496627402136189 0.05038786844896947 0.03478818474525913
1 0.279819620878453 0.7232770235245612 0.0268606008911514 0.01744258741969361
1 0.23712510282201724 0.8128227330344995 0.0402327210693817 0.021163881129540794
1 0.7671068770634709 0.6557831364484835 0.114419364990448 0.0966309965336984
1 0.43540492654361374 0.23891246928878387 0.10445815183534478 0.09967335958464664
1 0.8471844507532648 0.6467887075227355 0.13329688181624058 0.28711594700434034
1 0.7992572116274472 0.7564799021738662 0.08775269832378134 0.09585507578067147
1 0.739513996774886 0.16341970405643405 0.10069816320814501 0.06290970282385161