0 0.23199211907790573 0.7712045614148968 0.46398423815581147 0.4573968969819494
1 0.2852915709420705 0.7607859410578033 0.06577814598719801 0.06184281178843927
1 0.12258078410334965 0.9136778088151709 0.08965477102139009 0.07585507578067109
0 0.314394468502107 0.4124041126774058 0.628788937004214 0.4751917746451884
1 0.19187331114941045 0.5204593006424499 0.07312392727993815 0.07870345864336287
1 0.2798811920715047 0.23989519514416371 0.07285228142950871 0.0720367919766961
1 0.03956432142076051 0.581490521544894 0.027345781292740175 0.0174425874196938
0 0.25 0.13666666666666666 0.5 0.2733333333333333
1 0.09769101027135008 0.05375696384281507 0.09604979183762737 0.06938238930226148
1 0.4034918429208406 0.311209571567285 0.09217316680343515 0.055952065874799735
1 0.16038769220827329 0.19010200024651647 0.05509903136112446 0.044885174839387504
1 0.08035948240467788 0.7650841651800323 0.07230898972864992 0.05870345864336286
1 0.6033928115597161 0.34867500420585096 0.1568647293889156 0.09112821099657244
1 0.19365035250834783 0.6402653204541932 0.06591396891241269 0.06517614512177261
1 0.44617150986104437 0.20342751881814192 0.023876625034192026 0.01401226399223205
1 0.2428013849636208 0.1693924096070377 0.05230898972864992 0.05812151807859247
1 0.20339572165463787 0.8913500465560895 0.0319015209530058 0.047539577513822075
1 0.046562037902104225 0.9277207327879831 0.09312407580420845 0.05300669291798007
1 0.09979074247087512 0.9010234061407361 0.06523485428633916 0.04850947845510594
1 0.114383273695231 0.9105869507171583 0.027481604217954897 0.020775920753026943
0 0.5817402497948472 0.0771387922232126 0.7831861670769723 0.1542775844464252
1 0.317487275883528 0.05235561763034157 0.07537067721155381 0.05213378207082451
1 0.1338399819943722 0.9233383434857213 0.0584323646944578 0.04498216493351568
1 0.0068081612574545074 0.21804236305094818 0.013616322514909015 0.12391527389810364
1 0.006148897460886981 0.7774604224861779 0.012297794921773962 0.034109254086360466