1 0.7655396580051772 0.47309101693220346 0.11577704242328385 0.14527858483541156
1 0.3686739991334117 0.09792222553249214 0.092327341990429 0.13752515070263072
1 0.19586810302734722 0.422894900690174 0.12980857835374585 0.18589959481604817
1 0.27987519740199257 0.07536974998754327 0.08589340952280528 0.1505479790456457
1 0.3830875134167408 0.4458674276279276 0.1460679601720873 0.16334252395851062
1 0.379508360166815 0.909744144694318 0.1323855255401897 0.1427215139778741
1 0.5908137047570089 0.6880636920898854 0.10232734199042891 0.1379909081881082
1 0.6211252787822068 0.8000773792143657 0.12612614372184833 0.16574434232088908
1 0.6135858588691294 0.7503878842046842 0.16126316709776384 0.2706302006058138
1 0.3283539896097277 0.08361638996472662 0.17951766060494226 0.16723277992945323
1 0.9485774233706433 0.8298626346887679 0.044438820778786976 0.06535161577040242
1 0.9612998294314891 0.7942416247081312 0.0723855255401899 0.13992696906500895
0 0.5 0.5 1 1