1 0.3874814139716399 0.48516418125308036 0.2058201282486247 0.17481604217954877
1 0.7953491370450833 0.4818592062476127 0.0578306923163916 0.03564232306198316
1 0.8587089511976683 0.2878835498522962 0.05794709488136391 0.03897565639531659
1 0.12958721007894486 0.6737521454401237 0.048063497446336596 0.041901520953005804
1 0.42484125638415854 0.08254675410991082 0.05748148462147412 0.025642323061983253
1 0.5335555178756439 0.2578608631900036 0.03507937180792074 0.05135822925214702
1 0.8684602858361059 0.19927857066853338 0.054031748723168294 0.022173166803435247
1 0.11508985109588662 0.7076287704743159 0.037481484621474125 0.02482738551069512
1 0.12417980110154114 0.6856225464946124 0.05899471796611654 0.0689756563953165
1 0.1138252831128065 0.8391596142157678 0.037481484621474125 0.02482738551069512
1 0.8700846114519039 0.295741502947378 0.03748148462147431 0.02482738551069512
0 0.5 0.5 1 1
1 0.5276136767682296 0.5709904621355149 0.21547092055370703 0.16522351095519297
1 0.7773702510506504 0.8537296073021016 0.18798943593223308 0.14080359422014188
1 0.8474654830901884 0.8958094144099853 0.1381058384972054 0.14209958367525474
1 0.5206612433331147 0.9607188162850855 0.11783069231639161 0.038087135715848035