1 0.08333333333333333 0.1583236369503151 0.16666666666666666 0.3166472739006302
1 0.3400046502190637 0.3796498189988688 0.08783033766188111 0.06717087858361613
1 0.9462640320374052 0.39945366891355594 0.10014080865533818 0.3905429974490225
1 0.4797512597436263 0.48882562644231675 0.06800488831116334 0.07705452198739711
1 0.22781898182361407 0.7919273577956858 0.40048990995390255 0.41228834639230894
1 0.31719961905264044 0.7314134494957182 0.19816256796347356 0.2777914470967846
1 0.5023282069300703 0.5320232104133945 0.30623321038324225 0.9316871706451771
1 0.8917623774897938 0.08513893073505395 0.16630069437113018 0.1702778614701079
1 0.49554052294481854 0.15710078147754059 0.05432245367926574 0.05697695092325096
1 0.407361083984373 0.24427166006115675 0.07168732294306106 0.09707391475343352
1 0.16933553939681528 0.41897218340006454 0.0313964051942574 0.08017453489432871
1 0.8930677220799877 0.2976825644586361 0.21374818874050297 0.5953651289172722
1 0.6489742173203426 0.6278268989914362 0.01707395151499175 0.02343029716351585
1 0.025900384851400678 0.8831200129069317 0.051800769702801355 0.06368240312199078
1 0.4631963099574175 0.10062804247123909 0.020465468398085895 0.026783023262885782
1 0.43290539220861396 0.11746924403223441 0.027132135064752372 0.02682180879495879
1 0.3719997619079003 0.45612255800517026 0.06438063722902636 0.060368462554693754
1 0.38973817402607674 0.013962487017046298 0.06719031861451318 0.027924974034092595
1 0.673779010394666 0.7343384235298106 0.034264270129504934 0.05352726099369837
0 0.5 0.5 1 1