1 0.9066666666666666 0.4033333333333333 0.13333333333333333 0.23666666666666666
1 0.19166666666666668 0.6116666666666667 0.15 0.2866666666666667
1 0.545 0.52 0.165 0.315
1 0.56 0.875 0.18 0.205
1 0.31666666666666665 0.67 0.021666666666666667 0.03
1 0.14666666666666667 0.6366666666666667 0.058333333333333334 0.11
1 0.30666666666666664 0.63 0.025 0.05
1 0.395 0.5366666666666666 0.08166666666666667 0.15333333333333332
1 0.37166666666666665 0.56 0.5133333333333333 0.395
1 0.27 0.6333333333333333 0.023333333333333334 0.06666666666666667
1 0.15333333333333332 0.6133333333333333 0.07666666666666666 0.25
1 0.39 0.5166666666666667 0.16333333333333333 0.19666666666666666
0 0.54 0.5733333333333334 0.915 0.8433333333333334