1 0.9808350848291866 0.46680263811615164 0.038329830341626805 0.15509903136112446
1 0.6658762070018878 0.478107060807489 0.18953689318904102 0.2542727504786899
1 0.9310689735624703 0.8022412267903128 0.13786205287505937 0.17264287537611342
1 0.38717790163373983 0.887985342784072 0.09856722206661725 0.16727219816455963
1 0.8215561444514865 0.6735258729142793 0.3108556459155371 0.3724957091197526
1 0.7512664107786615 0.7947793991397287 0.0780242062380599 0.1197905939466049
1 0.5900640185868561 0.6979655662167012 0.12217206331422915 0.19155629197439605
1 0.9216507762359246 0.3909820288992903 0.040465442138763595 0.04162987510257646
1 0.4808180267345423 0.480645233156905 0.1898084011033196 0.27760608381202323
1 0.5952556174835365 0.4276260089036645 0.04430300445575692 0.08509903136112447
1 0.48052362240610874 0.03406341868742993 0.05096967112242358 0.06812683737485986
1 0.5584314681094779 0.12898423815581148 0.10162904748567181 0.14407468775644106
1 0.9162605724591507 0.07104994036189768 0.020387868448969282 0.034148270884621565
1 0.5916484409081204 0.11762600890366443 0.1718617685550536 0.16692696918594976
1 0.35835856507529246 0.7040719261857896 0.15193934224484754 0.1727786983013281
1 0.9229284067897197 0.21417953930740893 0.010232721069381417 0.020407468775644113
1 0.5116907307447237 0.5544228268299727 0.2933380039889418 0.5850141049017977
1 0.780761014131099 0.6068224146835225 0.02368241493740584 0.030950760476502904
1 0.47729075917672426 0.4641143894154531 0.11891630367068974 0.19808713571584805
1 0.9316507762359246 0.3905745601236462 0.02701574827073917 0.031086583401717577
1 0.8128326073413794 0.35372960730210146 0.22705687044344036 0.329100135989385
1 0.8818617685550536 0.12414274774331872 0.13159026064077503 0.14196376075004005
1 0.9099647161468094 0.3897907424708751 0.02031029475917573 0.027481604217954897
1 0.8572919268406264 0.5920318207369177 0.037209682495223814 0.04816071884402845
1 0.8156058667515113 0.5920629406354349 0.06779148516867811 0.0993831251709607
1 0.4261647730108106 0.22608382183106623 0.07112481850201145 0.09951894809617537
1 0.8622531399957294 0.5884947530157624 0.15554418349245944 0.19624785455987628
1 0.8044240356460565 0.6342049875403529 0.13597083878632588 0.23209958367525474
1 0.8752567851474389 0.5596181279815702 0.10821814046254455 0.13767966694020364
1 0.427367165202616 0.32941715516439957 0.08449693868024175 0.1033955731303676
1 0.7954757226819387 0.5244087219281749 0.4090485546361227 0.6799037302095269
1 0.7934943190324317 0.6980137011119377 0.0579078457033692 0.10897565639531669
1 0.4273659975387139 0.18601591036845885 0.11209448962443522 0.18448215653208516
0 0.5566666666666666 0.4976910102713501 0.8866666666666667 0.9953820205427002