1 0.16698946419216673 0.3451369216210414 0.258222241062178 0.1429478002121681
1 0.5261111346610559 0.181050747803924 0.19120636670059374 0.13217206331422915
1 0.8108836398249281 0.8093088427752677 0.3782327203501438 0.35798775472096733
1 0.37861378980796445 0.250972006450228 0.22675134876840444 0.19589326509653196
1 0.3305132616045761 0.2570762638658889 0.07852910770622656 0.05422543076596317
1 0.32361378980796446 0.25033202350942835 0.6416402564972492 0.34066404701885666
1 0.21595770133903158 0.22075751113939263 0.24547092055370712 0.159459319499247
1 0.7014021410734871 0.19142039049434717 0.08279366155933986 0.08093088427752676
1 0.3112222975820454 0.563393848928483 0.32474078470063766 0.33031263008698
1 0.15220109879667723 0.30331510757478697 0.07139683077966992 0.04081452374283591
1 0.14210055646332204 0.20490420055165975 0.09554498206781072 0.06441936499044791
1 0.5486137898079645 0.25295013553997236 0.15027514618081397 0.10503995450879908
1 0.12975140528827195 0.6145939057924843 0.20787303336726054 0.13236599753871398
1 0.03528576676844828 0.39025211449183017 0.04589418976272816 0.0738375623169937
1 0.8439365166836302 0.0747936783364796 0.07922752309606153 0.07422543076596315
1 0.3694392283504062 0.5607392853808463 0.15291006412431235 0.08507874135369604
1 0.1903334181131344 0.6319587356672959 0.07484656667797575 0.04418664392106621
1 0.6847778154576893 0.28785433609163213 0.18500531029381706 0.14542782295776854
1 0.26344449625432287 0.3879090133672712 0.03759788718644662 0.027093321960533105
1 0.5110265232091522 0.5124071197114152 0.1640740897740371 0.11852843522172028
1 0.5374550744520566 0.36277559473793614 0.5203598282825518 0.3026010539358999
1 0.6025185860283602 0.5084737579460812 0.07899471796611654 0.06755876409929651
1 0.38589950005654533 0.22106897356247038 0.12729102054239813 0.11476844659452042
1 0.23440743723733742 0.22430417211965917 0.12039154874578648 0.1080242062380599
1 0.5356032540001311 0.5959925675365786 0.2579894359322331 0.13628113354550142
1 0.5584444962543229 0.3913416491406511 0.22915346158195804 0.16926538527476226
1 0.5855714628870623 0.2617101241671722 0.06852910770622657 0.054109070231272274
1 0.428582139994564 0.9631405667727506 0.2860105923277005 0.07371886645449877
1 0.06577254755377272 0.452248469340121 0.1031428692542573 0.09116360534690861
1 0.4944709488136408 0.3722713657542758 0.04438095641808578 0.03050422898366037
1 0.39379370394924035 0.39942170031825214 0.19523811542376224 0.1522108501591261
1 0.4236773013842679 0.3964374485889914 0.8438625258193609 0.6928748971779828
1 0.36041802956503805 0.30240595204751297 0.14659260515256306 0.09500116766390211
1 0.2714021410734871 0.18641688750264077 0.10232805129944987 0.06783027201357518
1 0.06466672318653405 0.42058180267345424 0.10535451798873464 0.15449693868024184
1 0.4259048103503625 0.3648095687672217 0.10612699489267319 0.08120239219180538
1 0.2677302206328706 0.4629284067897197 0.17050795131075888 0.11193934224484754
1 0.30700532442378403 0.2518047559516103 0.12624339745764568 0.08476844659452042
1 0.3475238963221773 0.6487817173774526 0.21500531029381723 0.14577690456184125
1 0.34416939246340944 0.6004289906216707 0.23915346158195802 0.16938174580945314
1 0.2413757309040697 0.5192653852747623 0.16085715900567646 0.12182298171015664