1 0.295 0.2783333333333333 0.06666666666666667 0.10333333333333333
1 0.535 0.43666666666666665 0.045 0.06
1 0.42 0.5683333333333334 0.2733333333333333 0.44666666666666666
1 0.48 0.64 0.04666666666666667 0.065
1 0.31333333333333335 0.7666666666666667 0.058333333333333334 0.05
1 0.435 0.6266666666666667 0.041666666666666664 0.043333333333333335
1 0.4583333333333333 0.6383333333333333 0.09 0.06666666666666667
1 0.42333333333333334 0.30666666666666664 0.01 0.016666666666666666
1 0.92 0.7316666666666667 0.023333333333333334 0.05333333333333334
1 0.9866666666666667 0.47833333333333333 0.021666666666666667 0.043333333333333335
1 0.2816666666666667 0.30333333333333334 0.04 0.055
1 0.4 0.43333333333333335 0.06666666666666667 0.17333333333333334
1 0.44166666666666665 0.45666666666666667 0.05 0.07
1 0.315 0.26 0.028333333333333332 0.065
1 0.45 0.51 0.09833333333333333 0.175
1 0.2833333333333333 0.25833333333333336 0.03 0.043333333333333335
1 0.38166666666666665 0.5183333333333333 0.10666666666666667 0.3466666666666667
0 0.49666666666666665 0.49666666666666665 0.9933333333333333 0.9933333333333333