1 0.5996706900381887 0.7757458971793841 0.09455518787830859 0.07489139273308391
1 0.6064086259721658 0.30319868053529647 0.06478792207735144 0.08665249268792592
1 0.4061421497791789 0.6590344061501345 0.06467155497783002 0.07998582602125945
1 0.47233491254927384 0.7307742451368656 0.04788852121164192 0.07244569636654205
1 0.662950490040825 0.3944144417291971 0.05104730389569302 0.06262038896415201
1 0.6413420069239192 0.39661227317806447 0.08806307186092416 0.08454200753786362
1 0.6304692536775082 0.3460881953852341 0.1296922112542243 0.17997165204251853
1 0.3290100147144264 0.6283498097384347 0.04788852121164192 0.07244569636654205
1 0.48788852121164195 0.09550511925108005 0.034438820778786974 0.0650802593094347
1 0.3477046701242325 0.840802593094347 0.04110548744545383 0.06542964450465509
1 0.6180086735905858 0.39538942499479357 0.04455518787830859 0.07227100376893181
0 0.6083333333333333 0.5056775094223295 0.7833333333333333 0.988644981155341
1 0.5086196008630733 0.424624569273659 0.05490428917687287 0.09279508156176225
1 0.28556874978005764 0.5244994856016414 0.05087275324641079 0.052620388964152005
1 0.321662016447603 0.39817511714082465 0.03736486926379541 0.04192161857371142