1 0.10333333333333333 0.4860654909195346 0.04 0.03356604652577156
1 0.3 0.1482546510567134 0.07666666666666666 0.05044603361883991
1 0.15666666666666668 0.532421873329617 0.03333333333333333 0.030193927660365223
1 0.04666666666666667 0.47472850127548877 0.043333333333333335 0.033585439291808065
1 0.20333333333333334 0.1738170412717724 0.12666666666666668 0.0607369251093877
1 0.595 0.27320505792914823 0.23 0.10800476752318634
1 0.46166666666666667 0.19731410190394227 0.16333333333333333 0.10095024553578934
1 0.17 0.8123443022654709 0.14333333333333334 0.11416722227290355
1 0.28 0.46170434098626584 0.04 0.026899379859104896
1 0.365 0.42287649211900125 0.08666666666666667 0.06050421191694947
1 0.5316666666666666 0.21857352048384204 0.08666666666666667 0.1038375452502828
1 0.63 0.18633476721909814 0.09333333333333334 0.030542997449022474
1 0.018333333333333333 0.40822667312013244 0.03666666666666667 0.036879987093068396
1 0.36 0.4645722479347228 0.043333333333333335 0.023585439291808067
1 0.10166666666666667 0.8877418539692195 0.06666666666666667 0.037054521987397115
1 0.16166666666666665 0.5023927841805622 0.023333333333333334 0.013469082695589047
1 0.06166666666666667 0.24130790049499107 0.12333333333333334 0.12405086567668452
1 0.14 0.27251883715979963 0.14 0.08081449617353371
1 0.24333333333333335 0.7652509947460009 0.03666666666666667 0.02354665375973506
1 0.18833333333333332 0.43223764205227005 0.023333333333333334 0.023469082695589047
1 0.6683333333333333 0.2811117504096782 0.11666666666666667 0.08734541347794476
1 0.6666666666666666 0.26945478012602975 0.08333333333333333 0.05715148581757963
1 0.22 0.6403867441082565 0.03 0.023507868227662054
0 0.5 0.5 1 1
1 0.7783333333333333 0.45047178913047303 0.3433333333333333 0.12199745490176137
1 0.5566666666666666 0.5350947414052349 0.31 0.08180352724139614
1 0.3016666666666667 0.5832449546736951 0.25666666666666665 0.0814932429848119
1 0.42333333333333334 0.6792037853800289 0.12333333333333334 0.09738419901001787
1 0.4483333333333333 0.8040583396347549 0.12333333333333334 0.0907175323433512
1 0.675 0.6927396315442718 0.12333333333333334 0.08071753234335119
1 0.815 0.6602584687040715 0.08333333333333333 0.07715148581757963
1 0.7783333333333333 0.5521384557971398 0.1 0.11391511631442881
1 0.7966666666666666 0.3453651289172723 0.13666666666666666 0.06746177007416387
1 0.5566666666666666 0.3617614080719015 0.13666666666666666 0.06746177007416387
1 0.6383333333333333 0.35628628530400686 0.16 0.07426418610308616
1 0.30666666666666664 0.37821586552464037 0.14333333333333334 0.060833888939570216
1 0.175 0.3906485464497495 0.14 0.07414782950686705
1 0.3416666666666667 0.31134557481459024 0.10666666666666667 0.08728723517983525
1 0.655 0.12618932147382422 0.07 0.05040724808676686
1 0.41333333333333333 0.04926196367813846 0.15666666666666668 0.09424479333704967
1 0.5166666666666667 0.07699412126433974 0.13333333333333333 0.040775710641460704
1 0.605 0.041480212964372015 0.09666666666666666 0.07056239021505901
1 0.22833333333333333 0.028671595526498526 0.12333333333333334 0.04071753234335116
1 0.051666666666666666 0.12636607879310063 0.10333333333333333 0.13393450908046542
1 0.04 0.14476728680756176 0.043333333333333335 0.16358543929180808
1 0.315 0.8148340502762158 0.12666666666666668 0.13740359177605435
1 0.64 0.8196099222543219 0.11333333333333333 0.14732602071190834