1 0.7916666666666666 0.37333333333333335 0.04833333333333333 0.09
1 0.855 0.37 0.041666666666666664 0.07
1 0.8483333333333334 0.5 0.023333333333333334 0.045
1 0.5033333333333333 0.48 0.04666666666666667 0.1
1 0.9366666666666666 0.07666666666666666 0.12166666666666667 0.15333333333333332
1 0.825 0.19166666666666668 0.04833333333333333 0.12666666666666668
1 0.91 0.45666666666666667 0.056666666666666664 0.105
1 0.7433333333333333 0.19666666666666666 0.03 0.045
1 0.47333333333333333 0.5416666666666666 0.028333333333333332 0.09333333333333334
1 0.9433333333333334 0.375 0.04666666666666667 0.06
1 0.9816666666666667 0.4 0.03333333333333333 0.14
1 0.7183333333333334 0.5383333333333333 0.03833333333333333 0.06666666666666667
1 0.7233333333333334 0.13 0.03166666666666667 0.07
1 0.6766666666666666 0.5183333333333333 0.03833333333333333 0.056666666666666664
1 0.06166666666666667 0.565 0.021666666666666667 0.045
1 0.61 0.49333333333333335 0.04833333333333333 0.075
1 0.27666666666666667 0.46 0.3416666666666667 0.6383333333333333
1 0.25 0.08666666666666667 0.05333333333333334 0.043333333333333335
1 0.12166666666666667 0.09 0.12 0.065
1 0.6216666666666667 0.12833333333333333 0.19333333333333333 0.25666666666666665
1 0.975 0.815 0.028333333333333332 0.03
1 0.8883333333333333 0.5016666666666667 0.03333333333333333 0.03666666666666667
1 0.6166666666666667 0.67 0.075 0.21
1 0.715 0.4666666666666667 0.018333333333333333 0.03
1 0.865 0.03833333333333333 0.028333333333333332 0.06333333333333334
1 0.955 0.545 0.03 0.03
1 0.69 0.58 0.6133333333333333 0.515
1 0.7516666666666667 0.7133333333333334 0.021666666666666667 0.04
1 0.07833333333333334 0.47333333333333333 0.021666666666666667 0.04666666666666667
1 0.5683333333333334 0.6816666666666666 0.17333333333333334 0.24333333333333335
1 0.9466666666666667 0.45166666666666666 0.045 0.04666666666666667
1 0.9283333333333333 0.63 0.02 0.035
1 0.03333333333333333 0.48833333333333334 0.03833333333333333 0.043333333333333335
1 0.795 0.6933333333333334 0.04 0.055
1 0.7883333333333333 0.02666666666666667 0.043333333333333335 0.05333333333333334
0 0.49666666666666665 0.49666666666666665 0.9933333333333333 0.9933333333333333