1 0.39287289206759207 0.8977266938047075 0.03554498206781072 0.0650802593094348
1 0.11987290619755894 0.8072261794063489 0.03841270514125403 0.05192161857371161
1 0.2656136626382628 0.6831350773412513 0.1500846821017379 0.20084511503056926
1 0.17180940875122236 0.8444310978445867 0.031629635909614914 0.04823890004515798
1 0.5277247690393849 0.7043343621300505 0.028645510271199062 0.05806420744754784
1 0.4628517215421576 0.9423041362894228 0.03116402564972494 0.034905566711824654
1 0.31866653949696505 0.9265699309521305 0.06635980002261817 0.08998582602125907
1 0.4447988446834554 0.6970350104036374 0.031978843604532396 0.058238900045157985
1 0.13888348439529277 0.8345113571540214 0.024613761548030764 0.037889514849937696
1 0.18213220627672244 0.5011851108100585 0.03151323334464242 0.044905566711824656
1 0.4356506933953146 0.720805075230996 0.053841284644092297 0.1126203889641522
1 0.1444654972201552 0.8175826515909396 0.10395768720906474 0.11857411126163735
1 0.2377883512655226 0.058354594301444414 0.10442329746895476 0.11670918860288883
1 0.591179815231508 0.5546105750052065 0.04864551027119906 0.05911236303320853
1 0.43132793825971505 0.7493131011619395 0.038412705141254076 0.05192161857371161
1 0.3309945907964149 0.8593791864926333 0.02449735898305827 0.03455618151660436
1 0.7367618280563704 0.5303447803424988 0.03554498206781053 0.0650802593094348
1 0.3552697652371625 0.5453470827688596 0.017481484621474124 0.024206796321384064
1 0.18562952286988013 0.7821530070862845 0.017597887186446618 0.0275401296547174
1 0.16115871535590776 0.10921388331075439 0.2776825692881845 0.21842776662150878
1 0.4757353754970525 0.5257248159215613 0.07279366155933985 0.08366854454981269
1 0.2173173600619813 0.7322474403744601 0.25047623084752435 0.3125778670279298
1 0.38587294858745946 0.47886219568917343 0.020698415389834964 0.02104815558566088
1 0.06431744484178234 0.11141880174899219 0.024962969242948222 0.04788951484993764
1 0.306370279310584 0.6593720995032631 0.06004234105086899 0.09963644082603916
1 0.6717618280563704 0.5337512859958965 0.1136191001017816 0.3952407779283042
1 0.5770792446382191 0.86311860093615 0.03852910770622657 0.05525495190704494
1 0.11813224866662296 0.1901156942562865 0.04151323334464242 0.045429644504655
1 0.25290992282464386 0.9516431032721948 0.024380956418085777 0.031222848183271024
1 0.5707988164235218 0.9000473064992318 0.09810583849720539 0.14155805939975039
1 0.5887300510732685 0.7676818694421246 0.017830692316391606 0.03420679632138406
1 0.1109152896383284 0.3967823609229532 0.01414815128814079 0.02403210372377392
1 0.1977460102146537 0.14934375154578164 0.06670900771753561 0.09998582602125926
1 0.5241480806383066 0.4732791195550194 0.1740000282599336 0.21873462988050696
1 0.16987290619755893 0.8046057904421968 0.024264553853113283 0.027889514849937694
1 0.40298405498858164 0.5129013864023176 0.01736508205650163 0.020873462988050734
1 0.5647882947456553 0.4528494750503644 0.09202118465540138 0.15787534087119695
1 0.7613015280902977 0.399296624756838 0.07798943593223309 0.13717657048075638
1 0.2640633985365686 0.6798890903067231 0.06302646668928484 0.08981113342364931
1 0.38899457666644804 0.9611473734368459 0.03093122051977995 0.028238900045157986
1 0.1412010564067767 0.010101520277545793 0.03759788718644662 0.020203040555091586
1 0.06738094228811892 0.07133145545018711 0.024264553853113283 0.027889514849937645
1 0.9219046407907604 0.8500379170835007 0.03120636670059374 0.13139754078088117
1 0.21026445494334534 0.6960175052018187 0.02507937180792074 0.051222848183271025
1 0.42097873056479757 0.7598371789547699 0.024613761548030764 0.037889514849937696
1 0.2745079089208584 0.1902384755019434 0.024264553853113283 0.027889514849937645
1 0.06650792305082523 0.0963314554501871 0.0329100641243123 0.08490556671182456
1 0.2031745897174919 0.08916905894817148 0.03174603847458741 0.051572233378491227
1 0.6000421997512004 0.9201417397874072 0.02946032822600652 0.08139754078088117
1 0.16930158461016503 0.01606941655377191 0.04139683077966993 0.03213883310754382
1 0.499359715242817 0.5161686344049571 0.025079371807920553 0.051222848183271025
1 0.3009734202709804 0.909197406905653 0.018179900011309088 0.044206796321384065
1 0.44976181392640363 0.6501936511393606 0.020698415389834964 0.02104815558566088
1 0.5539575459093963 0.9059207694872824 0.024613761548030764 0.037889514849937314
1 0.5391109792314205 0.9499528732110563 0.028063497446336592 0.041397540780881176
1 0.5622750190111123 0.8106587305908672 0.010698415389834964 0.02052407779283044
1 0.15613216388682188 0.8169712274993041 0.024380956418085777 0.031222848183271024
1 0.3542009716269756 0.6235930698033878 0.5262222975820454 0.5865532748367409
1 0.573994576666448 0.9514519342694833 0.02449735898305827 0.03455618151660436
1 0.56983056514669 0.8801346527980369 0.05314286925425733 0.09262038896415183
1 0.21367723073443362 0.12189096818986934 0.03128042821469743 0.03823890004515789
1 0.43805280620886794 0.7472970493000526 0.024613761548030764 0.037889514849937696
1 0.08138089989821838 0.3850212609681111 0.01058201282486247 0.017190744459497108
1 0.5163755896044012 0.5052951714169063 0.055777787197755516 0.07279508156176234
1 0.2131692087738405 0.7557554663054035 0.02116402564972494 0.034381488918994216
1 0.586650665135381 0.9225071768445144 0.05647620258759048 0.09279508156176235
1 0.1498042256271068 0.04538482014207208 0.031396830779669926 0.04157223337849124
1 0.19970899358756877 0.003616633197859626 0.04058201282486247 0.007233266395719252
1 0.2317247972993187 0.5102313885125731 0.013915346158195802 0.017365437057107254
1 0.1290476089547856 0.06809964239439957 0.07291006412431235 0.08700187788314623
1 0.18561373328809708 0.16328850897075042 0.038994717966116546 0.06858828524037819
1 0.22743376262695378 0.7283900292482963 0.03151323334464242 0.044905566711824656
1 0.2210581023727183 0.7204060811101831 0.06004234105086899 0.09963644082603897
1 0.1435237974124094 0.08231352570515395 0.03829630257628158 0.048588285240378185