1 0.5805418481646551 0.07635441907896673 0.033837562316993704 0.04449735898305825
1 0.8811019220878568 0.30409511899980324 0.050892097432630026 0.07841270514125408
1 0.5283515590918797 0.12315865883604038 0.030426655293866435 0.03771428975141911
1 0.6028484977721215 0.02142324094908733 0.033837562316993704 0.04284648189817466
1 0.8722655274347652 0.20444432669472073 0.06476844659452051 0.12554498206781073
1 0.7146074608954219 0.581465511350122 0.11597083878632589 0.23062435387573146
1 0.8076898474008273 0.4565977741467119 0.10860600891151402 0.17039154874578646
1 0.2553285205177219 0.10603700249711809 0.11833450099723544 0.14740742310737057
1 0.5801528120517836 0.25296288446314713 0.027170895650327036 0.044264553853113286
1 0.6041637475069113 0.3370898652258535 0.06430300445575692 0.08554498206781072
1 0.7768947170804398 0.5259787305647976 0.10434179130065407 0.09027514618081378
1 0.7940644450668647 0.625338516457449 0.034419364990448 0.09449735898305828
1 0.6696897052408245 0.009454982607272198 0.03701574827073917 0.018909965214544397
1 0.5626134413749355 0.3285448972880096 0.023798775472096734 0.04081481795480746
1 0.18955395128368507 0.03369840125986811 0.04081452374283591 0.06739680251973622
1 0.5565879253129706 0.13050257036710752 0.01693817458094524 0.023915346158195804
1 0.8273248753660126 0.062447038361496704 0.12484602028431444 0.12489407672299341
1 0.784804898111613 0.1325289946664918 0.08496238081900515 0.14291006412431234
1 0.2860643029068618 0.1849311781298794 0.02375998862719977 0.037481484621474125
1 0.6228279366857709 0.16484118573432435 0.026976961425842206 0.027597887186446617
1 0.6937735437301376 0.6538305934066236 0.09139632641629021 0.12314286925425734
1 0.7071262704859194 0.651698316480067 0.060930884277526805 0.08209524616950489
1 0.41447520992998904 0.1737830127117718 0.02701574827073917 0.03093122051977995
0 0.5 0.5 1 1
1 0.5111372059410472 0.7435078665309579 0.1339950450243858 0.3478730333672606
1 0.46212743814982155 0.5169787729546982 0.09019626955228906 0.3063598000226182
1 0.45680008529600175 0.258936446033796 0.09298658705706506 0.259809535920924
1 0.3455395128368509 0.3711110640112216 0.09810177992785384 0.12670900771753557
1 0.2188146659028388 0.38053436148017633 0.09143511326118708 0.12647620258759068
1 0.29270807315937364 0.6161904358191425 0.08480723343941737 0.1295767307909788
1 0.3010402388288048 0.7591745614575582 0.08100845796732074 0.08946032822600652
1 0.4129784134097501 0.7319417421976464 0.11449693868024184 0.10395768720906479
1 0.6141020642478595 0.7715660536834773 0.07155147379587788 0.1357777871977557
1 0.633541990324658 0.5326507075252814 0.07155147379587788 0.1357777871977557
1 0.625925045958016 0.6145501793218932 0.08186176855505362 0.16279366155933986
1 0.6547261567579171 0.2870104934179327 0.06833450099723545 0.14566138463278322
1 0.6629249037980132 0.1551110216213211 0.07829571415233848 0.14267725899436737
1 0.7158885944409235 0.3281903792992749 0.09127996588159931 0.11314286925425733
1 0.847029303373677 0.6551427420845557 0.05414785707616943 0.0718624410395599
1 0.9496280219817725 0.42831733180204756 0.09182298171015646 0.159809535920924
1 0.9168559302355429 0.5244231561692863 0.04488480712921122 0.13484656667797576
1 0.9374559586675434 0.6153332061636317 0.07449693868024193 0.10256085642939486
1 0.9900558449395411 0.24697870230486393 0.014768446594520507 0.12379894359322331
1 0.9373248753660126 0.05635972937278391 0.1246520860598298 0.11271945874556782
1 0.9207357823891399 0.047814690785105834 0.15720968249522382 0.05213758722037381
1 0.2286800796096016 0.24857668840107844 0.13814056677275072 0.13143917183053883
1 0.17330926925527632 0.5687142614914853 0.14802420623805987 0.1217883795254564