1 0.45178069187355324 0.2660764241148885 0.10519510188838695 0.1624051100300742
1 0.39458689980907136 0.7422789791299256 0.13221085015912612 0.19302578358622233
1 0.636488622872924 0.4300650425551847 0.14918781158496833 0.2200803712254816
1 0.21819407638448762 0.4364685256339257 0.13554418349245945 0.1931033677807409
1 0.8183856752811681 0.6924257864260734 0.14205570277953825 0.17992520283644467
1 0.551660828347156 0.703632521987555 0.05430300445575711 0.08457468044562953
1 0.19394691686827173 0.8019340308010369 0.14899387736048358 0.20341370455881494
1 0.774224263102061 0.048628341441110466 0.08054301582855715 0.04852868733511118
1 0.8255395128368508 0.36401486889822154 0.13228842384892003 0.19969245025288898
1 0.4912717922342843 0.881656912058296 0.07120239219180538 0.10496260141822253
1 0.5223636622109096 0.07115261479392548 0.054109070231272274 0.06790801377896301
1 0.3493588493952982 0.19014820081162934 0.0305818026734543 0.05069825775066666
1 0.39522921807767525 0.40068989665777743 0.030659376363248045 0.057364924417333325
1 0.8439504198599781 0.356921489161703 0.08841207468702957 0.1520171890574816
1 0.8592207601103545 0.4765335681891104 0.07845086153192635 0.15511776980725928
1 0.28713094114152793 0.09662230050748123 0.027287256185017837 0.05395400688948153
1 0.21747885508169829 0.21154610982844427 0.0404654421387634 0.040931010334222244
1 0.2956547057076396 0.5096452970627405 0.07794663254826598 0.11178443647392593
1 0.3717007828559551 0.5611941939221479 0.1587223694462049 0.18031312380903727
1 0.5195492806280765 0.5994083639327402 0.07112481850201145 0.09829593475155547
1 0.47799897449610074 0.5903781663642218 0.084419364990448 0.09527293819629638
1 0.40906210973906043 0.9302243914906664 0.12139632641629021 0.12279303100266664
1 0.5093212302143034 0.053018816008814626 0.1080242062380599 0.10603763201762925
1 0.4758680333545728 0.487122417225407 0.08783027201357507 0.10201718905748161
1 0.37522805041377316 0.5444499430609627 0.5215150222787853 0.4286922168170374
1 0.8333492237640754 0.4088209084119252 0.18663021514957412 0.28760046403185197
0 0.5 0.5 1 1