1 0.38166666666666665 0.38666666666666666 0.13666666666666666 0.22
1 0.5866666666666667 0.6366666666666667 0.16833333333333333 0.23666666666666666
1 0.5033333333333333 0.7433333333333333 0.023333333333333334 0.05333333333333334
1 0.3983333333333333 0.4033333333333333 0.013333333333333334 0.016666666666666666
1 0.6116666666666667 0.9566666666666667 0.023333333333333334 0.043333333333333335
1 0.735 0.9433333333333334 0.015 0.02
1 0.13166666666666665 0.33666666666666667 0.016666666666666666 0.02666666666666667
1 0.23333333333333334 0.26666666666666666 0.013333333333333334 0.025
1 0.515 0.7933333333333333 0.015 0.025
0 0.37166666666666665 0.6266666666666667 0.7433333333333333 0.745
1 0.5783333333333334 0.4 0.13 0.14166666666666666
1 0.011666666666666667 0.2816666666666667 0.016666666666666666 0.02666666666666667