1 0.6788240072140559 0.7583333333333333 0.09814056677275061 0.12666666666666668
1 0.5885296028856224 0.30333333333333334 0.06434179130065407 0.08666666666666667
1 0.22319991470399828 0.275 0.013604841247612 0.023333333333333334
1 0.14827748839379215 0.2816666666666667 0.020271507914278668 0.023333333333333334
1 0.26775386598768336 0.23666666666666666 0.013527267557818069 0.016666666666666666
1 0.8975428736685542 0.505 0.04054301582855715 0.04666666666666667
1 0.8870386446848941 0.46166666666666667 0.030349081604072504 0.03
0 0.5 0.5 1 1
1 0.2981793536176477 0.13 0.016938174580945334 0.023333333333333334
1 0.02004345750050549 0.5766666666666667 0.016938174580945306 0.023333333333333334
1 0.07988714245701556 0.42 0.023604841247611977 0.023333333333333334