0 0.444954540940541 0.5 0.889909081881082 1
1 0.28166231838729183 0.5486211087939222 0.1527307046030513 0.27985393813001813
1 0.6413244885546554 0.7366669136998805 0.23428322955464295 0.3169133313471715
1 0.6680641861563129 0.6680641861563129 0.03566212076072077 0.05155252495159175
1 0.3785845933264267 0.308666814886595 0.10496807984509322 0.11132424152144153
1 0.5105252495159162 0.356388328864469 0.03155252495159175 0.03473060578976581
1 0.22513252296542968 0.2632694930235197 0.0814794940166007 0.10690414072199407
1 0.5827901966334901 0.6225162071106672 0.08039272655048649 0.08357080738866064
1 0.4715527719848055 0.6622376222752556 0.12303201896819227 0.14210050399723742
1 0.6917810554149556 0.6059728727842529 0.017753434132780892 0.02410959580912921
1 0.385886055911496 0.5368448957247691 0.07070323154080484 0.08977171656984978
1 0.14688141119226458 0.3327991402254536 0.06178999900691906 0.11263929241770579
1 0.693808528477202 0.7923290344606012 0.045817373255879944 0.055351615770402415
1 0.39777181538313544 0.3278540369433037 0.05659363573167582 0.07248403992254661
1 0.7422879236805172 0.6548907006307274 0.035351615770402606 0.044885858284925084
1 0.7145482754855024 0.8448495898506433 0.05039272655048649 0.08217353493222826
1 0.35447499751729755 0.2909133807538142 0.049926969065009055 0.07217353493222826
1 0.5461005534038801 0.2632513588063789 0.056283130741357275 0.06581737325587994
1 0.6683062555242291 0.816087014499328 0.15000919062517729 0.15000919062517729
1 0.7041282240926976 0.9424842869557605 0.032018282437069084 0.044730605789765905
1 0.7068129755698623 0.5002377210885411 0.025972625751038928 0.05775343413278089
1 0.6460185788769257 0.8017445399474601 0.09527858483541157 0.11752515070263068
1 0.6273290344606013 0.6861235299668234 0.05628313074135747 0.06581737325587994
1 0.18464403595022272 0.5008630793485528 0.018063939123099147 0.030776262475795874
1 0.77569888326143 0.6581098922489856 0.039150706589213276 0.05504111078008426
1 0.24726494711757382 0.2742786342420543 0.1293881806445407 0.135744342320889
1 0.15122388574413245 0.35462105938727945 0.04326030239834239 0.0718630299419099
1 0.6196213064204932 0.7705801462337664 0.03597262575103893 0.058219191618258226
1 0.6556715584191118 0.8304660045186913 0.059461211579531624 0.06263929241770559
1 0.579753582352709 0.41449337876765224 0.028219191618258418 0.034575353294606544
1 0.28463025001245673 0.29098641168880507 0.03868494910373575 0.04504111078008407
1 0.6693153967427635 0.8377536811659946 0.03248403992254661 0.05473060578976572
1 0.6338950983167451 0.32721029743293756 0.045662120760720765 0.05201828243706908
1 0.3004933293610094 0.45304120959336963 0.2960001976265711 0.49939737126971806
1 0.4696851467303068 0.5507262081037482 0.6678724181936584 0.6996532265754002
1 0.5973244391480126 0.6132148433388835 0.04217353493222826 0.04852969660857676