0 0.5 0.49833333333333335 1 0.9966666666666667
1 0.5266666666666666 0.5883333333333334 0.44333333333333336 0.8066666666666666
1 0.895 0.3433333333333333 0.055 0.115
1 0.7716666666666666 0.7166666666666667 0.03166666666666667 0.07333333333333333
1 0.975 0.7266666666666667 0.04666666666666667 0.145
1 0.535 0.12333333333333334 0.043333333333333335 0.04
1 0.6183333333333333 0.865 0.025 0.045
1 0.365 0.5966666666666667 0.021666666666666667 0.043333333333333335
1 0.625 0.39666666666666667 0.24666666666666667 0.38333333333333336
1 0.49833333333333335 0.7666666666666667 0.065 0.1
1 0.5133333333333333 0.4066666666666667 0.03166666666666667 0.06333333333333334
1 0.59 0.515 0.17166666666666666 0.145
1 0.525 0.6466666666666666 0.09333333333333334 0.135
1 0.3466666666666667 0.29333333333333333 0.10166666666666667 0.12666666666666668
1 0.6366666666666667 0.5283333333333333 0.07833333333333334 0.10333333333333333
1 0.4583333333333333 0.9083333333333333 0.07833333333333334 0.16666666666666666
1 0.415 0.6033333333333334 0.041666666666666664 0.04666666666666667
1 0.18166666666666667 0.6383333333333333 0.025 0.08333333333333333
1 0.36 0.3466666666666667 0.13 0.23333333333333334
1 0.40166666666666667 0.41 0.04 0.105
1 0.425 0.6483333333333333 0.06166666666666667 0.13333333333333333
1 0.44666666666666666 0.43833333333333335 0.13 0.2866666666666667
1 0.505 0.18 0.03833333333333333 0.03
1 0.4033333333333333 0.4066666666666667 0.215 0.355
1 0.11166666666666666 0.7433333333333333 0.165 0.43333333333333335