1 0.5433333333333333 0.5183333333333333 0.12 0.20333333333333334
1 0.07666666666666666 0.49666666666666665 0.043333333333333335 0.055
1 0.4583333333333333 0.20666666666666667 0.03333333333333333 0.043333333333333335
1 0.03833333333333333 0.20833333333333334 0.03833333333333333 0.043333333333333335
1 0.435 0.6233333333333333 0.023333333333333334 0.02666666666666667
1 0.16833333333333333 0.8266666666666667 0.011666666666666667 0.045
1 0.17333333333333334 0.705 0.021666666666666667 0.035
1 0.013333333333333334 0.19166666666666668 0.02666666666666667 0.02666666666666667
1 0.32666666666666666 0.30333333333333334 0.07833333333333334 0.07333333333333333
1 0.03 0.20666666666666667 0.058333333333333334 0.065
1 0.5266666666666666 0.5216666666666666 0.016666666666666666 0.02666666666666667
1 0.605 0.24666666666666667 0.015 0.016666666666666666
1 0.08 0.9283333333333333 0.021666666666666667 0.043333333333333335
1 0.42833333333333334 0.63 0.03833333333333333 0.04
1 0.6616666666666666 0.43666666666666665 0.08666666666666667 0.18
0 0.39 0.49833333333333335 0.78 0.9966666666666667
1 0.7333333333333333 0.4033333333333333 0.06333333333333334 0.14833333333333334