1 0.3335877831529677 0.32177980292958885 0.10174540802036271 0.15407468775644106
1 0.5040144384468341 0.36537343878220524 0.047830272013575266 0.10190152095300581
1 0.8781999147039983 0.790280079086654 0.24360017059200345 0.4194398418266921
1 0.46620239219180537 0.12228063140078424 0.023837562316993702 0.044284093809836236
1 0.8361888370888676 0.836249235345202 0.1441114055590767 0.32750152930959603
1 0.3723888939528688 0.6374448126538647 0.49849431903243185 0.7251103746922706
1 0.4739004132399477 0.6406818761967249 0.05096967112242358 0.08537067721155381
1 0.8483961842562874 0.6126286219500455 0.044031496541478345 0.06176569802779113
1 0.4416918984086258 0.7359903136112447 0.0774424035646056 0.0697905939466049
1 0.9442324367493761 0.9677404516897771 0.044225430765963365 0.06451909662044576
1 0.21922893375766955 0.5153593338804077 0.07771391147888428 0.09312392727993825
1 0.3441343019732314 0.7986502039840775 0.07829571415233848 0.14312392727993825
1 0.37795013553997236 0.5551442561614393 0.05751997725439954 0.07564232306198315
1 0.870799800975996 0.6768448042972744 0.0540702833863755 0.06550650013676848
1 0.522249637004023 0.21452170966682682 0.05848964837682312 0.15897565639531658
1 0.3055659122427122 0.49055739660265646 0.11833450099723544 0.14808713571584783
1 0.9161500502439706 0.8519438356583989 0.06744240356460561 0.06938312517096051
1 0.39213561179713646 0.48575545932490544 0.04751997725439954 0.07523485428633914
1 0.4538616263950506 0.6365336053121033 0.31605074780392406 0.5326315320449673
0 0.5 0.5 1 1