1 0.3983333333333333 0.26666666666666666 0.08333333333333333 0.06333333333333334
1 0.425 0.7283333333333334 0.055 0.07666666666666666
1 0.5966666666666667 0.35333333333333333 0.055 0.07333333333333333
1 0.5266666666666666 0.29333333333333333 0.03833333333333333 0.065
1 0.365 0.6466666666666666 0.043333333333333335 0.055
1 0.38333333333333336 0.6433333333333333 0.08 0.07
1 0.3983333333333333 0.69 0.11 0.16
1 0.6733333333333333 0.37333333333333335 0.03833333333333333 0.06666666666666667
1 0.555 0.915 0.028333333333333332 0.06
1 0.6416666666666667 0.16666666666666666 0.03166666666666667 0.06
1 0.4066666666666667 0.6416666666666667 0.03666666666666667 0.06666666666666667
0 0.37 0.49833333333333335 0.74 0.9966666666666667
1 0.5116666666666667 0.5983333333333334 0.043333333333333335 0.08333333333333333
1 0.725 0.4666666666666667 0.045 0.043333333333333335
1 0.6966666666666667 0.5966666666666667 0.03 0.03666666666666667