0 0.52 0.49666666666666665 0.8266666666666667 0.9933333333333333
1 0.7033333333333334 0.705 0.05333333333333334 0.09
1 0.6133333333333333 0.415 0.07666666666666666 0.115
1 0.5716666666666667 0.21333333333333335 0.06333333333333334 0.08666666666666667
1 0.5266666666666666 0.29833333333333334 0.04833333333333333 0.07333333333333333
1 0.4066666666666667 0.42 0.06333333333333334 0.1
1 0.74 0.5783333333333334 0.056666666666666664 0.09666666666666666
1 0.7033333333333334 0.4 0.051666666666666666 0.055
1 0.4483333333333333 0.24166666666666667 0.015 0.016666666666666666
1 0.32 0.6766666666666666 0.05333333333333334 0.08666666666666667
1 0.33666666666666667 0.63 0.08833333333333333 0.18
1 0.565 0.5533333333333333 0.056666666666666664 0.09
1 0.455 0.24333333333333335 0.06333333333333334 0.08
1 0.5616666666666666 0.5533333333333333 0.013333333333333334 0.016666666666666666
1 0.26166666666666666 0.5133333333333333 0.018333333333333333 0.03333333333333333
1 0.35333333333333333 0.06333333333333334 0.05333333333333334 0.065
1 0.8766666666666667 0.5716666666666667 0.06166666666666667 0.11333333333333333
1 0.31666666666666665 0.19333333333333333 0.08666666666666667 0.09666666666666666
1 0.3466666666666667 0.5933333333333334 0.06333333333333334 0.1
1 0.44166666666666665 0.6983333333333334 0.075 0.08833333333333333
1 0.42833333333333334 0.81 0.05333333333333334 0.07833333333333334
1 0.6916666666666667 0.49166666666666664 0.065 0.09
1 0.6216666666666667 0.7116666666666667 0.02666666666666667 0.09166666666666666