1 0.4078657717451776 0.904954240325333 0.11103398160692014 0.08581602755792611
1 0.8504059013998949 0.9113410012182958 0.041397540780881176 0.027597677000888627
1 0.7509914596706979 0.2561872263447401 0.13190744459497086 0.10294819939170376
1 0.6231538561727136 0.39599605288940687 0.15892349645685763 0.11023553961451862
1 0.8837534087119692 0.8471542417452586 0.04841359264276813 0.034419512056592605
1 0.45140923262297294 0.748751685310296 0.02806420744754784 0.027287340222814767
1 0.6288574111261638 0.002978630396073821 0.05104815558566088 0.005957260792147642
1 0.7740698410969864 0.21893867821918453 0.21592537434000386 0.18147688672681503
1 0.6052266039495635 0.14944576251451802 0.05876297783798842 0.041318931306814854
1 0.7933781576959162 0.17343438095481414 0.12103398160692014 0.08604878014148155
1 0.5815580593997505 0.07991126768162915 0.10419262234264333 0.08232752583555564
1 0.9588880615100059 0.24300488085399924 0.031746925976101466 0.034031591083999994
1 0.9572072208645985 0.30645459047911033 0.07647780009031598 0.06170685227940747
1 0.6944923986122711 0.29254494974881423 0.4436118486348499 0.3332641102317041
1 0.6787865412324601 0.3112662040547402 0.06928705563081887 0.05155168389037044
1 0.7440131451820235 0.47328060608125866 0.0650802593094348 0.034807433029185215
1 0.34554764118730225 0.28898583140933304 0.03823890004515789 0.03085342613970378
1 0.6414778000903157 0.04514262674970317 0.03771482225232754 0.020853426139703733
1 0.3592303597158558 0.2953421612979256 0.0629697741593723 0.058063182168000084
1 0.8884796779734621 0.1094789805498511 0.10944757424968808 0.11907177669674084
1 0.4357765475632263 0.8325505238107404 0.024381488918994214 0.02054308936162973
1 0.34626058555648354 0.23890824721481455 0.06209631117132157 0.041396515501333324
0 0.5 0.5 1 1