1 0.7575449142177271 0.4238466655877436 0.08927288165207793 0.11624339745764568
1 0.5987512859958964 0.7138413552939264 0.09733708909962578 0.14314286925425734
1 0.31383863229470155 0.7022222693221116 0.07506608533069406 0.09911112053108885
1 0.5446105750052065 0.6318043104069079 0.05698770390440548 0.13507937180792073
1 0.4034444227368984 0.9040476796046198 0.021048155585660786 0.020698415389834964
1 0.45300060425350275 0.8824021834633875 0.018413592642768133 0.033915346158195615
1 0.527731478367717 0.8582963732261157 0.04419262234264314 0.08139683077966993
1 0.730144042213768 0.2776244386555325 0.014730874114214506 0.02713227692655664
1 0.1217281471446392 0.6721375872203738 0.021921618573711516 0.03736508205650163
1 0.5014425448537522 0.9775979578362808 0.021397540780881172 0.02736508205650163
1 0.09346798613137021 0.6060317628531351 0.014381488918994165 0.020465610259889976
1 0.19864267872898037 0.6063651103164354 0.03682718528553607 0.0678306923163916
1 0.15713174611817346 0.12403705901698546 0.011048155585660831 0.020349207694917482
1 0.6162205457569102 0.38050802196059313 0.021222848183271026 0.024031748723168298
1 0.5497379611035847 0.02420642322046125 0.04719074445949711 0.01162963590961489
1 0.2007531638790427 0.6298148462147412 0.055939548318744696 0.11507937180792074
0 0.48712944369181277 0.5017460384745874 0.8790744459497077 0.9965079230508251
1 0.12181779586980501 0.28810583849720556 0.01473087411421441 0.02713227692655664
1 0.25071542650583023 0.8553016270000656 0.014206796321384066 0.017132276926556642
1 0.35941940600249483 0.9475926475424638 0.014730874114214506 0.02713227692655664
1 0.11432727514068018 0.5266137756779976 0.017714822252327497 0.02058201282486247
1 0.12027391044879522 0.4450053102938171 0.014381488918994118 0.020465610259889976
1 0.7853070429692862 0.9994339180565891 0.02104815558566088 0.0011321638868218998