1 0.09206086579744213 0.5033955731303675 0.17132135064752468 0.27345781292740184
1 0.844716652810041 0.5906903094329495 0.21558562077702959 0.32855684428852633
1 0.4727299766196904 0.5572127199381769 0.23610927272487628 0.35937178183981433
1 0.5388392493445666 0.8966864432340375 0.2305649645006353 0.20662711353192512
1 0.7362003333289396 0.6712081529008643 0.027248502164273988 0.0344199167350511
1 0.8983118121172977 0.6078634762363847 0.08548612467448038 0.1267289064637009
1 0.7354439471820501 0.627874819567531 0.03765578701259907 0.05816071884402845
1 0.6258014839791005 0.5484605744980532 0.11630069437113036 0.17461797945729984
1 0.6544548268361179 0.5679484026957115 0.605510566230297 0.5309789702800983
1 0.7720524302989562 0.6260355384115593 0.03794670476140254 0.07482738551069512
1 0.8845711939356393 0.5839868512021925 0.1346546839808578 0.2719637607500401
1 0.6270899575723224 0.5268618192939939 0.21073951514991754 0.24175435469664477
0 0.5006109272724877 0.535 0.9987781454550247 0.93