1 0.4696136908981965 0.4741727795905889 0.17446563851982375 0.22818283803975267
1 0.11028038582479688 0.2748416899447114 0.02771428975141911 0.030775920753027132
1 0.2726719487005501 0.058664983901074795 0.042211648734477386 0.06449721446287396
1 0.4128095217909571 0.005823013495431386 0.023915346158195804 0.011646026990862772
1 0.5038518345818924 0.1135423439787544 0.03197884360453221 0.05753957751382217
1 0.17248672426545705 0.3529503831092079 0.05484656667797575 0.044885174839387504
1 0.7281639691298576 0.3650863707231007 0.13609527442943847 0.27368562357687876
1 0.5930581871525193 0.08597210648435216 0.025079371807920553 0.050678930658898697
1 0.27351848711859217 0.22513767037948468 0.020814817954807458 0.023915273898103634
1 0.269862426909593 0.04376197399520317 0.02771428975141911 0.030775920753027083
1 0.9483227127456989 0.2587820146047556 0.021047623084752255 0.030581940564770396
0 0.5 0.5 1 1