1 0.92 0.16166666666666665 0.155 0.3233333333333333
1 0.6566666666666666 0.385 0.085 0.065
1 0.05 0.3983333333333333 0.1 0.38333333333333336
1 0.515 0.49 0.065 0.075
1 0.755 0.7966666666666666 0.38166666666666665 0.4033333333333333
1 0.67 0.73 0.18666666666666668 0.27
1 0.49166666666666664 0.5366666666666666 0.27 0.9233333333333333
1 0.12333333333333334 0.085 0.16 0.17
1 0.5116666666666667 0.16333333333333333 0.051666666666666666 0.055
1 0.5966666666666667 0.25 0.06333333333333334 0.095
1 0.825 0.42333333333333334 0.03 0.07666666666666666
1 0.10333333333333333 0.295 0.20666666666666667 0.59
1 0.3433333333333333 0.6233333333333333 0.016666666666666666 0.023333333333333334
1 0.955 0.8833333333333333 0.06 0.06333333333333334
1 0.545 0.10666666666666667 0.018333333333333333 0.02666666666666667
1 0.575 0.125 0.02666666666666667 0.025
1 0.6233333333333333 0.4583333333333333 0.06166666666666667 0.056666666666666664
1 0.6216666666666667 0.018333333333333333 0.065 0.03666666666666667
1 0.31666666666666665 0.7283333333333334 0.03166666666666667 0.05333333333333334
0 0.49833333333333335 0.49833333333333335 0.9966666666666667 0.9966666666666667