1 0.2809524616950486 0.5894058118332532 0.18143917183053893 0.14386528170304586
1 0.8209207412318141 0.757674143798901 0.08577778719775571 0.07339557313036758
1 0.6133280936893505 0.35721854012802035 0.16395768720906478 0.11985283374363898
1 0.4663757309040697 0.49839848322528935 0.0960105923277005 0.08046970857267828
1 0.24883080535612634 0.8644369317317704 0.08484656667797576 0.046728906463700925
1 0.7782910629322987 0.3972298834591666 0.2337672231299886 0.212569292247933
1 0.4246296924294823 0.4500283583278657 0.06162963590961491 0.04911147932053135
1 0.6175979578362808 0.5272864515906277 0.05128042821469724 0.038704010544887146
1 0.5277408412205049 0.726225316421854 0.21740742310737043 0.12535933388040765
1 0.2385239387120778 0.9516468900992959 0.05104762308475244 0.03203734387822048
1 0.9621640680396255 0.3096237996471433 0.055079371807920934 0.05217316680343525
1 0.9825555814604949 0.3670742839665811 0.0348888370790102 0.04496320843590979
1 0.8703492783447516 0.5002972426076436 0.044497358983058274 0.035099031361124466
1 0.7260265232091522 0.47780429505854255 0.05841270514125407 0.05230898972864983
1 0.4212593283390972 0.49689875938235445 0.0618624410395599 0.05577814598719783
1 0.458301683519933 0.6973430197220888 0.06554498206781072 0.06591396891241269
1 0.7411376154803074 0.3369893575072543 0.054380956418085775 0.032173166803435245
1 0.4706614552826174 0.573330571762682 0.05461376154803076 0.038839833470101816
1 0.3757249668589209 0.7224052595191229 0.0657777871977557 0.07258063557907936
1 0.21323286164981237 0.4185852026163919 0.054962969242948245 0.04883983347010182
1 0.44168790784193535 0.5561517332936735 0.05104762308475244 0.03203734387822048
1 0.45864558092103325 0.5638059520009333 0.08221164873447738 0.06659308353848625
1 0.5079788859944329 0.35149696227228344 0.05461376154803076 0.038839833470101816
1 0.16097894251430028 0.7862337496580786 0.030698415389834963 0.021222406326932248
1 0.5356244245255656 0.6174166028502693 0.030698415389834963 0.02122240632693244
1 0.7717619693560389 0.44923610743887005 0.06519577437289324 0.055913968912412695
1 0.8149153885480964 0.29893334168992347 0.03748148462147394 0.02482738551069512
1 0.8082858232883157 0.7782174354997599 0.044497358983058274 0.035099031361124466
1 0.14565090534481728 0.8252461976174855 0.030698415389834963 0.02122240632693244
1 0.9691429116441577 0.8194200652593213 0.06171417671168456 0.10033388564746361
1 0.4318942321526287 0.37128755621888826 0.02058201282486247 0.017481604217954895
1 0.8161905064689766 0.1920629406354348 0.024148151288140792 0.024284093809836236
1 0.7605185718983932 0.36624233141857343 0.08864551027119906 0.06019806272224893
1 0.4882487218814297 0.3122439883609643 0.03093122051977995 0.027889072993598916
1 0.8424497641582395 0.1793096905670505 0.03759788718644662 0.028160718844028355
1 0.5845291500961272 0.34503970165901193 0.22237039235031866 0.172161823472289
1 0.9664788577344992 0.33768548713004726 0.06704228453100161 0.10951894809617538
1 0.26252389632217726 0.6352207493845414 0.041047623084752446 0.031629875102576456
1 0.2562222975820454 0.5503565723097562 0.04414815128814079 0.025099031361124464
1 0.4533334039831675 0.5072751082594813 0.15651854363845966 0.1927786983013281
1 0.4174180436950049 0.3868987593823544 0.06162963590961491 0.04911147932053126
1 0.8252487360113965 0.40366169583949413 0.12302646668928484 0.09155629197439585
1 0.39136518096626954 0.7401273896889902 0.037481484621474125 0.02482738551069512
1 0.549529150096127 0.3464658423737663 0.03438095641808578 0.03135822925214702
1 0.40455032062156154 0.4007753844165466 0.02058201282486247 0.017481604217954895
1 0.4933069231639159 0.31370692063980893 0.023915346158195613 0.017617427143169568
1 0.5256720052204175 0.33241660285026925 0.10279366155933985 0.08407468775644106
1 0.5721852385650599 0.3739163266932041 0.06519577437289324 0.055913968912412695
1 0.5669418128474807 0.5053792589720487 0.8661163743050387 0.6789189397395853
1 0.48888369634479545 0.7127872800618231 0.299619071841848 0.1919524174188937
1 0.5504974013729589 0.326397930911159 0.05911112053108885 0.07230898972864992
1 0.5858890207685795 0.9575213058769668 0.2513968307796699 0.05018671939110277
1 0.47119057711881074 0.7318676394838374 0.10244445386442218 0.07407468775644095
1 0.05713765787020803 0.6803084374145196 0.01058201282486247 0.017074135442310685
1 0.9592963449661821 0.3230929559056913 0.03736508205650163 0.021494052177361785
1 0.3656826258080519 0.6260102387028857 0.04116402564972494 0.03496320843590979
0 0.5015714346271287 0.5246265612177947 0.9968571307457427 0.9507468775644106