1 0.2816666666666667 0.4034973165931577 0.08666666666666667 0.1496931333559515
1 0.3616666666666667 0.5757036550338178 0.07333333333333333 0.07922752309606153
1 0.41333333333333333 0.08556608194341093 0.05 0.11174603847458739
1 0.33666666666666667 0.2815766742711116 0.056666666666666664 0.10531217693786572
1 0.27666666666666667 0.6120052537739498 0.07666666666666666 0.10934392566103403
1 0.6216666666666667 0.8549575882992968 0.04666666666666667 0.07829630257628158
1 0.4866666666666667 0.858005225514016 0.09 0.11980953592092382
1 0.5316666666666666 0.7964337908868875 0.15 0.21857144875709536
1 0.05 0.7949206281920792 0.05 0.07841270514125408
1 0.305 0.7776824986383503 0.04666666666666667 0.07496296924294825
1 0.20333333333333334 0.8178994435366779 0.06 0.08876191283617156
1 0.3883333333333333 0.37977243451403797 0.06 0.07876191283617155
1 0.10833333333333334 0.33455024997172733 0.10333333333333333 0.17694181284748065
1 0.115 0.155984111508449 0.06666666666666667 0.08232805129944983
1 0.35333333333333333 0.6676613281129158 0.04666666666666667 0.06496296924294825
1 0.11166666666666666 0.6677671807400882 0.19 0.23663494620343195
1 0.565 0.9502697652371626 0.043333333333333335 0.05151323334464223
1 0.26166666666666666 0.767529065316326 0.03 0.05104762308475244
1 0.5616666666666666 0.8220528344688017 0.08666666666666667 0.14302646668928484
1 0.5033333333333333 0.6174232126891536 0.08 0.15612699489267318
1 0.19666666666666666 0.9214655819999564 0.08 0.08279366155933986
1 0.23333333333333334 0.6501851537852589 0.08 0.08279366155933986
1 0.3233333333333333 0.9087089511976683 0.09333333333333334 0.16325927181922983
1 0.17166666666666666 0.30567193457058334 0.04666666666666667 0.07829630257628158
1 0.78 0.8160951331297701 0.03333333333333333 0.0578306923163916
1 0.6316666666666667 0.010957630689197362 0.03666666666666667 0.021915261378394724
1 0.31166666666666665 0.8874496935084054 0.056666666666666664 0.11197884360453221
1 0.09333333333333334 0.43840739484743685 0.023333333333333334 0.030814817954807457
1 0.0033333333333333335 0.4015502641016942 0.006666666666666667 0.05023280512994499
1 0.25 0.9679364742937299 0.06666666666666667 0.04899471796611654
1 0.04666666666666667 0.5233703640903851 0.09333333333333334 0.18659260515256315
1 0.8733333333333333 0.17616919464387365 0.08 0.11946032822600652
1 0.25 0.706269807627063 0.03666666666666667 0.05128042821469743
1 0.835 0.24750782414105732 0.04 0.061396830779669925
1 0.445 0.6227935909095056 0.016666666666666666 0.02058201282486247
1 0.11833333333333333 0.8125343756101432 0.07 0.09577778719775551
1 0.6783333333333333 0.9296454113614311 0.02666666666666667 0.057597887186446615
1 0.9616666666666667 0.7930845266721026 0.07666666666666666 0.1360105923277005
1 0.42833333333333334 0.5100422704010348 0.05 0.06507937180792074
1 0.023333333333333334 0.3275185153785259 0.03333333333333333 0.0578306923163916
1 0.041666666666666664 0.6718783012711772 0.03666666666666667 0.08461376154803077
1 0.7366666666666667 0.8776083664744125 0.02666666666666667 0.07759788718644661
1 0.5133333333333333 0.1987406716609028 0.06333333333333334 0.12554498206781067
1 0.27166666666666667 0.4471798576214085 0.04 0.05806349744633659
1 0.98 0.7791109792314205 0.04 0.10139683077966993
1 0.30666666666666664 0.422624297355864 0.03 0.03771428975141911
1 0.9533333333333334 0.8133755330845338 0.05333333333333334 0.0918624410395599
1 0.5966666666666667 0.6541639408699239 0.07333333333333333 0.07922752309606153
1 0.43 0.4183174024518818 0.07666666666666666 0.11934392566103402
1 0.5733333333333334 0.08831209215806464 0.03333333333333333 0.07116402564972492
1 0.14 0.9817777589378219 0.06666666666666667 0.028994717966116544
1 0.5833333333333334 0.6679628844631472 0.043333333333333335 0.05151323334464242
1 0.825 0.8928570318359748 0.03666666666666667 0.08794709488136429
0 0.5 0.5 1 1