1 0.3973914215760848 0.8482641102317041 0.10911112053108904 0.07248269422459278
1 0.40500516899414873 0.916830196148593 0.08209524616950489 0.06186202066844468
1 0.5412273959263599 0.8849723560265932 0.05128042821469743 0.03783042958444412
1 0.46219040755920865 0.521172124010667 0.11577778719775571 0.07263786261362971
1 0.12393637538396182 0.9860085945287407 0.14438095641808577 0.027982810942518577
1 0.20988876642917623 0.9156248541025929 0.1461269948926732 0.08333612036429637
1 0.5069998728302983 0.9575686395120004 0.12612699489267318 0.08287061519718539
1 0.20297343440094726 0.8270587681857038 0.05473016411300326 0.041241347112296205
1 0.523703640903851 0.4792353061786671 0.10507937180792074 0.05240511003007422
1 0.4223861112822676 0.9865544709213335 0.07461376154803076 0.026891058157333038
1 0.5612327062201771 0.7419881515685931 0.0818624410395599 0.05519535400177782
1 0.12648137158173936 0.8202743317117779 0.08162963590961486 0.048528687335111155
1 0.5326295369998469 0.7012898938179264 0.06841270514125407 0.05155168389037044
1 0.4790105781977338 0.0395054573440004 0.051164025649724935 0.034497096251111165
1 0.4932327203501439 0.6353200913864449 0.09232805129944988 0.06876143991866684
1 0.4036137191581302 0.28795377345363 0.7604445103842897 0.5073012753776303
1 0.014878287141210332 0.32546550516711115 0.029756574282420664 0.06426434366755558
1 0.01623808716382847 0.1887600464031852 0.03247617432765694 0.1375200928063704
1 0.1357354108219696 0.708568872947852 0.2714708216439392 0.2597728214783706
1 0.5497723638642037 0.9268717752768153 0.04817990001130909 0.044419512056592794
1 0.6842803434348963 0.6097423904740005 0.24097356157064875 0.12884181114414825
1 0.4842750331410791 0.7485370484280005 0.03759788718644662 0.027520092806370258
1 0.06911097923142057 0.9817837397161854 0.04461376154803074 0.03643252056762928
1 0.6061268535930047 0.9847347261388522 0.03771428975141911 0.030530547722295676
1 0.597068694700419 0.6600415791282224 0.6839789283843335 0.6799168417435554
1 0.7512909075026633 0.7447437839894822 0.047714289751419114 0.03108617872325927
1 0.38439681664970304 0.07399976656414847 0.0578306923163916 0.034652264640148187
1 0.6878676524236091 0.5547811825712599 0.29814817954807454 0.24008315825644483
1 0.5058358471805735 0.9842685242140002 0.06151323334464223 0.031462951571999534
1 0.6942485523218275 0.9452466877383711 0.04438095641808578 0.03100859452874071
1 0.39418518204519254 0.03252706038377811 0.051164025649724935 0.03449709625111115
1 0.7362697369772288 0.7927667805447414 0.06852910770622657 0.05488501722370377
1 0.046788238225787884 0.9051565619045187 0.03186244103955988 0.054031591083999804
0 0.5 0.5 1 1