1 0.505 0.5233333333333333 0.13166666666666665 0.18
1 0.5933333333333334 0.9366666666666666 0.11333333333333333 0.12
1 0.38333333333333336 0.2683333333333333 0.023333333333333334 0.03333333333333333
1 0.8116666666666666 0.8933333333333333 0.095 0.15333333333333332
1 0.6066666666666667 0.42833333333333334 0.105 0.18666666666666668
1 0.5233333333333333 0.84 0.018333333333333333 0.02
1 0.8366666666666667 0.6166666666666667 0.07666666666666666 0.14333333333333334
1 0.9466666666666667 0.058333333333333334 0.043333333333333335 0.06666666666666667
1 0.35833333333333334 0.44666666666666666 0.21 0.22666666666666666
1 0.15666666666666668 0.7616666666666667 0.19333333333333333 0.4766666666666667
0 0.5 0.5 1 1
1 0.7483333333333333 0.51 0.24333333333333335 0.245
1 0.9216666666666666 0.6883333333333334 0.085 0.16
1 0.8983333333333333 0.8683333333333333 0.02 0.03666666666666667
1 0.8716666666666667 0.215 0.025 0.03
1 0.6183333333333333 0.8316666666666667 0.015 0.028333333333333332