1 0.3983333333333333 0.4166666666666667 0.06166666666666667 0.06333333333333334
1 0.255 0.29333333333333333 0.05333333333333334 0.09333333333333334
1 0.6016666666666667 0.7766666666666666 0.021666666666666667 0.035
1 0.2683333333333333 0.5966666666666667 0.051666666666666666 0.055
1 0.6433333333333333 0.5733333333333334 0.035 0.03333333333333333
1 0.25833333333333336 0.4066666666666667 0.05 0.06
1 0.5433333333333333 0.6266666666666667 0.04833333333333333 0.055
1 0.705 0.7916666666666666 0.045 0.08666666666666667
1 0.6416666666666667 0.5566666666666666 0.04666666666666667 0.07333333333333333
1 0.45 0.21333333333333335 0.045 0.04
1 0.6033333333333334 0.48 0.043333333333333335 0.065
1 0.7083333333333334 0.5916666666666667 0.03 0.056666666666666664
1 0.4116666666666667 0.43166666666666664 0.035 0.02666666666666667
1 0.38333333333333336 0.5133333333333333 0.03833333333333333 0.02666666666666667
1 0.7483333333333333 0.37666666666666665 0.04666666666666667 0.07666666666666666
1 0.15666666666666668 0.5183333333333333 0.041666666666666664 0.04666666666666667
1 0.043333333333333335 0.5233333333333333 0.06666666666666667 0.065
1 0.085 0.38333333333333336 0.015 0.025
1 0.575 0.5783333333333334 0.025 0.043333333333333335
1 0.37833333333333335 0.405 0.023333333333333334 0.04
1 0.40166666666666667 0.42833333333333334 0.013333333333333334 0.023333333333333334
1 0.38166666666666665 0.4166666666666667 0.016666666666666666 0.023333333333333334
0 0.43 0.5066666666666667 0.7466666666666667 0.97