1 0.11166666666666666 0.21666666666666667 0.011666666666666667 0.016666666666666666
1 0.6416666666666667 0.2866666666666667 0.08333333333333333 0.08333333333333333
1 0.7466666666666667 0.325 0.075 0.10333333333333333
1 0.7266666666666667 0.21333333333333335 0.011666666666666667 0.015
1 0.3416666666666667 0.23333333333333334 0.065 0.175
1 0.365 0.08166666666666667 0.013333333333333334 0.016666666666666666
1 0.11333333333333333 0.6533333333333333 0.043333333333333335 0.10333333333333333
1 0.6566666666666666 0.11666666666666667 0.011666666666666667 0.016666666666666666
1 0.8283333333333334 0.5233333333333333 0.08166666666666667 0.11
1 0.755 0.42833333333333334 0.041666666666666664 0.05333333333333334
1 0.8466666666666667 0.4033333333333333 0.06333333333333334 0.07166666666666667
1 0.915 0.365 0.015 0.025
1 0.8166666666666667 0.24 0.011666666666666667 0.02
1 0.6283333333333333 0.755 0.056666666666666664 0.10166666666666667
1 0.6466666666666666 0.6816666666666666 0.028333333333333332 0.03666666666666667
1 0.23 0.115 0.011666666666666667 0.015
1 0.57 0.13666666666666666 0.008333333333333333 0.015
1 0.29333333333333333 0.10333333333333333 0.01 0.01
1 0.52 0.14833333333333334 0.01 0.013333333333333334
1 0.13166666666666665 0.30833333333333335 0.055 0.20666666666666667
1 0.095 0.49333333333333335 0.085 0.10166666666666667
1 0.15333333333333332 0.3933333333333333 0.008333333333333333 0.035
0 0.49833333333333335 0.535 0.9966666666666667 0.9233333333333333
1 0.445 0.5966666666666667 0.09166666666666666 0.07833333333333334
1 0.29833333333333334 0.355 0.075 0.075
1 0.2633333333333333 0.28 0.045 0.08166666666666667
1 0.275 0.9 0.056666666666666664 0.12666666666666668
1 0.35 0.8016666666666666 0.06166666666666667 0.07833333333333334
1 0.145 0.7333333333333333 0.04833333333333333 0.10833333333333334
1 0.20833333333333334 0.6133333333333333 0.05333333333333334 0.12333333333333334
1 0.615 0.565 0.10166666666666667 0.13833333333333334
1 0.6566666666666666 0.41833333333333333 0.045 0.09666666666666666
1 0.48 0.31333333333333335 0.1 0.10166666666666667
1 0.29833333333333334 0.45 0.10333333333333333 0.1
1 0.7183333333333334 0.7566666666666667 0.08 0.1
1 0.44 0.7716666666666666 0.056666666666666664 0.10833333333333334
1 0.5233333333333333 0.7283333333333334 0.051666666666666666 0.07
1 0.6416666666666667 0.9066666666666666 0.056666666666666664 0.10166666666666667
1 0.315 0.6416666666666667 0.10166666666666667 0.07666666666666666
1 0.3233333333333333 0.545 0.05333333333333334 0.06
1 0.9483333333333334 0.52 0.03333333333333333 0.058333333333333334
1 0.9766666666666667 0.455 0.015 0.03166666666666667
1 0.8766666666666667 0.7433333333333333 0.05333333333333334 0.075
1 0.8583333333333333 0.6566666666666666 0.055 0.10666666666666667
1 0.915 0.625 0.041666666666666664 0.06
1 0.9866666666666667 0.73 0.018333333333333333 0.018333333333333333
1 0.475 0.895 0.085 0.12166666666666667
1 0.7633333333333333 0.925 0.056666666666666664 0.10333333333333333
1 0.71 0.5666666666666667 0.05 0.08666666666666667
1 0.7766666666666666 0.6416666666666667 0.05 0.08166666666666667
1 0.9083333333333333 0.885 0.07166666666666667 0.095
1 0.965 0.605 0.028333333333333332 0.05333333333333334
1 0.05333333333333334 0.3433333333333333 0.015 0.025