0 0.5 0.5 1 1
1 0.7026340825435448 0.43539321534957615 0.32899379859104877 0.41331064667104084
1 0.9752972542361444 0.8482652733464556 0.04044603361883977 0.07829654176924312
1 0.5761624547497172 0.11016403272881008 0.020213320426401726 0.0374816042179549
1 0.2964231458787363 0.3404894851400492 0.04027149872451124 0.048296541769243126
1 0.6590874287838098 0.4702941839884517 0.06046542638487646 0.08244481265386469
1 0.211859483114558 0.2620260005470742 0.043721188654063686 0.06843236469445779
1 0.3226545865220552 0.12984149041249274 0.046938165391177906 0.04856818761967247
1 0.9852099867889801 0.8636727421220999 0.020271498724511425 0.04748160421795471
1 0.6686618991434803 0.25730040796815506 0.013488475461625361 0.027209958367525454
1 0.989676685722976 0.9435030377277167 0.010795103407497208 0.11299392454456665
1 0.5949310141063983 0.32264563694676496 0.05050421191694947 0.08870401054488715
1 0.7871977453077231 0.513856699942551 0.057267842413798654 0.10564232306198316
1 0.747488636798271 0.46222682483997457 0.050426640852803455 0.07537067721155381
1 0.2329238628216187 0.6529767610235773 0.3076556977345291 0.1824957091197526
1 0.2572063304782676 0.7773287662960208 0.19724844964776225 0.10801355258766743
1 0.651297092899499 0.37662129334208155 0.05050421191694947 0.08870401054488715
1 0.7208316665146225 0.45947357477159034 0.20484596908418173 0.26828519843809695