1 0.9150980750426565 0.6351377243774152 0.16980384991468706 0.17342885036146374
1 0.4883829264608984 0.26665489449794144 0.07032967702262075 0.060743702389565515
1 0.8900507043400391 0.5300242141766147 0.06356604652577137 0.0436887466064322
1 0.9265320285168849 0.20945821842359869 0.04015514212829203 0.02899640136546599
1 0.3781793024175151 0.2380616649196396 0.023469082695588953 0.02469234524096625
1 0.6548966734242208 0.8038084778111774 0.10038785532073045 0.072491003413665
1 0.48165919270859614 0.5438069225601914 0.35195866936968834 0.3570518452811609
1 0.3338278488672646 0.0655855441766722 0.02013574936225562 0.024498200682733017
1 0.6447985983815644 0.5009605058734272 0.030271498724511427 0.048413967690766335
1 0.6582881850556637 0.8136143332529442 0.09354665375973506 0.04210271429719834
1 0.29729056881725685 0.9496790178212549 0.04678302326288578 0.02271802381526603
1 0.9707671254709163 0.3619343391665661 0.05019392766036503 0.0362455017068325
1 0.674945155339312 0.8109769437951112 0.060155142128292025 0.030161268714865627
1 0.5770642183704152 0.03474632475897624 0.030155142128292026 0.028413967690766172
1 0.27043855966076935 0.6328017686746711 0.030116356596219116 0.02174730102409967
1 0.48511746780869297 0.27851570572284134 0.03348847546162555 0.02860811224899938
1 0.7589732946125384 0.06583211300192925 0.03348847546162555 0.02860811224899945
1 0.5033053553967525 0.2524479106525583 0.03352726099369856 0.03527477891566605
1 0.49131981930295704 0.48489115555215806 0.2812411370263372 0.22964147622492873
0 0.5 0.5 1 1