1 0.6566100985352056 0.16885916044126706 0.021494052177361785 0.03678302326288578
1 0.5034748279241211 0.08128103377088404 0.0887662503419214 0.13381815248424628
1 0.8588711018928893 0.8918736243474717 0.024284093809836045 0.023469082695589047
1 0.6030193727775109 0.8703803813626598 0.024284093809836236 0.023469082695589047
1 0.9266355467681495 0.04706755200783688 0.050679114626073364 0.01695755815721443
1 0.34544717043465606 0.5638095673137019 0.11345781292740176 0.16728723517983515
1 0.7490578212839919 0.6411754847701571 0.01775325006838443 0.026763630496849374
1 0.7817912947850054 0.8197415312959286 0.02441991673505091 0.02680241602892238
1 0.84154509716752 0.7033948452688645 0.037753250068384245 0.026879987093068394
1 0.5987748321024163 0.4835973580997741 0.5515109186498108 0.7763586048350302
1 0.7810385970307514 0.7563888051965587 0.045370677211553814 0.050252105958474735
0 0.6196265612177947 0.5008144961735337 0.7607468775644105 0.9983710076529326
1 0.6799688801014828 0.045632487321134556 0.12604979183762738 0.06738419901001783
1 0.5729626561217795 0.053345252141299315 0.10713637523934494 0.09393450908046538
1 0.3791964057798581 0.18558289419356938 0.0752970940833734 0.13040724808676685
1 0.49608106026041476 0.876426479516158 0.20977925061545857 0.24116356596219096
1 0.364785070805302 0.8256507688746972 0.050333885647463605 0.09027149872451123