1 0.21635750098130785 0.5898220179751114 0.08173275199736063 0.1002374740553273
1 0.7146105750052065 0.646443225582319 0.09366854454981288 0.07419181736929735
1 0.34683905683791605 0.3954111078008412 0.09033521121647956 0.07403656487413826
1 0.26834520488571334 0.45858459332642665 0.0757790296998753 0.05008222156016814
1 0.6168154934434443 0.6953518628036163 0.06946174822842902 0.056438383236516454
1 0.6145303156957717 0.675196610308457 0.08822472606641706 0.09721464571231232
1 0.6684750731207405 0.666013983564337 0.19400375576629245 0.14869413972891304
1 0.38269834584722606 0.3168860065048532 0.07928705563081867 0.05357080738866064
1 0.937304136289423 0.5415346377676646 0.07192161857371124 0.03992696906500896
1 0.15743630695081084 0.31140646308160974 0.07209631117132166 0.043260302398342484
1 0.6175945231433195 0.64860756988937 0.07928705563081867 0.05357080738866064
0 0.4953706461633314 0.5883333333333334 0.9907412923266627 0.8233333333333334
1 0.5903754307263409 0.5303883782711117 0.09963644082603916 0.06116898902628236
1 0.49163601628282455 0.2785207530166131 0.05612841489509568 0.055817373255879946
1 0.6241903199162825 0.33147514573722586 0.04525495190704495 0.03868494910373575