1 0.25833333333333336 0.6333333333333333 0.09 0.13
1 0.32666666666666666 0.5466666666666666 0.016666666666666666 0.02666666666666667
1 0.31166666666666665 0.7133333333333334 0.013333333333333334 0.025
1 0.26166666666666666 0.3283333333333333 0.115 0.15333333333333332
1 0.195 0.48333333333333334 0.12666666666666668 0.175
1 0.3433333333333333 0.7066666666666667 0.015 0.023333333333333334
1 0.38333333333333336 0.385 0.08166666666666667 0.145
1 0.13833333333333334 0.5833333333333334 0.013333333333333334 0.013333333333333334
1 0.34833333333333333 0.2633333333333333 0.02 0.035
1 0.055 0.4666666666666667 0.011666666666666667 0.025
1 0.03166666666666667 0.5766666666666667 0.06166666666666667 0.11666666666666667
1 0.5733333333333334 0.455 0.09166666666666666 0.135
1 0.295 0.8533333333333334 0.125 0.12833333333333333
1 0.23666666666666666 0.85 0.013333333333333334 0.015
0 0.375 0.5283333333333333 0.75 0.9366666666666666
1 0.44166666666666665 0.4816666666666667 0.085 0.115
1 0.4816666666666667 0.7833333333333333 0.16666666666666666 0.245
1 0.5633333333333334 0.3016666666666667 0.09 0.125
1 0.58 0.17333333333333334 0.07 0.11333333333333333
1 0.41 0.11666666666666667 0.075 0.10666666666666667
1 0.011666666666666667 0.71 0.023333333333333334 0.056666666666666664
1 0.585 0.9583333333333334 0.06333333333333334 0.08333333333333333
1 0.5466666666666666 0.91 0.10166666666666667 0.06833333333333333
1 0.7016666666666667 0.8633333333333333 0.08333333333333333 0.11833333333333333
1 0.6933333333333334 0.9666666666666667 0.04 0.06666666666666667
1 0.6583333333333333 0.47 0.07666666666666666 0.11166666666666666
1 0.685 0.33166666666666667 0.03166666666666667 0.07666666666666666
1 0.15 0.8183333333333334 0.04833333333333333 0.06166666666666667