1 0.8997710936240759 0.5666071981734082 0.06192161857371161 0.03806318216799999
1 0.9014613236852143 0.2796301947286674 0.05209631117132176 0.04116376291777783
1 0.7481492513199921 0.3711776980725932 0.20136919282339968 0.15783321661540753
1 0.9199835235948987 0.34013449199303786 0.044905566711824274 0.031008594528740805
1 0.6882932935337601 0.6217581860160006 0.058238900045157985 0.03131893130681495
1 0.9207531638790427 0.6438557462989638 0.03157223337849132 0.03069825775066685
1 0.9380902529786684 0.5040884988825193 0.07700187788314604 0.07170685227940755
1 0.7058192492097368 0.5420685227940747 0.058238900045157985 0.03131893130681495
1 0.9183971162376665 0.306723574465186 0.03806420744754784 0.027520092806370446
1 0.6103116478220078 0.2311361189443709 0.044905566711824656 0.031008594528740805
1 0.7307319029109317 0.5443170709196302 0.11647780009031597 0.0626378626136297
1 0.9017304495709999 0.3063356534925934 0.12225682979019098 0.10938211347481494
1 0.18537773315270173 0.12446109118481496 0.1490981890544679 0.11333612036429642
1 0.536102549074263 0.628228105165408 0.06262038896415201 0.05139651550133332
1 0.7572238769799882 0.5482710778091118 0.05560433710226524 0.044574680445629726
1 0.8835269844726938 0.4944750263396304 0.031397540780881174 0.027364924417333326
1 0.4710435507329394 0.7552037150946671 0.06542964450465509 0.04147409969585207
1 0.5977196068153372 0.407725201416519 0.0275401296547174 0.01728734022281477
1 0.8586662421234521 0.33203251772777853 0.03104815558566088 0.020698257750666662
1 0.21651323503716763 0.103492682268815 0.32697352992566475 0.20403716514592618
1 0.5438834566572844 0.5116002305960005 0.08384323714742284 0.07519535400177782
1 0.8046341383996783 0.3441245039488155 0.3201179966826472 0.2638044125623707
1 0.5291242345855887 0.4111347254288894 0.024206796321384064 0.017209756028296396
1 0.7131563383093624 0.4020685227940747 0.1033191593545926 0.06566085916888899
1 0.49418801748992186 0.6956692202617782 0.3838290631686823 0.1454336806472596
1 0.8147191822721226 0.7248227616994822 0.05192161857371161 0.0378304295844445
1 0.3522049184382378 0.06159605004955586 0.048937670435598477 0.04441951205659263
1 0.855861771145959 0.7357925641309636 0.1587488038592475 0.1069022062811852
1 0.7275213508232552 0.7011001138780748 0.034381488918994216 0.02077584194518522
1 0.5389731053824504 0.12768501580377822 0.020698770390440588 0.013798838500444456
1 0.2923064387157836 0.12194378540940766 0.1001605186188694 0.06891660830770377
1 0.48239856957759836 0.5385370484280004 0.2225920410066707 0.18163205511585204
1 0.8840156273186726 0.32594773252000075 0.027714822252327544 0.020620673556148102
1 0.5528140401035125 0.4367166068877782 0.024206796321384064 0.017209756028296396
1 0.4524930028657737 0.567877582774593 0.15489139273308392 0.09682462208666683
1 0.3471790526174053 0.7306276411335559 0.1377006482735868 0.08643670111407421
1 0.7449032642854638 0.36943344721140803 0.09349385195220274 0.06876143991866675
1 0.9557389899003019 0.5812594628135563 0.03157223337849132 0.03069825775066685
1 0.16588054997742105 0.018879209725926063 0.06157223337849122 0.031396515501333384
1 0.775507601387729 0.32675957953148216 0.04806420744754784 0.027752845389925937
1 0.7692399288418752 0.5418759558232599 0.03455618151660436 0.024109175278518555
1 0.3062724571088635 0.20570383181259286 0.027889514849937694 0.02395400688948148
1 0.23651323503716762 0.10395818743592614 0.05174692597610137 0.034497096251111165
1 0.8592895377674676 0.7659089404227415 0.07841359264276813 0.035117769807259266
1 0.17272899623106822 0.04740650354555571 0.04876297783798833 0.041086178723259294
1 0.5278353010716237 0.5312511017206671 0.04823890004515798 0.03108617872325927
1 0.9375590881964677 0.48238304011859345 0.04438148891899421 0.02100859452874071
1 0.6630099936692337 0.531059928265334 0.024206796321384064 0.017209756028296396
1 0.8584892470994813 0.7174980228948897 0.037889514849937696 0.024186759473036924
1 0.9100685674673429 0.7203672445765934 0.04823890004515798 0.03108617872325927
1 0.771378761949419 0.6921087084068156 0.02052407779283044 0.010465505167110981
1 0.8994523588126977 0.3179635280620008 0.031222848183270646 0.024031591083999992
1 0.6665841049308713 0.4310211361680746 0.6046174822842886 0.5467553989850376
1 0.8967423211233798 0.7517623665624452 0.03806420744754784 0.027520092806370258
1 0.8332272082030661 0.7219161414360008 0.08963644082603915 0.05868385572414809
1 0.2620443998193684 0.12624552765874097 0.0350802593094347 0.034109175278518554
1 0.7502951714169064 0.5531159094200747 0.03806420744754784 0.027520092806370446
1 0.09186970722175826 0.1256220670716297 0.031222848183270955 0.02403159108400004
1 0.5372993517264132 0.09594076494259304 0.013857411126163772 0.010310336778074098
1 0.5138905436466549 0.5426074316092596 0.07314446675698263 0.06162926808488881
1 0.10800520910622415 0.10430452928029639 0.03157223337849122 0.030698257750666685
1 0.8260387661699298 0.3496288012131859 0.034381488918994216 0.02077584194518522
1 0.8681469488936314 0.7561029009090378 0.09630310749270544 0.05883902411318521
1 0.21325307402389862 0.03833751387977796 0.03823890004515789 0.030853426139703734
1 0.13843485361087915 0.06496399493370382 0.06227100376893181 0.04472984883466673
1 0.6044452718233274 0.2793918680831857 0.017365437057107254 0.013721254305925943
1 0.2367610999548421 0.035547269908074275 0.08647780009031578 0.06193960486296303
1 0.3094098368764756 0.11399837304866693 0.065429644504655 0.04147409969585188
1 0.799197406905653 0.35234146099037106 0.044905566711824656 0.031008594528740805
1 0.7930548180318167 0.34218629260133404 0.10349385195220275 0.06899419250222233
1 0.24948300919653993 0.04752427335281503 0.04876297783798823 0.041086178723259294