1 0.6657088946778009 0.7272346129707402 0.1538412846440921 0.11349128875333349
1 0.5679205434122782 0.6662288054729625 0.03414815128814079 0.024109175278518555
1 0.7480369459772507 0.658705925635629 0.027248679491529135 0.01728734022281477
1 0.3379946049263818 0.7648378640335552 0.18500531029381714 0.14752287983733348
1 0.5094072959376689 0.8158034859185922 0.20880425388704035 0.16139930253229656
1 0.7392009716269756 0.6256053448858512 0.02736508205650163 0.020620673556148102
1 0.38776711009025394 0.6271238107408885 0.16694181284748064 0.10713495886474088
1 0.620994590796415 0.8631656233049625 0.013798943593223308 0.013643670111407573
1 0.2592962036665136 0.6817386767992589 0.04414815128814079 0.024341927862074043
1 0.5023861112822676 0.9691756113491847 0.027248679491529135 0.01728734022281477
1 0.6193437843613655 0.9581268312077031 0.13139683077966993 0.04302578358622213
1 0.4501586729660072 0.4141770048646663 0.16062435387573146 0.11697979047570375
1 0.8996454113614312 0.6568425114517029 0.15857144875709536 0.15356887294785204
1 0.902433762626954 0.7200594684932585 0.017248679491528945 0.017054587639259277
0 0.4969153320282289 0.5764629515719996 0.9938306640564578 0.8461430865217786
1 0.4902697652371626 0.5531296182386662 0.13705821541245314 0.10977003444740754
1 0.8113967601298356 0.46572032766214744 0.29055029236162777 0.21326132320074104
1 0.2858941191128939 0.4446452970627405 0.14729102054239812 0.11666945369762971
1 0.1459523203953802 0.4462371665658517 0.12980953592092395 0.09294819939170376
1 0.09604224214110105 0.6355790944279259 0.12325927181922978 0.09612636433599997
1 0.9624285229829707 0.3373066231033325 0.03577778719775551 0.07077584194518521
1 0.9409734909208146 0.3794387949371103 0.0874074231073708 0.11860627152962971
1 0.8815608140394943 0.22095168673022147 0.1402751461808138 0.10651428530859268
1 0.4600846114519036 0.3206885031422959 0.13004234105086898 0.09961486605837043
1 0.3072168883784603 0.31092404275681457 0.08817990001130908 0.04535052239081495
1 0.8740580882427514 0.817308016618814 0.07542857950283822 0.06170685227940756