1 0.37 0.4216666666666667 0.11 0.14666666666666667
1 0.26 0.30666666666666664 0.03 0.055
1 0.7233333333333334 0.625 0.028333333333333332 0.04
1 0.19333333333333333 0.5533333333333333 0.023333333333333334 0.05
1 0.36666666666666664 0.6933333333333334 0.09666666666666666 0.13666666666666666
1 0.12166666666666667 0.8833333333333333 0.02 0.03666666666666667
1 0.27166666666666667 0.345 0.021666666666666667 0.035
1 0.14166666666666666 0.3416666666666667 0.016666666666666666 0.023333333333333334
1 0.23666666666666666 0.7366666666666667 0.041666666666666664 0.03333333333333333
1 0.245 0.455 0.03166666666666667 0.045
1 0.8233333333333334 0.45 0.013333333333333334 0.025
1 0.04666666666666667 0.6483333333333333 0.011666666666666667 0.023333333333333334
1 0.335 0.3883333333333333 0.18166666666666667 0.22333333333333333
1 0.35 0.6016666666666667 0.015 0.03666666666666667
1 0.7933333333333333 0.19666666666666666 0.011666666666666667 0.023333333333333334
1 0.595 0.4766666666666667 0.06333333333333334 0.085
1 0.4116666666666667 0.06166666666666667 0.013333333333333334 0.02666666666666667
1 0.805 0.315 0.016666666666666666 0.02
1 0.38 0.9666666666666667 0.015 0.03
1 0.7983333333333333 0.10166666666666667 0.016666666666666666 0.02666666666666667
1 0.8416666666666667 0.615 0.015 0.025
1 0.17333333333333334 0.27666666666666667 0.016666666666666666 0.025
1 0.29333333333333333 0.4 0.016666666666666666 0.03
1 0.06166666666666667 0.33666666666666667 0.018333333333333333 0.035
1 0.17166666666666666 0.27 0.025 0.045
1 0.058333333333333334 0.485 0.015 0.02
1 0.37166666666666665 0.38333333333333336 0.056666666666666664 0.07
1 0.06833333333333333 0.4 0.015 0.025
1 0.255 0.31666666666666665 0.018333333333333333 0.03
0 0.455 0.5 0.9066666666666666 0.99