0 0.5 0.5 1 1
1 0.46135422770182744 0.5392274524462273 0.9145627584371532 0.6748784284408788
1 0.7935774233706434 0.8461533344122564 0.1314545887440181 0.0878730333672606
1 0.3812416458817284 0.8221957178530258 0.08420608657974422 0.05291006412431216
1 0.9245796294341252 0.4213226279658979 0.05093093679617141 0.05507937180792074
1 0.1908137047570089 0.7087724627739717 0.050640019047367986 0.038412705141254076
1 0.4001989922050989 0.37959783066657926 0.05058183549760732 0.03507937180792074
1 0.668980922939546 0.5870104934179328 0.45265957229202136 0.35893127703964733
1 0.2616160536757507 0.5612116063445768 0.12157095584353964 0.09419049233900978
1 0.6303941991307754 0.47829092163263015 0.0741479030299835 0.04922752309606153
1 0.5388645558400246 0.5848835267851933 0.19366556363492576 0.21663494620343196
1 0.3882245367926566 0.5534549755422887 0.16226915844066828 0.13558732311867971
1 0.7036280363615592 0.27894699597159617 0.15566067532376224 0.13868785132206804
1 0.5380997341946492 0.6366083947343462 0.12513702337591592 0.10764022823731542
1 0.10647059480134888 0.5582909922824644 0.18870309090829204 0.12318521030512632
1 0.40446326233460383 0.4328147614349401 0.0609309367961716 0.05542857950283822
1 0.3104485974011138 0.20595763068919734 0.09081456969665017 0.04980953592092396
1 0.6524559298678588 0.30908456906200316 0.26992494545326734 0.19597887186446608
1 0.5984450502137912 0.36767187805071594 0.1177721541121203 0.06740742310737062
1 0.36147903029983486 0.4543279947795825 0.15168732294306098 0.1019047820904287
1 0.581013561901749 0.41997875882473135 0.3268243463189769 0.2112910488023317
1 0.859317803460202 0.4085924779828615 0.04081456969665017 0.048063497446336596
1 0.6017492917722441 0.3658888088190768 0.41862803636155926 0.3177672513899224
1 0.2146049359295833 0.16094177045758007 0.4280462008639521 0.28478312575150655