1 0.09815191448637091 0.6347270618037036 0.09193960486296303 0.08542810658533351
1 0.38779303100266677 0.11103902553311078 0.04744250861185189 0.034419512056592605
1 0.15346364477992652 0.7184857146914073 0.10116376291777783 0.05232752583555566
1 0.03353983545896351 0.6529066202634815 0.03775284538992596 0.04752009280637045
1 0.32453728186385195 0.11584645856229604 0.04108617872325927 0.04759767700088891
1 0.5004822273528896 0.8688278759893331 0.09434192786207404 0.045505690779852254
1 0.42896376149785226 0.5186353090185182 0.3985342613970374 0.37574401742533364
1 0.32218350557037095 0.6595289207709627 0.15170685227940747 0.07682462208666682
1 0.09558745552081507 0.3096106855119259 0.17240789706103724 0.2505458763925928
1 0.2949363509602969 0.7068550530910368 0.04713217183377784 0.021086178723259272
1 0.35790940729444454 0.11673728328377748 0.11798559797348153 0.05938211347481489
1 0.3750859452874078 0.4248378640335552 0.25418954650400016 0.18581881458888905
1 0.3209809505553339 0.6078622541042961 0.09806318216799999 0.06224994164103729
1 0.747015795542 0.0034815341449626687 0.08705458763925927 0.006963068289925337
1 0.09869500384800055 0.658060395137037 0.07100859452874075 0.04496260141822234
1 0.35249105531748187 0.5287530788257775 0.08108617872325927 0.04852868733511135
1 0.7110557477188892 0.45870731915111057 0.17535888348370426 0.5204682921980742
1 0.6745026703130372 0.32114982776296247 0.07178443647392593 0.07829593475155566
1 0.7680659691989632 0.18556655278859197 0.09953728186385206 0.12558327497437044
1 0.3641203234023709 0.598520326242222 0.23783321661540754 0.1987642269496299
1 0.6437005779099267 0.9321972143889623 0.09178443647392594 0.07876143991866684
1 0.1823261323200741 0.02410499473207392 0.04046550516711112 0.02093101033422225
1 0.45066643323081507 0.3763867608929626 0.06465226464014828 0.058140766362518546
1 0.4602799057737041 0.4311928004066663 0.09155168389037044 0.06876143991866684
1 0.597877582774593 0.4680118484314069 0.04744250861185189 0.034419512056592605
1 0.09225551570296328 0.3813937284703703 0.16566085916888898 0.10380162553140754
1 0.40283879067733375 0.47088385714407377 0.7968329831795561 0.5982322857118525
1 0.31935028895496337 0.46615679534037013 0.13193960486296305 0.08635911691955565
1 0.10085900020162991 0.3211609758868147 0.05418675947303707 0.03790801377896306
1 0.0993918680831857 0.6163549363731111 0.08767526119540744 0.04535052239081475
1 0.3759795570398523 0.5348766561308145 0.1380631821680001 0.06318095197525925
1 0.12284157770829682 0.6208118470114814 0.04077584194518522 0.03426434366755567
0 0.5 0.5 1 1