1 0.7983333333333333 0.25666666666666665 0.065 0.065
1 0.315 0.18333333333333332 0.10666666666666667 0.2833333333333333
1 0.6283333333333333 0.32666666666666666 0.12666666666666668 0.16
1 0.73 0.7566666666666667 0.09333333333333334 0.18
1 0.8883333333333333 0.5183333333333333 0.06666666666666667 0.10333333333333333
1 0.715 0.3516666666666667 0.03833333333333333 0.06666666666666667
1 0.215 0.6316666666666667 0.075 0.11666666666666667
1 0.21333333333333335 0.3 0.025 0.05
1 0.18833333333333332 0.5066666666666667 0.03166666666666667 0.06
1 0.24666666666666667 0.5066666666666667 0.051666666666666666 0.06
1 0.21333333333333335 0.14333333333333334 0.07166666666666667 0.11
1 0.24833333333333332 0.44333333333333336 0.028333333333333332 0.055
1 0.7466666666666667 0.5333333333333333 0.13166666666666665 0.17
1 0.21333333333333335 0.24333333333333335 0.03666666666666667 0.04666666666666667
1 0.5066666666666667 0.8283333333333334 0.021666666666666667 0.02666666666666667
1 0.04833333333333333 0.625 0.03 0.05
1 0.5116666666666667 0.8133333333333334 0.03333333333333333 0.06
1 0.32166666666666666 0.44666666666666666 0.02 0.02666666666666667
1 0.6416666666666667 0.3233333333333333 0.06333333333333334 0.145
1 0.03666666666666667 0.028333333333333332 0.07333333333333333 0.056666666666666664
1 0.5133333333333333 0.7983333333333333 0.03 0.03333333333333333
1 0.435 0.5266666666666666 0.5383333333333333 0.5766666666666667
1 0.275 0.6866666666666666 0.195 0.235
1 0.24666666666666667 0.4766666666666667 0.05333333333333334 0.12333333333333334
1 0.23 0.6533333333333333 0.10666666666666667 0.165
1 0.39666666666666667 0.13 0.02 0.035
1 0.8416666666666667 0.4266666666666667 0.03 0.045
1 0.3233333333333333 0.7216666666666667 0.09833333333333333 0.14666666666666667
1 0.35333333333333333 0.016666666666666666 0.015 0.03
1 0.5266666666666666 0.44 0.335 0.395
1 0.29 0.10666666666666667 0.02 0.04
1 0.585 0.7616666666666667 0.011666666666666667 0.02666666666666667
1 0.4683333333333333 0.38 0.075 0.155
1 0.3933333333333333 0.59 0.06833333333333333 0.09
1 0.48833333333333334 0.4033333333333333 0.12 0.2
1 0.43666666666666665 0.5533333333333333 0.155 0.16333333333333333
1 0.8016666666666666 0.49166666666666664 0.025 0.03666666666666667
1 0.285 0.235 0.05 0.105
1 0.9433333333333334 0.47 0.018333333333333333 0.06
1 0.7533333333333333 0.565 0.05 0.105
1 0.33166666666666667 0.25 0.06666666666666667 0.145
1 0.25666666666666665 0.7 0.056666666666666664 0.07
1 0.8866666666666667 0.4033333333333333 0.051666666666666666 0.07666666666666666
1 0.5366666666666666 0.3516666666666667 0.06833333333333333 0.07333333333333333
1 0.8733333333333333 0.4866666666666667 0.095 0.165
1 0.19666666666666666 0.6133333333333333 0.03833333333333333 0.08333333333333333
1 0.5383333333333333 0.44333333333333336 0.22166666666666668 0.28
1 0.3233333333333333 0.11666666666666667 0.08166666666666667 0.14333333333333334
1 0.2916666666666667 0.18333333333333332 0.23 0.2866666666666667
0 0.49833333333333335 0.49666666666666665 0.9966666666666667 0.9933333333333333