1 0.3940972900390675 0.6122061795035175 0.1505649645006353 0.22503995450879907
1 0.5879213982659447 0.3515650288988158 0.1809722493489604 0.2487223694462049
1 0.4977552831151485 0.24759288028858492 0.027597603462838266 0.053643628092508874
1 0.41047303895693055 0.5953455786123661 0.013682434631897611 0.020155147379587863
1 0.5956109272724877 0.028076548185894622 0.024089719480222697 0.04360484124761198
1 0.7224521445884365 0.03660264807981057 0.013682434631897802 0.020155147379587793
1 0.1468403523763076 0.6767624661150069 0.020465468398085798 0.026899387736048462
1 0.25133735670485546 0.7422267405898682 0.013798801731419133 0.02682181404625453
1 0.5085782883102846 0.19912379299811225 0.013798801731419038 0.026821814046254437
0 0.38166201644760306 0.38166666666666665 0.7633240328952061 0.7633333333333333
1 0.5904439471820502 0.5915844223212643 0.13922674285613862 0.1482569273074417
1 0.02955432293866732 0.7381393991088485 0.017132135064752467 0.026860600891151307