1 0.20073107965143147 0.32719885652019703 0.03759760346283827 0.05354665375973506
1 0.32594315757408 0.24312859807747605 0.04788852121164192 0.07027149872451123
1 0.2920195532446534 0.3049988887875261 0.03736486926379541 0.04021332042640173
1 0.26129982943148905 0.8368982686466311 0.05800488831116335 0.07699634368928761
1 0.7608427965318892 0.7123129906914684 0.068295806059967 0.09372118865406379
1 0.3698292346301402 0.27454315878566793 0.030930936796171597 0.053507868227662056
1 0.47218101817638586 0.7906668280033121 0.05513702337591591 0.10364361758991758
1 0.11913481731243386 0.5226933720541282 0.06536975757495872 0.11703512922136042
1 0.3984534857122772 0.2910449869410242 0.02379880173141913 0.026802416028922284
1 0.5926258302980774 0.7199589920429793 0.05122185454497526 0.07029089149054774
1 0.7757179939338817 0.8005687529606557 0.05484610562711206 0.08697695092325092
1 0.7922307662276606 0.887148152180158 0.13279281038851498 0.16075631787542422
1 0.30077239220422014 0.5199697996384713 0.034264270129504934 0.05352726099369837
1 0.09570577315597345 0.6128388177994022 0.10841217315948844 0.10062056851316849
1 0.11675772727073012 0.29101700900444333 0.023915168830940605 0.03346908269558895
1 0.41713127012511125 0.692643778926563 0.8206475896062128 0.6147124421468739
0 0.5003200095236839 0.5154244184278557 0.999359980952632 0.9691511631442887