1 0.4666666666666667 0.25166666666666665 0.09833333333333333 0.12666666666666668
1 0.2 0.49166666666666664 0.08666666666666667 0.12666666666666668
1 0.6 0.6616666666666666 0.09833333333333333 0.12333333333333334
1 0.6533333333333333 0.37333333333333335 0.018333333333333333 0.02666666666666667
1 0.4216666666666667 0.66 0.09666666666666666 0.155
1 0.3466666666666667 0.5133333333333333 0.10166666666666667 0.16
1 0.5783333333333334 0.33666666666666667 0.035 0.03666666666666667
1 0.2816666666666667 0.30333333333333334 0.12 0.21666666666666667
1 0.655 0.051666666666666666 0.08333333333333333 0.10333333333333333
1 0.15333333333333332 0.8666666666666667 0.016666666666666666 0.02666666666666667
1 0.30833333333333335 0.9366666666666666 0.14 0.125
1 0.7083333333333334 0.43333333333333335 0.023333333333333334 0.035
1 0.6 0.45166666666666666 0.025 0.023333333333333334
1 0.04666666666666667 0.7483333333333333 0.02 0.06666666666666667
1 0.6283333333333333 0.31666666666666665 0.021666666666666667 0.02666666666666667
1 0.46166666666666667 0.24333333333333335 0.023333333333333334 0.04
1 0.02666666666666667 0.07333333333333333 0.051666666666666666 0.145
1 0.47 0.54 0.02 0.02
1 0.2783333333333333 0.08 0.015 0.04
1 0.20666666666666667 0.715 0.013333333333333334 0.02
1 0.5716666666666667 0.34 0.02 0.03
1 0.03 0.5233333333333333 0.016666666666666666 0.03
1 0.2816666666666667 0.63 0.018333333333333333 0.025
1 0.35333333333333333 0.6616666666666666 0.018333333333333333 0.03333333333333333
1 0.30833333333333335 0.3933333333333333 0.175 0.39666666666666667
0 0.4766666666666667 0.49666666666666665 0.9533333333333334 0.9933333333333333
1 0.77 0.05333333333333334 0.09 0.10666666666666667
1 0.19333333333333333 0.03666666666666667 0.06 0.07333333333333333
1 0.125 0.12666666666666668 0.07 0.05
1 0.6416666666666667 0.46166666666666667 0.07333333333333333 0.051666666666666666
1 0.505 0.8883333333333333 0.08166666666666667 0.145