1 0.40166666666666667 0.075 0.03 0.045
1 0.325 0.91 0.02 0.025
1 0.315 0.52 0.02666666666666667 0.02
1 0.40166666666666667 0.7133333333333334 0.018333333333333333 0.02
1 0.5033333333333333 0.54 0.2683333333333333 0.33
1 0.535 0.10333333333333333 0.013333333333333334 0.02666666666666667
1 0.5166666666666667 0.265 0.016666666666666666 0.02
1 0.6033333333333334 0.3616666666666667 0.01 0.016666666666666666
1 0.24166666666666667 0.9133333333333333 0.025 0.015
1 0.4766666666666667 0.6366666666666667 0.32 0.5566666666666666
1 0.6333333333333333 0.4533333333333333 0.013333333333333334 0.02666666666666667
1 0.13333333333333333 0.6066666666666667 0.021666666666666667 0.025
1 0.44166666666666665 0.11166666666666666 0.016666666666666666 0.03666666666666667
0 0.32 0.49833333333333335 0.64 0.9966666666666667