1 0.49 0.5 0.07 0.14
1 0.6066666666666667 0.33666666666666667 0.055 0.1
1 0.37166666666666665 0.4116666666666667 0.035 0.05333333333333334
1 0.16166666666666665 0.6133333333333333 0.05 0.065
1 0.6616666666666666 0.915 0.02 0.025
1 0.7866666666666666 0.8066666666666666 0.01 0.015
1 0.2 0.46166666666666667 0.041666666666666664 0.09333333333333334
1 0.175 0.6216666666666667 0.023333333333333334 0.043333333333333335
1 0.19666666666666666 0.9533333333333334 0.028333333333333332 0.035
1 0.7583333333333333 0.8166666666666667 0.006666666666666667 0.013333333333333334
1 0.15 0.6066666666666667 0.02666666666666667 0.055
1 0.605 0.3433333333333333 0.03666666666666667 0.045
0 0.5 0.5983333333333334 1 0.7983333333333333