1 0.38232394508158496 0.6371856683954495 0.08023747405532741 0.07800488831116335
1 0.27432844158088815 0.8071068285692945 0.11341555489350166 0.07525339047543715
1 0.7289313667510268 0.35800402337152204 0.04139727245643257 0.030698202597128747
1 0.5911549560553025 0.7375760822468027 0.07294979740802394 0.06455518787830859
1 0.5090089929986064 0.35249724242064756 0.042018282437069274 0.04403153593046208
1 0.3939037948754947 0.7825056779191336 0.07628313074135737 0.06461337142806921
1 0.5813285898008165 0.4471687973984776 0.07294979740802394 0.06455518787830859
1 0.7273104061770329 0.2495543229386673 0.10294979740802394 0.0650788398261551
1 0.4903651546749546 0.3588438995636303 0.08628313074135746 0.06478792207735144
1 0.1596116217288883 0.6199540372281477 0.04915070658921328 0.054147903029983506
1 0.41613682183816175 0.41259295324377465 0.0761278782461983 0.06128003809473597
1 0.5172692953969487 0.28258451774528864 0.06868494910373575 0.044497004328547876
1 0.39476687422404744 0.6207226441529455 0.035196363275243246 0.04058183549760732
1 0.4858125309100775 0.6356560251046987 0.03535161577040242 0.043915168830940654
1 0.28544737623512284 0.28187409437025157 0.0896164640746908 0.06484610562711215
1 0.5266891491631823 0.8682245367926567 0.05915070658921328 0.05432245367926574
1 0.5433101097371762 0.9723001428552599 0.07961646407469081 0.055399714289480165
1 0.393542988479915 0.9693178034602021 0.030931514970954956 0.0205236519478467
1 0.5257486906002639 0.4228463437192119 0.051707777446750924 0.03753941991307755
1 0.37131480386305044 0.6586777844128341 0.04488585828492489 0.0340897194802227
1 0.3927120763194829 0.6290268857113983 0.027442929142462543 0.01713213506475237
1 0.38495864218670206 0.6522438519452103 0.027753434132780797 0.023798801731419038
0 0.49782646506777173 0.5466666666666666 0.9956529301355435 0.9066666666666666