1 0.385 0.5433333333333333 0.051666666666666666 0.07666666666666666
1 0.6216666666666667 0.9466666666666667 0.05 0.09333333333333334
1 0.48 0.7233333333333334 0.055 0.07666666666666666
1 0.49166666666666664 0.5866666666666667 0.075 0.10333333333333333
1 0.38166666666666665 0.38333333333333336 0.095 0.105
1 0.43833333333333335 0.49666666666666665 0.045 0.08666666666666667
1 0.135 0.49333333333333335 0.011666666666666667 0.016666666666666666
1 0.48 0.39166666666666666 0.04666666666666667 0.09166666666666666
1 0.5816666666666667 0.355 0.015 0.02
1 0.4683333333333333 0.705 0.03166666666666667 0.04
1 0.41 0.52 0.10333333333333333 0.13
1 0.68 0.4266666666666667 0.013333333333333334 0.025
1 0.31666666666666665 0.965 0.04666666666666667 0.06
1 0.605 0.32666666666666666 0.011666666666666667 0.016666666666666666
1 0.6283333333333333 0.9283333333333333 0.03333333333333333 0.056666666666666664
1 0.475 0.6066666666666667 0.41333333333333333 0.775
1 0.44333333333333336 0.5466666666666666 0.18833333333333332 0.425
0 0.41333333333333333 0.5933333333333334 0.8266666666666667 0.8066666666666666