1 0.625 0.555 0.14333333333333334 0.22
1 0.33166666666666667 0.7616666666666667 0.06833333333333333 0.09666666666666666
1 0.33166666666666667 0.08666666666666667 0.075 0.095
1 0.885 0.49666666666666665 0.021666666666666667 0.025
1 0.11166666666666666 0.7066666666666667 0.05 0.09333333333333334
1 0.49166666666666664 0.06333333333333334 0.12166666666666667 0.115
1 0.35333333333333333 0.525 0.075 0.135
1 0.42333333333333334 0.07 0.26166666666666666 0.13
1 0.31 0.5716666666666667 0.16333333333333333 0.24333333333333335
0 0.5 0.5 1 1
1 0.15333333333333332 0.62 0.13666666666666666 0.16666666666666666
1 0.89 0.9666666666666667 0.06166666666666667 0.065