1 0.9533455541112418 0.4504448287711119 0.09330889177751639 0.09232752583555566
1 0.31982836969049894 0.9520601617011853 0.05748123636331684 0.04798559797348162
1 0.6628256874428176 0.4635786275562228 0.10800488831116335 0.07914936089125926
1 0.8558643177479249 0.16486155379674144 0.037132135064752374 0.0275200928063704
1 0.8287153116862004 0.3274966293794081 0.05397335238070127 0.03790801377896306
1 0.7431617030238322 0.9619133544050378 0.13432245367926574 0.05977003444740755
1 0.22997847878396438 0.5767872235048891 0.1583539896097277 0.10031312380903709
1 0.16516525021115494 0.776863414183926 0.06759760346283826 0.05488501722370377
1 0.3650029203397811 0.9631075483271855 0.037190318614513176 0.03085342613970397
1 0.630710423375037 0.2462524952361487 0.1723855255401899 0.14062346058711123
1 0.037409967096006476 0.5206594656534075 0.05748123636331681 0.04798559797348162
1 0.10259295324377464 0.43721114954377793 0.04730668571403465 0.037752845389926126
1 0.2550404476131475 0.8672527286720003 0.054089719480222696 0.04457468044562953
1 0.6990606277053424 0.057920555418296875 0.12478792207735144 0.08620394853051863
1 0.7634206086579745 0.02276678054474138 0.040174550649282235 0.010931010334222252
1 0.587568511687958 0.06532148490192642 0.22180369004258257 0.10845389017155573
1 0.8052740467518317 0.22532566544837104 0.04052365194784651 0.030931010334222245
1 0.8464912510777433 0.6777681740602228 0.14215279134114686 0.12659186950311133
1 0.9788025870108416 0.6708715418409638 0.04239482597831701 0.04434192786207405
1 0.6487321826831725 0.13338466706992647 0.20542794112471938 0.12473263586562978
1 0.8009891203459323 0.07528687335111178 0.05397335238070127 0.03790801377896301
0 0.5 0.5 1 1
1 0.6690935047596451 0.34543925470918574 0.17215279134114686 0.127290127253778
1 0.4060219974002351 0.35431010334222257 0.17893582510733494 0.13411196230948158
1 0.49265957229202134 0.35466062573303747 0.17852854025900985 0.11077862897614826
1 0.58815791774441 0.6717553989850376 0.15858672380877067 0.11364645714237061
1 0.6769858112507093 0.7021447134731117 0.0908727532464108 0.052094773252000175
1 0.5416742372255114 0.5857080123590375 0.06069820259712875 0.041396515501333324
1 0.45551056623029695 0.5170629487321485 0.18560249177400162 0.1342671306985187
1 0.49114214977917886 0.6495054573440003 0.14852854025900986 0.1100803712254816
1 0.7409300718565303 0.7386188131689636 0.19203642424162543 0.1210889657542225
1 0.7914828155792574 0.7714492427534081 0.13542794112471937 0.12310336778074088
1 0.8902816173106763 0.8004046431583711 0.17180369004258259 0.107290127253778
1 0.9578923064910642 0.7804836208683711 0.08421538701787161 0.0922499416410373
1 0.9255274372272689 0.716413237687112 0.14894512554546205 0.12705737467022232
1 0.8357142086544594 0.5375742135739267 0.0981794389604454 0.08891660830770377
1 0.7214996865762292 0.5798975588630376 0.061105487445453834 0.06472984883466665
1 0.5923762251020626 0.9134220656517043 0.18203642424162544 0.12085621317066701
1 0.5797204380894635 0.8564838543042227 0.10490428917687306 0.09240511003007403
1 0.6857470857087623 0.8222998818621489 0.11139640519425749 0.08256027841911115
1 0.7586937904701648 0.8973012753776304 0.12589340952280528 0.14953728186385207
1 0.8532283220720791 0.8728457582547414 0.10835398960972763 0.09914936089125945
1 0.8840137999938488 0.918544016005408 0.16133822164449688 0.08039070800355565
1 0.9867783835471245 0.8544764198551119 0.026443232905750923 0.11093101033422234
1 0.4014752450204125 0.1892713112449633 0.15197824069186464 0.11682462208666677
1 0.36715279134114687 0.13182880263311142 0.21905219220685637 0.14170963931037056
1 0.2499042891768729 0.09578002249162984 0.10110548744545374 0.06566085916888897
1 0.24843282943588282 0.20236910496377797 0.09823762251020621 0.0922499416410371
1 0.08937220173054039 0.15701718905748158 0.12192005714210395 0.11279303100266674
1 0.21342439393739682 0.29651567882407426 0.061338221644496684 0.07806318216800008
1 0.33172863549584974 0.2976032510628151 0.13490428917687286 0.09310336778074088
1 0.5219988969682591 0.2220643422476301 0.1619200571421038 0.11372404133688899
1 0.5012340753228836 0.27322671164992635 0.08180369004258257 0.10519535400177782