1 0.9237778437176231 0.4424836134500426 0.10477250516387206 0.14190744459497068
1 0.9082857526384814 0.23792034494406797 0.13477250516387207 0.143479677973462
1 0.512047665474653 0.31879611035847943 0.13031748723168296 0.20646362611157504
1 0.47135987067245233 0.5880831659892982 0.10535451798873471 0.15857411126163734
1 0.9779391647655554 0.19583112076211673 0.04412167046888915 0.15876297783798832
1 0.9016666666666666 0.15394954198797844 0.19666666666666666 0.3078990839759569
1 0.954772505163872 0.08687927634777753 0.07477250516387206 0.14033521121647954
1 0.8586084795141473 0.07057253550524259 0.1055873231186797 0.14114507101048518
0 0.6766666666666666 0.4907412923266627 0.6466666666666666 0.9814825846533254
1 0.42507413216393775 0.41017947716061975 0.0716719769604839 0.14682718528553607
1 0.9166878371921011 0.026060027138040825 0.13337567438420214 0.05212005427608165
1 0.749439157700572 0.013498636515212385 0.11221164873447738 0.02699727303042477