1 0.36224297406362943 0.2659526130277795 0.09279303100266674 0.12104724481221761
1 0.14099465937392539 0.6751563150434899 0.11031312380903718 0.1579078457033692
1 0.43995005977888835 0.5802750109059851 0.13713495886474086 0.16488480712921122
1 0.5654085973685918 0.9163781006577437 0.1307010447816299 0.1672437986845125
1 0.34765853900962895 0.820933219605331 0.1644998832820742 0.19519510188838696
1 0.7292629501520741 0.04016098569909847 0.1178304295844445 0.05135753957139322
1 0.432308016618814 0.9086083442393185 0.1190717766967407 0.10469087290472658
1 0.9163825803465181 0.6675075898153638 0.06635911691955547 0.13073695005304217
1 0.7417732883500737 0.505432493613377 0.08411196230948159 0.17759755094419347
1 0.9298350770025923 0.5192906170167214 0.12139930253229674 0.20469087290472657
1 0.8113895479239256 0.3078555037555343 0.10442229908755564 0.19116360534690852
1 0.6167331027373328 0.5773307136855234 0.05891660830770377 0.0973260430299149
1 0.20991684174355532 0.29252114491830167 0.0794596976693334 0.12089209743262984
1 0.348937284703703 0.837619279694446 0.12620394853051864 0.12476844659452051
1 0.5604959361714812 0.4149658838107116 0.06380162553140754 0.16403149654147833
1 0.32592822330325916 0.10715383755568281 0.02077584194518522 0.03356605440271503
1 0.8623621373863702 0.12339851958409156 0.0741119623094816 0.17748119040950258
1 0.2798060395137037 0.01159142830467704 0.03372125430592594 0.017054535115636156
1 0.5341451803448147 0.11457801536174211 0.0650401856127409 0.07407028338637535
1 0.7808450650468145 0.4025258155739102 0.16566643323081506 0.3884896483768233
1 0.5043793264438519 0.03254287366855442 0.0912413471122962 0.05438057814555095
1 0.5413133572448887 0.23636104256309964 0.0772901272537778 0.17085331058773287
1 0.6815059242157034 0.3013428168045533 0.08395679392044447 0.1709308842775268
1 0.593276425534814 0.9367077888393679 0.07310336778074088 0.12658442232126427
0 0.5033623708222218 0.5001745408020363 0.9932752583555564 0.9996509183959275