1 0.6291567041208462 0.40617951065295643 0.46643457395097887 0.4164269960406655
1 0.45513291283029295 0.5476087122366902 0.5688907299359899 0.3161973457194405
1 0.737996537590948 0.4626165269983981 0.23365587564965076 0.2598316696399352
1 0.5607441159937592 0.5656639002017344 0.3252235109551928 0.21921405894219675
1 0.5384832611603457 0.30532443487228506 0.2562478545598763 0.16060759039296235
1 0.6032795267725237 0.30221574170778853 0.11835878156627738 0.12663099653369841
1 0.3823344379615939 0.19091138558944346 0.1322354066004694 0.1403522902435454
1 0.6497367873857952 0.3801432795981243 0.22461797945729983 0.11973467954580674
1 0.361383677485091 0.16699611169133982 0.09019806272224894 0.0891884091140047
1 0.48943969330242176 0.2456332402211543 0.34821161530991634 0.2931293328403003
1 0.48228630306635734 0.39691194651130746 0.7851272411647199 0.6387804081279388
1 0.45153927697767654 0.3777057023308186 0.2287662503419214 0.1398316696399352
0 0.5 0.5 1 1