1 0.41015736455323987 0.5929016069291915 0.07375997418613679 0.07461337142806922
1 0.2860009498758284 0.7400834900452187 0.07058178298109548 0.10122185454497526
1 0.5561829587282275 0.19364577229817256 0.02354665375973506 0.03707395151499175
1 0.24920711901745052 0.43236108398437306 0.06036846255469385 0.06438063722902636
1 0.6306604652577155 0.38903240087010327 0.036879987093068396 0.03730668571403461
1 0.2703318994475685 0.625345316019142 0.06372118865406369 0.06777215411212031
1 0.5204374484482955 0.3526191246788739 0.05703512922136042 0.06432245367926565
1 0.6559987274508807 0.16023359913868412 0.06056239021505898 0.0977139705623597
1 0.6307671254709163 0.4073657342034366 0.057132093051543126 0.0809891203459324
1 0.49629184136637616 0.786417926410293 0.05360483205784457 0.04759760346283826
1 0.6045852779551626 0.49116453593485576 0.05709330751947012 0.07432245367926574
1 0.69217198979609 0.36128933853286316 0.04036846255469376 0.06403153593046208
1 0.42005070434003905 0.574393722946576 0.03684120156099529 0.030640019047367937
1 0.3779283076715142 0.49678768398525175 0.04352726099369856 0.0340897194802227
1 0.7683937340563907 0.569980208663247 0.06050421191694947 0.08771397056235969
1 0.1497695092325095 0.5307732571438614 0.05031028425658429 0.05420608657974412
1 0.03819011001300718 0.5477224060608457 0.07044603361883991 0.07788852121164193
1 0.09896582065446789 0.680008435498486 0.01684120156099534 0.03029091774880366
1 0.5606992507897884 0.3969209220817452 0.03360483205784476 0.04724850216427399
1 0.39190160228405263 0.6065549497862088 0.030252105958474735 0.04385698528118003
1 0.41173676377274226 0.5778725151543112 0.016821808794958884 0.026957584415470137
1 0.39516706093625814 0.5948300995697815 0.02015514212829212 0.027015767965231134
0 0.4395755815721444 0.5 0.8791511631442888 1