1 0.8005857549305222 0.1505215956561815 0.020543291700858692 0.014381488918994165
1 0.704434170161119 0.7066783585087584 0.09019806272224894 0.0912086742045301
1 0.6582853469623672 0.8144947010386318 0.11325975020515291 0.08576485572113446
1 0.7791002845136554 0.8007836345525967 0.017209958367525358 0.014206796321384066
1 0.7740040147231823 0.39298146600146416 0.18951894809617556 0.07978278546616764
1 0.9329853427840721 0.4263667106867507 0.020543291700858692 0.014381488918994212
1 0.33878326533864084 0.12966000422051083 0.10856818761967248 0.05225682979019107
1 0.8838229669976527 0.7311117587797059 0.020543291700858692 0.014381488918994212
1 0.4464206175734516 0.8902430803546648 0.12019806272224894 0.09278090758302142
1 0.5495445448533897 0.8188171916163023 0.0584323646944578 0.046303107492705636
1 0.5706735914847707 0.9151273860983785 0.0793831251709607 0.07068459641169966
1 0.6093521537967139 0.9906443769018385 0.027345781292740033 0.018064207447547838
1 0.7452293311450362 0.8942114011741054 0.020543291700858692 0.014381488918994212
1 0.20837870665791844 0.6656491614648481 0.10911147932053127 0.06559016312352431
1 0.2858971024399635 0.6897544375086861 0.041222406326932345 0.03209631117132176
1 0.9038257285683043 0.2811991050785109 0.017209958367525358 0.014206796321384066
1 0.8642247641077238 0.6382222439297682 0.017074135442310685 0.010873462988050732
1 0.9143746919347363 0.35023120880228487 0.010407468775644399 0.01052407779283044
1 0.8547312642444924 0.5842774865047994 0.013740802108977353 0.010698770390440586
1 0.70303623924996 0.16712217699215418 0.2224448126538645 0.07152971144226905
1 0.5079315362232624 0.11848198039982274 0.1103338856474636 0.0955901631235244
1 0.6121533902360644 0.18407214352334714 0.03693831251709601 0.008588285240378184
0 0.4775 0.5000436731494026 0.955 0.999912653701195
1 0.3845897696537045 0.4811378043108266 0.08727219816455971 0.10103398160692013
1 0.645905535676188 0.3395017880280021 0.08325975020515292 0.08419262234264333
1 0.7273316763909425 0.3086944103706454 0.08856818761967247 0.051208674204530284
1 0.07018962948602436 0.28594663530811504 0.13577814598719798 0.06698770390440548
1 0.17192987928087153 0.3714494521328344 0.08604979183762737 0.07103398160692014
1 0.2524250360864938 0.15853867631478566 0.11550650013676858 0.05927288165207803
1 0.37804191091553313 0.23193100798944263 0.13230898972864982 0.063479677973462
1 0.4105886650254439 0.662884730286928 0.15101300027353715 0.11435314096151274
1 0.5637550555350455 0.7160079360757993 0.10190152095300581 0.05190744459497068
1 0.6830278060137354 0.5351934714290724 0.11101300027353717 0.11225682979019097
1 0.5442388690095215 0.334173663800893 0.11114882319875183 0.11559016312352431
1 0.20450775328929943 0.7606491614648481 0.11006223979703421 0.08892349645685764
1 0.19979350404152654 0.46644236514346404 0.11577814598719792 0.0659395483187446
1 0.24119419652333696 0.5571340485445342 0.07550650013676857 0.05717657048075637
1 0.051161621577358964 0.6722639167795614 0.10232324315471793 0.06559016312352431
1 0.34182517625417397 0.341938094978813 0.0843463336068705 0.11085928900931
1 0.4447510408118632 0.3573535655047272 0.06564232306198316 0.059985826021259264
1 0.4464630808031149 0.9985894364535585 0.0644199167350509 0.002821127092882989
1 0.20931536223262365 0.9295939188898168 0.08230898972864992 0.06085928900931018
1 0.3034636331172452 0.9144853116229007 0.11577814598719802 0.0659395483187446
1 0.33268548713004725 0.9761448913001971 0.06509903136112447 0.04665249268792574
1 0.06663278519749814 0.4962086742045303 0.1303338856474636 0.09663831870918518
1 0.03938036360030928 0.799636440826039 0.07876072720061857 0.06559016312352431
1 0.4048473106023362 0.762797383988123 0.09550650013676848 0.05822472606641706
1 0.32199502917282746 0.8286047616454797 0.08883983347010181 0.057875340871196765
1 0.0596237996471433 0.9551534316294992 0.10312392727993815 0.08190744459497107
1 0.6680984790469942 0.08177987878630426 0.02720995836752536 0.014730874114214434