1 0.4119802845606726 0.9275344462599774 0.08722905688172565 0.09969313335595151
1 0.8666301035595414 0.5968149309945422 0.040290891490547744 0.05139683077966992
1 0.3250712083185494 0.8828413129040261 0.057267842413798654 0.10531217693786554
1 0.40568208044869974 0.9831852103051263 0.05360483205784457 0.03362957938974735
1 0.8719791733481986 0.656989534842001 0.05360483205784476 0.048529107706226565
1 0.13328707384318977 0.5695397000339273 0.053876330782355854 0.09519577437289324
1 0.4750507043400391 0.5981376296102744 0.395718643555825 0.4237355026667541
1 0.3574155105840203 0.7140053385537508 0.08418661503894015 0.14957673079097883
1 0.7217960532833256 0.8986058596921559 0.25788841092696735 0.20278828061568827
1 0.31594277157771883 0.7458836398249281 0.026938165391177903 0.04759788718644662
1 0.8668046384538701 0.6268149309945422 0.0706593540452415 0.11577778719775571
1 0.5719500841991438 0.6415133039944766 0.19815990965147856 0.2635344180000436
1 0.4074058142010021 0.7140847103616715 0.07054299744902247 0.0957777871977557
1 0.937878714543949 0.24104245409060374 0.05720966411568914 0.09531217693786573
1 0.39032331427702416 0.9284444962543229 0.047073914753433616 0.07162963590961491
1 0.4788300712922123 0.6749206988419135 0.05048481915091296 0.08507937180792075
1 0.49180352724139614 0.32711117705095644 0.5112605297923737 0.23447625910745803
1 0.6252241280218939 0.34676727964985604 0.07709330751947012 0.07601059232770069
1 0.7412605297923737 0.24250803609056001 0.13060117574713198 0.10787303336726059
1 0.40882037490919404 0.6708095783108246 0.20806294582129586 0.24721695902829463
1 0.05422651178348701 0.44180423975707367 0.08389572354839236 0.099576730790979
1 0.9793536759751983 0.7823810835877874 0.0269187726251414 0.044264553853113286
1 0.6081513244809341 0.5627937322091741 0.060368462554693754 0.06542857950283822
1 0.5548082947645825 0.5592646245029474 0.07387633078235581 0.0958941897627282
1 0.4990907624212314 0.43401064884756807 0.040290891490547744 0.05139683077966992
1 0.6534821127160289 0.9076402988871498 0.11430297163515926 0.17062435387573147
1 0.5301476681702216 0.6018836115649943 0.6513403232814676 0.7962327768700114
1 0.5406227909381163 0.6987408129605713 0.09744237730812737 0.13670900771753547
1 0.7083851488858461 0.8928942745425291 0.040310284256584436 0.05473016411300326
1 0.9848362727011636 0.586005423333552 0.030327454597672842 0.07116402564972493
1 0.4286178620782844 0.9231164590848399 0.05050421191694947 0.08841270514125389
1 0.46702765526329 0.6511799565311764 0.07410904397479404 0.13589418976272818
1 0.4235015054820653 0.902941855237381 0.0369187726251414 0.044613761548030956
0 0.5 0.5 1 1