0 0.3983333333333333 0.49833333333333335 0.7966666666666666 0.9966666666666667
1 0.26 0.445 0.115 0.26
1 0.6216666666666667 0.30666666666666664 0.19333333333333333 0.285
1 0.645 0.37833333333333335 0.03 0.04666666666666667
1 0.3433333333333333 0.695 0.08666666666666667 0.1
1 0.4766666666666667 0.665 0.028333333333333332 0.03
1 0.19166666666666668 0.72 0.06666666666666667 0.095
1 0.5583333333333333 0.41333333333333333 0.06833333333333333 0.07
1 0.45 0.3566666666666667 0.10666666666666667 0.125
1 0.6666666666666666 0.44333333333333336 0.013333333333333334 0.023333333333333334
1 0.3616666666666667 0.4716666666666667 0.058333333333333334 0.08333333333333333
1 0.11833333333333333 0.64 0.04666666666666667 0.105
1 0.6733333333333333 0.26 0.03833333333333333 0.05
1 0.36333333333333334 0.6783333333333333 0.04666666666666667 0.06666666666666667
1 0.7166666666666667 0.40166666666666667 0.03 0.03666666666666667
1 0.6966666666666667 0.21 0.041666666666666664 0.075
1 0.32 0.71 0.04 0.065
1 0.5083333333333333 0.7633333333333333 0.04666666666666667 0.06
1 0.6516666666666666 0.23333333333333334 0.13333333333333333 0.13333333333333333
1 0.69 0.11166666666666666 0.025 0.03666666666666667
1 0.675 0.55 0.021666666666666667 0.055
1 0.6283333333333333 0.24333333333333335 0.08 0.10666666666666667
1 0.605 0.355 0.045 0.06
1 0.16166666666666665 0.48 0.013333333333333334 0.03
1 0.75 0.4033333333333333 0.03333333333333333 0.05
1 0.21333333333333335 0.7133333333333334 0.11 0.12
1 0.125 0.62 0.03166666666666667 0.065
1 0.6016666666666667 0.27166666666666667 0.03 0.05333333333333334
1 0.6383333333333333 0.21666666666666667 0.05333333333333334 0.055
1 0.5483333333333333 0.6166666666666667 0.023333333333333334 0.03
1 0.25166666666666665 0.7016666666666667 0.03333333333333333 0.03666666666666667
1 0.6516666666666666 0.21333333333333335 0.028333333333333332 0.05
1 0.5966666666666667 0.7116666666666667 0.04 0.04666666666666667
1 0.2733333333333333 0.5433333333333333 0.23166666666666666 0.46
1 0.445 0.4683333333333333 0.5766666666666667 0.6133333333333333
1 0.5716666666666667 0.42333333333333334 0.03666666666666667 0.043333333333333335