1 0.4361785138783321 0.927909993474478 0.040290891490547744 0.05139683077966992
1 0.3449407104894166 0.28456079990952743 0.023469082695588953 0.024148151288140792
1 0.23936973510381315 0.09995234865531387 0.02350786822766196 0.030814817954807457
1 0.28371896622911597 0.4966560460790323 0.030135749362255618 0.024380956418085777
1 0.5224002581386327 0.7149417280676795 0.016783023262885687 0.02058201282486247
1 0.5947068860845045 0.6024390729207709 0.010077571064146014 0.013682541028250814
1 0.47063773885425736 0.4468041691072394 0.31866412156842805 0.35439157700572005
1 0.4946863821059941 0.8958729485874595 0.17062056851316848 0.11260319748026366
1 0.1542921640396671 0.11625394739544577 0.026763630496849277 0.017597887186446618
1 0.43069702836484075 0.1515925345027289 0.02017453489432872 0.030698415389834963
1 0.4312486109844076 0.34320099988690933 0.4068434239859429 0.6174180436950049
0 0.3416666666666667 0.5 0.6833333333333333 1