1 0.3290379388755865 0.8280948578313899 0.15893064967873083 0.16119450022578954
1 0.38794193371489444 0.35597019870258684 0.16698920409639803 0.12838524468528664
1 0.3440277219578474 0.1725566060598188 0.04488648979919958 0.028937670435598476
1 0.3665978044779591 0.47448531162290064 0.14346172620483144 0.1238290631686823
1 0.3873579447892084 0.5171127875764231 0.08465946939759875 0.08419262234264314
1 0.9201283928714981 0.33119910507851097 0.15974321425700397 0.10908401507572715
1 0.9027642270783449 0.35138088466549144 0.08093784694779894 0.07735126307836651
1 0.2220369626104632 0.21767230031610532 0.03155315646586625 0.028238900045157892
1 0.08886023223903702 0.7839376704355984 0.09152028062249862 0.08787534087119676
1 0.048957304518153666 0.7835080259309435 0.00821982313253289 0.02701605186188696
1 0.3275223240060464 0.231508450474158 0.05093784694779875 0.0757790296998752
1 0.44153516329319625 0.2491146654595693 0.12970722791166395 0.17295560018063155
0 0.5 0.5 1 1
1 0.32560908851412274 0.6551109096932769 0.4195130833534306 0.18482052283938022
1 0.5036034464960408 0.5730523358951678 0.15326758164659812 0.1210198076281794
1 0.4973101862751432 0.43647301552730616 0.19304056124499727 0.17627475953522434
1 0.7224236964759436 0.42168544549812886 0.20323470580323053 0.18013217066138792
1 0.5452732236646799 0.232950815617622 0.18459371771086353 0.20241734840906048
1 0.7150790791064467 0.23852680476240565 0.17698920409639793 0.128909322478117
1 0.9600955170281305 0.45312072365222245 0.07980896594373917 0.11857411126163754
1 0.8739557492671676 0.9839470598513295 0.06663379082329887 0.03210588029734102
1 0.7297503206727706 0.8042326621422166 0.21090497110443115 0.14065624845421817
1 0.5769681004217557 0.6915461878473704 0.19051668198796468 0.132941426201891
1 0.07619152218882254 0.6520089648725166 0.08287929253013156 0.11068459641169985
1 0.19795681638559204 0.488909322478117 0.24630814289159536 0.29205378923509956
1 0.14532098217874517 0.29839233167465695 0.17676218369479713 0.1820679632138402
1 0.26865431551207847 0.30485595778623203 0.10287929253013156 0.11173275199736063
1 0.6564483079318186 0.9150400397995733 0.09407703572289886 0.07471670013547357
1 0.7187616047089342 0.9670832884057613 0.1556301921887651 0.0658334231884775
1 0.48610777732941735 0.9727667336042809 0.1442711802811321 0.05446653279143827
1 0.5897323275001006 0.9882329642689679 0.058802256807232806 0.023534071462064123
1 0.5271935655723703 0.8069097470213316 0.09582433674699833 0.10471670013547357
1 0.12029987850410279 0.838755890848618 0.09132613606426532 0.08454200753786344
1 0.24193522457838806 0.7304815558566082 0.20423830443776447 0.14030686325899808