1 0.20516403272881006 0.5713807065366696 0.06740802108977438 0.10184281178843928
1 0.13989238687838068 0.5666053467055064 0.056593083538486154 0.08155184150605427
1 0.16126195946167396 0.4358294259524793 0.03203734387822053 0.0508729108471554
1 0.510712996095242 0.4940757894964605 0.06448215653208517 0.111745821694311
1 0.06657315844684504 0.8557452607724471 0.07012447959406842 0.16850947845510594
1 0.15249847069040398 0.7531265282309806 0.07223540660046941 0.1386064685492344
1 0.09428685538048767 0.4711510562154446 0.07795131279063319 0.1154671154041578
1 0.2360355384115594 0.755701775877771 0.038704010544887146 0.05106689103541233
1 0.546669428237318 0.4346270700806508 0.04393886483122628 0.09783054779620746
1 0.052546605585640505 0.5524604224861779 0.05938312517096071 0.0683154982668492
1 0.03125628779610084 0.5213756963842815 0.025840385784232183 0.14391527389810374
1 0.2970457771144451 0.4101861654265489 0.052988104354723384 0.07478818474525914
1 0.24895573130367546 0.8270774722620524 0.04645726061327148 0.07792753789033555
1 0.3381323605161627 0.435688950963675 0.04924730224574603 0.06469119465113067
1 0.9697622356187391 0.45735782317340984 0.028704010544887144 0.05077592075302713
1 0.4028918345642504 0.46884613917523554 0.06339557313036759 0.08507915502764433
1 0.7378861628986771 0.5408622914761277 0.4651894809617541 0.7127057023308188
1 0.726771221169094 0.9233048788958216 0.06203734387822048 0.05174582169431081
1 0.8590490909992267 0.9344737701777504 0.1333955731303676 0.08711594700434035
1 0.3562336011338083 0.838973789249944 0.24154494864324969 0.29002564982819196
1 0.06747593255238174 0.09982385487822733 0.028024895918813682 0.03410925408636042
1 0.11925573548197055 0.4287084687957509 0.041765698027791134 0.044497214462873934
1 0.4138907299359898 0.28831269365752943 0.11576680265605167 0.22643701634544167
1 0.2917005481358352 0.4837619739952032 0.024691562585480352 0.03401226399223219
1 0.0969438356583989 0.9049208449723558 0.042716458504294036 0.06783054779620747
1 0.05541590201186866 0.37716945220379267 0.03469156258548035 0.0343032342746172
1 0.34555172493708336 0.3720646473479564 0.6848555953142904 0.6292040386374205
1 0.2813100943569105 0.22876197399520318 0.0284323646944578 0.04410925408636047
1 0.9417627879328694 0.5482792290676296 0.028704010544887144 0.05077592075302694
1 0.4653536622148345 0.28180934719853945 0.22100165694239082 0.2761103759300883
1 0.054354766843095016 0.4739816040116519 0.055506500136768555 0.054885174839387596
1 0.09375490701077513 0.29429040936052125 0.024963208435909743 0.04067893065889867
1 0.982702279340361 0.5385395393694347 0.0345954413192779 0.05135786131779734
1 0.23525463085371 0.24511983531300055 0.05258063557907936 0.06478818474525913
1 0.17109210654302043 0.9227870629015312 0.05577814598719797 0.061551841506054264
0 0.5 0.5 1 1