1 0.5052526494806842 0.351089534648821 0.11979695944490838 0.12465208605982961
1 0.48288721242357685 0.3641707534903242 0.06068459641169966 0.0773260430299148
1 0.4136804161021929 0.3800422898366034 0.024206796321384064 0.016938174580945334
1 0.13143067330137218 0.5151757084659384 0.1575259556759766 0.08178419486525967
1 0.4087465014328869 0.2832592626352458 0.18819637810893577 0.22205570277953826
1 0.13407462565999603 0.17833450099723547 0.03157223337849122 0.030349081604072552
1 0.5261048515006237 0.23959740878419059 0.024206796321384064 0.01693817458094524
1 0.32228287532131183 0.40566171169105236 0.08384323714742303 0.07426421761086013
1 0.5469334901260915 0.41494649038826315 0.2201179966826472 0.2590714510502775
1 0.8905123859507387 0.7324688029704669 0.05542964450465509 0.040620589518351076
1 0.30631497904508564 0.3921344441332343 0.0447308741142145 0.027170895650327036
1 0.3378069531141422 0.3958362524930887 0.038937670435598475 0.04375998862719977
1 0.807325397257534 0.6014215581582494 0.05438148891899421 0.020620589518351076
1 0.04538482014207208 0.15228725618501784 0.07244569636654193 0.04748119040950258
1 0.46724744037446003 0.24891863899849398 0.07173275199736054 0.09744240356460561
1 0.3349976975736393 0.38579746564819173 0.03157223337849122 0.030349081604072504
1 0.4864825846533254 0.35920954033522107 0.36762977837988314 0.40403383186928266
0 0.5 0.46915136006787567 1 0.9383027201357513