1 0.66 0.5316666666666666 0.056666666666666664 0.09333333333333334
1 0.78 0.36 0.025 0.03
1 0.7583333333333333 0.4533333333333333 0.018333333333333333 0.02666666666666667
1 0.6366666666666667 0.49833333333333335 0.10333333333333333 0.15666666666666668
1 0.6583333333333333 0.7933333333333333 0.03166666666666667 0.06666666666666667
1 0.61 0.45 0.051666666666666666 0.06
1 0.825 0.4683333333333333 0.02666666666666667 0.04666666666666667
1 0.5683333333333334 0.5833333333333334 0.04833333333333333 0.14
0 0.5033333333333333 0.48 0.9916666666666667 0.96
1 0.5566666666666666 0.255 0.08166666666666667 0.455
1 0.73 0.20333333333333334 0.12333333333333334 0.125
1 0.415 0.36666666666666664 0.135 0.1
1 0.28 0.24 0.11 0.1
1 0.43833333333333335 0.16666666666666666 0.09166666666666666 0.12
1 0.31166666666666665 0.09 0.12333333333333334 0.115
1 0.185 0.18166666666666667 0.14 0.08833333333333333
1 0.245 0.36 0.085 0.11166666666666666
1 0.25166666666666665 0.5583333333333333 0.11166666666666666 0.23166666666666666
1 0.355 0.49333333333333335 0.03666666666666667 0.10166666666666667
1 0.4066666666666667 0.6633333333333333 0.075 0.21166666666666667
1 0.525 0.7833333333333333 0.14166666666666666 0.275
1 0.47833333333333333 0.5766666666666667 0.125 0.11333333333333333
1 0.6266666666666667 0.2816666666666667 0.095 0.16333333333333333
1 0.4766666666666667 0.11333333333333333 0.12333333333333334 0.14166666666666666
1 0.9466666666666667 0.185 0.03666666666666667 0.085
1 0.935 0.38666666666666666 0.06666666666666667 0.12666666666666668
1 0.9833333333333333 0.275 0.03333333333333333 0.09
1 0.87 0.2683333333333333 0.07166666666666667 0.145
1 0.85 0.11666666666666667 0.03666666666666667 0.055
1 0.795 0.065 0.04666666666666667 0.05
1 0.7083333333333334 0.058333333333333334 0.11833333333333333 0.06666666666666667
1 0.58 0.023333333333333334 0.11333333333333333 0.04666666666666667
1 0.255 0.016666666666666666 0.11333333333333333 0.02
1 0.09166666666666666 0.15333333333333332 0.15666666666666668 0.3