1 0.5983333333333334 0.8566666666666667 0.08166666666666667 0.09666666666666666
1 0.65 0.7433333333333333 0.12166666666666667 0.13333333333333333
1 0.4866666666666667 0.9216666666666666 0.11 0.15333333333333332
1 0.77 0.5716666666666667 0.09166666666666666 0.10666666666666667
1 0.16 0.7933333333333333 0.085 0.12
1 0.295 0.4166666666666667 0.09166666666666666 0.14333333333333334
1 0.525 0.5866666666666667 0.1 0.12333333333333334
1 0.535 0.3016666666666667 0.07666666666666666 0.08333333333333333
1 0.13833333333333334 0.7166666666666667 0.12833333333333333 0.275
1 0.2 0.18333333333333332 0.07166666666666667 0.06666666666666667
1 0.13833333333333334 0.30333333333333334 0.06333333333333334 0.16666666666666666
1 0.6483333333333333 0.2966666666666667 0.04 0.06666666666666667
1 0.5766666666666667 0.8366666666666667 0.2916666666666667 0.3233333333333333
1 0.10333333333333333 0.7533333333333333 0.055 0.056666666666666664
1 0.375 0.6366666666666667 0.04666666666666667 0.08333333333333333
1 0.2 0.5366666666666666 0.28 0.65
1 0.365 0.22333333333333333 0.05333333333333334 0.06
1 0.17666666666666667 0.37 0.14333333333333334 0.3
1 0.20833333333333334 0.44666666666666666 0.08166666666666667 0.16333333333333333
1 0.13666666666666666 0.6566666666666666 0.09666666666666666 0.15333333333333332
1 0.28 0.595 0.06833333333333333 0.115
1 0.36333333333333334 0.13333333333333333 0.075 0.06666666666666667
1 0.37333333333333335 0.325 0.09 0.145
1 0.64 0.7916666666666666 0.16666666666666666 0.22666666666666666
0 0.44333333333333336 0.49833333333333335 0.7966666666666666 0.9966666666666667