1 0.7451332380964935 0.20075098500274138 0.101920057142104 0.11232752583555566
1 0.4138700709987295 0.4564810672732596 0.05461337142806921 0.07457468044562972
1 0.39499242944115526 0.5827598129673337 0.09157095584353954 0.09209477325200018
1 0.26781811688397283 0.13128431975600022 0.07157095584353954 0.09162926808488896
1 0.7162846883137997 0.3251303114465932 0.16279281038851498 0.16372404133688898
1 0.22433088917775165 0.04357026646333353 0.07133822164449669 0.07829593475155562
1 0.33182899653804043 0.18946387821577806 0.09244370908995052 0.14209477325200007
1 0.6705995714342204 0.8409435519735562 0.19073951514991752 0.23767804822637043
1 0.8780930285754456 0.6073428545058526 0.12244370908995052 0.14279303100266663
1 0.2871076935089357 0.36349407578429654 0.10507883982615511 0.10240511003007423
1 0.6448047930743235 0.12171800040325981 0.0477721541121205 0.0644195120565926
1 0.7584130380991297 0.5862164901698524 0.04426427012950512 0.05434192786207404
1 0.626002206063482 0.434740996958519 0.11174550649282176 0.10256027841911115
1 0.8492191722972939 0.44660580465792665 0.23290917748803622 0.17201997608844466
1 0.9802458199165927 0.4863370470080749 0.024729738527590448 0.08054308936162972
1 0.8401829861477682 0.10459000911592664 0.04397335238070127 0.03767526119540745
1 0.6257939134202558 0.064585828569482 0.05461337142806921 0.07457468044562968
1 0.7721330000043937 0.6598989523785191 0.06449700432854798 0.06814076636251855
1 0.4983379835523969 0.3934206721362226 0.037364869263795224 0.04085342613970378
1 0.38486762684314785 0.4941549349531855 0.04783033766188112 0.06775284538992593
1 0.22689648052592845 0.9473303128665187 0.037132135064752464 0.027520092806370258
1 0.7227026147240926 0.8171461069885932 0.06478792207735144 0.08480743302918503
1 0.7049426813898805 0.6883472684881488 0.037597603462838455 0.05418675947303692
1 0.9077852398296701 0.43463019472866743 0.1113382216444965 0.07922694508577782
1 0.7965549497862088 0.4070311242122969 0.05408971948022289 0.04457468044562963
1 0.8623910406988947 0.9337767685889637 0.05087275324641117 0.05116376291777783
1 0.5085500614750454 0.47702555015037085 0.06771397056235968 0.06155168389037044
1 0.8295438320400415 0.8096288012131859 0.13267644328899336 0.15635911691955565
1 0.45590270996093246 0.6275284538992596 0.023856985281179844 0.03054308936162973
1 0.221763242429435 0.7638030190468891 0.1355443082242409 0.12977003444740756
1 0.4050299567145216 0.6763646909814818 0.2114959012968069 0.2814768867268149
1 0.5283877316036717 0.29574680445629675 0.08525339047543734 0.11193960486296305
1 0.9461974129891585 0.3354836208683712 0.09513702337591591 0.10550569077985188
1 0.5848469705667534 0.5955154453882227 0.22436376623205434 0.2551205568382223
1 0.8168214259791957 0.7743184644351118 0.07145458874401811 0.08496260141822215
1 0.9229269134246495 0.7134290332291119 0.07893582510733495 0.13178443647392593
1 0.7666544458887583 0.2095886156004451 0.054962472726633675 0.09457468044562968
1 0.926887180087801 0.1999793236040008 0.04075638614688917 0.04426434366755558
1 0.7839704320409202 0.9269839710221485 0.11618432727160893 0.14603205795570298
1 0.637153656280788 0.5600513337365931 0.10226915844066828 0.13232752583555565
1 0.7354532476201774 0.18218489908585245 0.057655787012599075 0.057985597973481524
1 0.952352648485887 0.17389453839622301 0.09203642424162543 0.11876143991866674
0 0.5 0.5 1 1