1 0.47677050131911053 0.6657671581474953 0.18573844336340756 0.11294142620189102
1 0.5827112662617037 0.12899188421391244 0.05046550516711117 0.022620388964152104
1 0.9176295015207404 0.3651438625034798 0.08108617872325946 0.05085928900930999
1 0.3396868761909628 0.1746600042205108 0.06744250861185189 0.03682718528553607
1 0.5203019756851849 0.44444278968667844 0.0406206735561481 0.028762977837988424
1 0.6977015116533328 0.6372968695897644 0.09410917527851856 0.03822472606641706
1 0.4301135892608147 0.1610433710226512 0.07496260141822234 0.07384323714742304
1 0.4904197454924442 0.36611654334271554 0.07410917527851855 0.03717657048075637
1 0.5874369345499257 0.2844286157079378 0.043876422694963065 0.02560433710226505
1 0.5279066202634815 0.04602211005454011 0.06077584194518522 0.03647780009031581
1 0.20503043100437002 0.4396010058791872 0.06054308936162964 0.026477800090315782
1 0.571151221278444 0.6256585508805791 0.04046550516711117 0.02209631117132157
1 0.44751869929088894 0.05849615437856347 0.033798838500444316 0.02174692597610137
1 0.7277416972660736 0.5654484233361171 0.1610889657542225 0.19821055208767652
1 0.33281928146059214 0.5414140171859826 0.06093101033422225 0.04314446675698245
1 0.26414239331385164 0.26581676707308777 0.033954006889481435 0.028413592642768038
1 0.40088107011311064 0.5566618821036571 0.06077584194518522 0.03647780009031578
1 0.8337461112483697 0.7428799457239185 0.034652264640148284 0.05841359264276813
1 0.08305760810607389 0.2312960205033353 0.03372125430592594 0.018413592642768036
1 0.279643903547259 0.38844424302661024 0.12472984883466666 0.06646362611157504
1 0.28623437953488867 0.32037294858969206 0.034109175278518554 0.0350802593094347
1 0.7582847866277033 0.5436873233812751 0.10318095197525926 0.14190744459497068
1 0.933319398178518 0.7664540569855558 0.034109175278518554 0.0350802593094348
1 0.4909586543076292 0.5580452489057974 0.03736492441733333 0.03192161857371161
1 0.41825017507688866 0.3122733061952925 0.23318095197525934 0.1487204559017661
1 0.3416610926047405 0.30492204311692606 0.06728734022281486 0.030160518618869408
1 0.17580487943407366 0.4764494521328343 0.02713217183377779 0.021397540780881172
1 0.47290104620155526 0.3301557340558598 0.07085342613970359 0.04033521121647955
1 0.22816841033592547 0.5209112003612633 0.02031033677807405 0.014381488918994212
1 0.2359600478231107 0.4729272522231501 0.03744250861185189 0.035254951907044946
1 0.41467990861355514 0.5373606524940976 0.08837351894607423 0.07787534087119677
1 0.704287807094518 0.7844876140492613 0.033798838500444316 0.021746925976101464
1 0.4189096407302961 0.28393997286195916 0.0950401856127409 0.07822472606641716
1 0.7006483175295551 0.5823842158885694 0.08077584194518522 0.03752595567597666
1 0.5263077831829626 0.5448795211807038 0.04744250861185189 0.035779029699875384
1 0.28026318358792557 0.4335315893254153 0.0944195120565926 0.05155805939975039
1 0.6154557505587404 0.5145088750173725 0.02038792097259261 0.017714822252327546
1 0.49185365957555527 0.37620388964152063 0.6896260141822228 0.7352879047172478
1 0.24495284680985152 0.4450306503838421 0.0337988385004445 0.021746925976101464
1 0.2574729396162219 0.408975407808811 0.17240511003007414 0.11224265581145043
1 0.49112357730503703 0.04910049148082859 0.13108617872325928 0.05347967797346203
1 0.17475470577711055 0.6649574780637778 0.07062067355614819 0.030335211216479554
1 0.24460232441903662 0.5317846633493138 0.05410917527851855 0.036128414895095676
1 0.07371707375948132 0.20243860937717156 0.02023275258355556 0.011048155585660831
1 0.6808810701131106 0.5713360603029086 0.03038792097259261 0.018238900045157987
1 0.9390246235065922 0.37794603105461233 0.03387642269496306 0.025080259309434704
1 0.5111914068911848 0.5490934044914583 0.08108617872325927 0.05085928900930999
1 0.38674146383022207 0.16043903392038605 0.1618620206684445 0.08838524468528657
1 0.43081184701148134 0.1310433710226512 0.023643670111407385 0.014556181516604264
1 0.7461138226966662 0.5647425659563062 0.07457468044562972 0.05717657048075637
1 0.5413049961519993 0.689173663800893 0.0406206735561481 0.028762977837988424
1 0.4411124291811847 0.6205122062404503 0.03697700344474072 0.015254951907044945
1 0.43456353232177736 0.5434088080797584 0.04395400688948144 0.028937670435598382
1 0.7522720115525179 0.8020206567146084 0.02046550516711117 0.02104815558566088
1 0.4591036012165924 0.2777029506999475 0.026977003444740716 0.01473087411421441
1 0.3259170751794069 0.6945726579217057 0.026977003444740716 0.014730874114214506
1 0.7177790958478514 0.6350116918420917 0.04728734022281477 0.02911236303320872
1 0.42630778318296253 0.5396387432523998 0.24845110314059268 0.08959391888981676
1 0.4148710820688884 0.6725353450917078 0.02046550516711117 0.02104815558566088
1 0.5089802573474069 0.6440934044914581 0.03046550516711098 0.021572233378491318
1 0.48076190679036984 0.7093625303772438 0.03372125430592594 0.018413592642768133
1 0.4185632988859258 0.1554319469310157 0.04728734022281486 0.029112363033208622
1 0.3501869929088886 0.3687794542430898 0.3695400688948151 0.2857081598061716
1 0.48255191732622205 0.34567981184869023 0.0950401856127409 0.07822472606641724
1 0.4810334514711846 0.6976958637105771 0.05418675947303711 0.03946174822842901
1 0.25433077973822177 0.5439754078088109 0.03031033677807405 0.014905566711824652
1 0.42220418196637016 0.28578133212623597 0.06767526119540747 0.046827185285536074
1 0.7520046474181478 0.5984252844848599 0.033954006889481435 0.028413592642768132
1 0.23282206849155523 0.392665213326735 0.0337988385004445 0.02174692597610137
1 0.33274587781251824 0.3294853116229007 0.033954006889481435 0.028413592642768038
1 0.7825879223925182 0.5032435048978793 0.04457468044562953 0.05560433710226524
1 0.45654471631296273 0.31594893773447574 0.03372125430592594 0.018413592642768036
1 0.31983507700259217 0.5257152467955419 0.0337988385004445 0.021746925976101464
1 0.43274727132799984 0.262972076585733 0.033954006889481435 0.028413592642768038
1 0.0817012782174813 0.2178753408711969 0.040931010334222244 0.04209631117132166
1 0.4460418125640738 0.2653375136428403 0.05418675947303692 0.03946174822842882
1 0.4226696871334813 0.265781332126236 0.057520092806370444 0.03963644082603897
1 0.44495842087177767 0.16849615437856347 0.03728734022281477 0.028588285240378184
1 0.4347644603854813 0.1763054099190664 0.057597677000889004 0.04296977415937235
1 0.6809184686948884 0.6414234066017137 0.0606206735561481 0.029811133423649116
1 0.41014541378066627 0.5170986135976824 0.07077584194518521 0.03700187788314622
1 0.33150871124666653 0.1675566060598188 0.04713217183377784 0.02244569636654191
0 0.5 0.4462038896415206 1 0.8924077792830412