1 0.375 0.08333333333333333 0.03166666666666667 0.04666666666666667
1 0.37 0.7233333333333334 0.02 0.016666666666666666
1 0.29333333333333333 0.92 0.018333333333333333 0.025
1 0.285 0.5266666666666666 0.02666666666666667 0.02
1 0.4866666666666667 0.275 0.015 0.02
1 0.5716666666666667 0.37333333333333335 0.008333333333333333 0.015
1 0.4716666666666667 0.545 0.27166666666666667 0.3
1 0.435 0.10333333333333333 0.155 0.085
1 0.21 0.92 0.025 0.015
1 0.47 0.8383333333333334 0.016666666666666666 0.02666666666666667
1 0.44666666666666666 0.6516666666666666 0.32166666666666666 0.5533333333333333
0 0.30333333333333334 0.49833333333333335 0.6066666666666667 0.9966666666666667