1 0.05816738360954907 0.31534906978865734 0.07381815248424628 0.08375997418613679
1 0.8823346058824526 0.1768057496663439 0.06027149872451143 0.04701573645532401
1 0.3157443990674582 0.4468520091564875 0.11044603361883996 0.07730662794587184
1 0.09717835254168666 0.4855817829810955 0.05356604652577154 0.040310284256584436
1 0.7684765566536594 0.5528227586707872 0.16054299744902248 0.09426418610308626
1 0.9309965050259329 0.40709664115689165 0.06697695092325072 0.05372118865406369
1 0.8475188371597996 0.14493545895629376 0.04019392766036503 0.03356604652577156
1 0.2328656845235092 0.6547102197219261 0.17410904397479404 0.13434175716723226
1 0.9159953938134591 0.6936857367594123 0.06362422482388107 0.05036846255469375
1 0.8123905617556145 0.7397512276789469 0.04687998709306839 0.036938165391177905
1 0.896714037369284 0.2835596837801749 0.05358543929180807 0.043643617589917576
1 0.062018917828122314 0.8087114922710454 0.12403783565624463 0.1407369251093875
1 0.004397713040394082 0.7967054521987397 0.008795426080788165 0.033410904397479346
1 0.15830091054685697 0.8659502455357893 0.2276750905005656 0.17465204142381632
1 0.06491051012788794 0.5887308850370819 0.04352726099369851 0.033585439291808065
1 0.2623733914145257 0.1665320285168849 0.14407025844272103 0.12750055560623696
1 0.13771276482016476 0.10747146645718215 0.046938165391177906 0.046938165391177906
1 0.16066571679083827 0.7459599419188075 0.20736480624398135 0.12120235149426396
1 0.009620729849814037 0.7217345413477946 0.019241459699628073 0.03680241602892238
0 0.5 0.5 1 1
1 0.25016261608636264 0.5464738502187754 0.17738419901001787 0.12436114993326877
1 0.49280750622539965 0.6662228554727745 0.1807563178754242 0.13104720936597195
1 0.41471658246752274 0.6241004588042497 0.18732602071190826 0.11441932823137828
1 0.4916364663051381 0.2945367960400713 0.15730662794587186 0.11091146000371632
1 0.4270340180088867 0.22582530376902588 0.09697695092325091 0.05389572354839231
1 0.48937832027435757 0.3961937663237197 0.06023271319243823 0.04034906978865735
1 0.533796537293262 0.4964555686652127 0.18744237730812757 0.13441932823137828
1 0.5695722479347228 0.3633258593752628 0.15730662794587186 0.11091146000371632
1 0.38905945084722887 0.16393562029293923 0.19399268737857492 0.11445811376345139
1 0.35936973510381315 0.11042775206527726 0.13738419901001786 0.12412843674083054
1 0.28309092375787687 0.043315051779770686 0.17381815248424629 0.08434175716723226
1 0.20316849482202293 0.02951629206156092 0.11366301035595412 0.05732602071190828
1 0.18622063304782677 0.07775266156471167 0.2006981395773146 0.12116356596219106
1 0.19660737715608326 0.2978205362458395 0.10052360468298598 0.09058178298109548
1 0.32319647275860386 0.3118907946885605 0.06036846255469385 0.06368240312199058
1 0.6162303294308451 0.0785876617167558 0.18403147291064784 0.12106660213200847
1 0.5959006524082242 0.13513797178720335 0.10720966411568914 0.09395390184650192
1 0.4810073126214251 0.11613558802561016 0.1138181524842463 0.08399268737857492
1 0.4497575904245435 0.04428469008159657 0.12048481915091297 0.08403147291064798
1 0.35489333978679916 0.02039866291622248 0.11021332042640172 0.03730662794587175
1 0.4102778614701079 0.8140810660382132 0.15063996127920518 0.11087267447164323
1 0.41489000614937754 0.8807768218539347 0.2207757106414607 0.1346132558917437
1 0.4993664014663915 0.9696520414238166 0.10370179588802708 0.060695917152366975
1 0.5582427322487474 0.8782773774601715 0.10054299744902248 0.09391511631442881
1 0.6760427645160765 0.9684701939080628 0.12372118865406379 0.06305961218387438
1 0.6386499803355142 0.808742803845048 0.06046542638487646 0.08034906978865744
1 0.5306269312587653 0.7547792056155278 0.13720966411568913 0.09412843674083055
1 0.31911540672039074 0.7268810983055423 0.16728723517983524 0.1076363049684926
1 0.36431903076377414 0.6921429006470352 0.08395390184650192 0.10715148581757963