1 0.6960792728981527 0.6556622481536244 0.11558732311867971 0.16448215653208517
1 0.4369787729546981 0.4498614155041339 0.14640214107348717 0.18903789619235076
1 0.3078147614349401 0.38355975438344797 0.08407408977403728 0.11992641687181958
1 0.519349165305017 0.2834041548908624 0.1296931333559515 0.09182793782482539
1 0.74921159221461 0.32563112825510726 0.024846566677975752 0.044284093809836236
1 0.6721586870959741 0.2921563003309861 0.028063497446336592 0.04108658340171758
1 0.5601745331976244 0.4964347224752493 0.03116402564972494 0.034555739660265775
1 0.3648782164913761 0.6558432958791539 0.024380956418085777 0.030950760476502904
1 0.42953955873425875 0.9011885248577638 0.041047623084752446 0.031629875102576456
1 0.45459259102259625 0.0016992416126446338 0.014031748723168296 0.0033984832252892676
1 0.9312486371016285 0.2599633569601801 0.021396830779669928 0.040814937551288226
1 0.5492327627400444 0.2855150818972634 0.06624339745764549 0.0859139689124127
0 0.5 0.4999320885373927 1 0.9998641770747854
1 0.2437777730677888 0.025017014996719416 0.01736508205650163 0.020679114626073514
1 0.01930151396033082 0.5434380363600309 0.02473016411300324 0.04095076047650309
1 0.19884121399425803 0.40630733278625913 0.020931220519779952 0.027481604217954897
1 0.26087825888127664 0.3455291867990611 0.014031748723168296 0.020543291700858883
1 0.2903597576327176 0.21617718152661752 0.014031748723168296 0.02054329170085879