1 0.3690108796540677 0.06743256711491756 0.12841217315948844 0.10368562357687869
1 0.9238785064972156 0.5688238930226148 0.023856985281180035 0.03067893065889867
1 0.9187950164519968 0.28686625607356303 0.017015767965231136 0.020484950470641933
1 0.658337983552397 0.4010161904452798 0.44122942510381996 0.6558450554758951
1 0.5771743125571824 0.46535509485286514 0.01713213506475237 0.0271516171373086
1 0.8925111930778384 0.6462843155087927 0.05151277229377873 0.08812151807859246
1 0.06766422251108499 0.41532163026296526 0.13532844502216998 0.6773099271925972
1 0.020182986147768173 0.2572971022785012 0.040365972295536345 0.1745942045570024
1 0.5596724199174713 0.6082519727626207 0.04087275324641079 0.051163881129540796
1 0.08036683723517758 0.8410975510159924 0.1211636709952145 0.07015831005528848
1 0.3217999047631601 0.192789867510851 0.02391516883094056 0.034012263992232006
1 0.6075525056306272 0.444561339033354 0.024147903029983507 0.047345597325565335
1 0.3644068086641256 0.9043902040639693 0.03058183549760732 0.03420624418048874
1 0.335379058013086 0.6567536364560189 0.34866934891434803 0.5065596562677621
1 0.31126024675798286 0.7010747057971202 0.03742305281355603 0.04440022436874566
0 0.5 0.5 1 1