1 0.7216666666666667 0.8033333333333333 0.09 0.24
1 0.8083333333333333 0.41333333333333333 0.095 0.16666666666666666
1 0.13666666666666666 0.24 0.2733333333333333 0.415
1 0.77 0.5733333333333334 0.155 0.18666666666666668
1 0.7733333333333333 0.6233333333333333 0.041666666666666664 0.07
1 0.7816666666666666 0.6266666666666667 0.21 0.5966666666666667
1 0.83 0.725 0.11166666666666666 0.22
1 0.7633333333333333 0.24666666666666667 0.06666666666666667 0.06666666666666667
1 0.4816666666666667 0.715 0.27666666666666667 0.255
1 0.7633333333333333 0.8066666666666666 0.028333333333333332 0.06666666666666667
1 0.86 0.7933333333333333 0.04833333333333333 0.085
1 0.7366666666666667 0.41 0.07666666666666666 0.13
1 0.4683333333333333 0.905 0.09333333333333334 0.185
1 0.705 0.96 0.06166666666666667 0.075
1 0.85 0.07833333333333334 0.06 0.06666666666666667
1 0.4716666666666667 0.6566666666666666 0.056666666666666664 0.13666666666666666
1 0.43833333333333335 0.8466666666666667 0.03 0.07
1 0.675 0.2866666666666667 0.11 0.15666666666666668
1 0.6616666666666666 0.7166666666666667 0.02 0.035
1 0.49333333333333335 0.5083333333333333 0.08833333333333333 0.14333333333333334
1 0.6316666666666667 0.445 0.19833333333333333 0.475
1 0.47833333333333333 0.4166666666666667 0.055 0.065
1 0.7966666666666666 0.56 0.09166666666666666 0.105
1 0.825 0.7066666666666667 0.08666666666666667 0.1
1 0.4066666666666667 0.5033333333333333 0.08333333333333333 0.23666666666666666
1 0.6 0.43333333333333335 0.12333333333333334 0.2
1 0.72 0.375 0.043333333333333335 0.06
1 0.04 0.7016666666666667 0.08 0.2733333333333333
1 0.6383333333333333 0.9366666666666666 0.07 0.10666666666666667
1 0.6316666666666667 0.49 0.023333333333333334 0.04
1 0.625 0.5933333333333334 0.115 0.16666666666666666
1 0.6266666666666667 0.5983333333333334 0.5266666666666666 0.7933333333333333
1 0.725 0.6033333333333334 0.06666666666666667 0.13333333333333333
1 0.8533333333333334 0.6616666666666666 0.04666666666666667 0.09333333333333334
1 0.67 0.94 0.13166666666666665 0.115
1 0.6516666666666666 0.555 0.06333333333333334 0.09
1 0.5866666666666667 0.7333333333333333 0.07833333333333334 0.15
1 0.7833333333333333 0.6433333333333333 0.06 0.11333333333333333
1 0.3933333333333333 0.7 0.10666666666666667 0.19
1 0.44 0.6916666666666667 0.125 0.20666666666666667
1 0.54 0.7716666666666666 0.09 0.13666666666666666