1 0.154925797186228 0.9500899217457208 0.03379894359322331 0.014497358983058272
1 0.021320078793740663 0.4171693076836084 0.042640157587481325 0.03496296924294825
1 0.5059681806269976 0.5266665960168325 0.04759788718644662 0.02829630257628158
1 0.03277242038407112 0.4915872948587459 0.04116402564972491 0.03473016411300326
1 0.8519522921354465 0.6294443266947207 0.04081481795480746 0.02473016411300326
1 0.8024232126891536 0.47469830235010024 0.0339153461581958 0.017830692316391606
1 0.34714806650833974 0.5938041832372063 0.04438095641808578 0.03151323334464242
1 0.49168245624844975 0.6020740049942361 0.034264553853113285 0.027830692316391605
1 0.7417618280563705 0.5434020139037854 0.03093122051977995 0.027714289751418923
1 0.00618778067223376 0.7558518487118592 0.01237556134446752 0.02771428975141911
1 0.05785710248580902 0.2976137474180639 0.04116402564972491 0.03473016411300326
1 0.5805713215873939 0.7737565318925201 0.2594603282260065 0.08896299750288184
1 0.24357668840107843 0.22287827301124347 0.05069841538983497 0.021746038474587406
1 0.6131216280789886 0.46133324855353225 0.02736508205650163 0.020931220519779952
1 0.2778464818981746 0.5762486371016285 0.0340317487231683 0.02116402564972494
1 0.4002433550677451 0.21740735245753637 0.047714289751419114 0.031629635909614914
1 0.05923276274004445 0.30588887946891097 0.03379894359322331 0.014497358983058272
1 0.11362426909593033 0.5120687653502533 0.09473016411300327 0.04325927181922983
1 0.283185139655292 0.3280317063332677 0.05069841538983497 0.021746038474587406
1 0.04324858058176121 0.7159470807513972 0.05577778719775568 0.0718624410395599
1 0.37211103575128796 0.5463226986157321 0.040698415389834965 0.021396830779669928
0 0.49796295511298133 0.5408729485874595 0.9959259102259627 0.9182541028250811