1 0.5112422482388109 0.4911270086614894 0.08753934113830988 0.15151277229377874
1 0.378664121568428 0.33675859221037135 0.06728723517983524 0.10783033766188112
1 0.6239744058250123 0.38581543463629137 0.04032967702262075 0.057364869263795415
1 0.8567367637727422 0.5701050112612543 0.060407248086766764 0.07104730389569303
1 0.37879239697261313 0.9318167757601321 0.02348847546162555 0.027073951514991753
1 0.23988697704120246 0.8358980597418688 0.010077571064146014 0.013507883982615567
1 0.804187726251414 0.41934018961587893 0.050562390215058976 0.09753941991307755
1 0.8451282754041851 0.5803086536854167 0.026938165391178093 0.04713213506475237
1 0.8554396708732432 0.920163194811015 0.030232713192438043 0.040523651947846705
1 0.26992576257327555 0.842041074460689 0.0067442377308126805 0.01344970043285476
1 0.8683646449073357 0.5632347021704251 0.03034906978865744 0.060523651947846514
1 0.38035987738414945 0.34172950043549105 0.04362422482388107 0.05075638614688936
0 0.5004266408528033 0.5646058008692246 0.9991467182943933 0.8707883982615509