1 0.7170940087449609 0.32883719394442673 0.1106704224329591 0.14180369004258248
1 0.6520279234142669 0.4265511645067865 0.021397540780881172 0.02701576796523104
1 0.661111938489994 0.2532178311734531 0.018064207447547838 0.026957584415470328
1 0.7274269175350798 0.6400383922130076 0.14206796321384027 0.16899400865709577
1 0.787566175185838 0.47746988052504963 0.15662414473044464 0.19256007618947193
1 0.6305878606971637 0.26374148312129964 0.017889514849937692 0.023624251082136994
1 0.5998726139016217 0.5956408839870092 0.10470252615673303 0.1550206562763943
1 0.8433310309069726 0.36659712727863886 0.01403210372377392 0.013566067532376186
1 0.6384963340888518 0.7165220727319062 0.025254951907044944 0.03707395151499175
1 0.9341454955536996 0.4765764710022445 0.018064207447547838 0.026957584415470328
1 0.9467517105391111 0.3631267705693897 0.06646362611157504 0.12438063722902636
1 0.4026676954633839 0.5457985636393194 0.11435314096151274 0.14852854025900986
1 0.6737110664860351 0.10813055584881202 0.14751178169723592 0.14577704242328376
1 0.7337110664860351 0.10708325195311898 0.01403210372377392 0.013566067532376233
0 0.5762488937143917 0.48322540173229794 0.8475022125712166 0.9664508034645959
1 0.5380973399680389 0.5034712216488904 0.10330498537585185 0.12835398960972763
1 0.485661033017228 0.20133065108565193 0.20397540780881096 0.269983129003028
1 0.41787782300784587 0.7003912787909944 0.11032103723773881 0.1351370233759159
1 0.4076441320689121 0.8321161290074218 0.08979695944490838 0.12478792207735144
1 0.5820397949666469 0.8723657342034365 0.09260621498541127 0.11484610562711244
1 0.9621600940756548 0.2279813116949879 0.019811133423649305 0.06029091774880366
1 0.37430831659892977 0.03951809307476283 0.07419262234264333 0.07903618614952566
1 0.4122120054276081 0.07772705627990933 0.11419262234264332 0.08192005714210393
1 0.257400872003959 0.14037440779402235 0.10330498537585185 0.1283539896097277
1 0.2609749832655964 0.040403499568902705 0.046303107492705636 0.05742305281355609
1 0.31652510658954763 0.5373113359330982 0.09628893351396489 0.12157095584353954
1 0.29225931192683996 0.6826022536819019 0.04436731494025348 0.08403153593046207
1 0.822400872003959 0.13051229610957943 0.06016051861886941 0.06765578701259897