0 0.43359011848077206 0.595 0.8627585366432919 0.81
1 0.4016325504773782 0.5837937039492404 0.0939539228516846 0.05659260515256316
1 0.7039380324209423 0.5060530040284038 0.026899387736048462 0.020931220519779952
1 0.3836665245066638 0.4715450244577112 0.14806299308295687 0.12512171285878973
1 0.3983961842562873 0.5920106347176013 0.13449693868024173 0.10465610259889975
1 0.19604841247611976 0.2400846821017379 0.023527267557818067 0.017481484621474124
1 0.7250070059834128 0.8849683501865997 0.03356605440271513 0.02116402564972494
1 0.37651618994268743 0.5729206847119467 0.036976961425842204 0.0279470948813641
1 0.029095515128334516 0.7823650820565017 0.033682414937405876 0.03116402564972494
1 0.5832204757903489 0.4401958450227274 0.22872236944620492 0.18458204108479626
1 0.6629900900487715 0.7095397706837614 0.10127996588159931 0.11349207694917482