1 0.8383333333333334 0.2866666666666667 0.09 0.1
1 0.7483333333333333 0.6466666666666666 0.06333333333333334 0.12333333333333334
1 0.5783333333333334 0.7533333333333333 0.12833333333333333 0.165
1 0.825 0.595 0.03666666666666667 0.07
1 0.5483333333333333 0.2916666666666667 0.06666666666666667 0.13333333333333333
1 0.7083333333333334 0.4066666666666667 0.03833333333333333 0.05333333333333334
1 0.92 0.52 0.035 0.055
1 0.285 0.9533333333333334 0.025 0.07
1 0.535 0.45666666666666667 0.021666666666666667 0.035
1 0.18833333333333332 0.7666666666666667 0.021666666666666667 0.045
1 0.43666666666666665 0.63 0.08666666666666667 0.12
1 0.4533333333333333 0.7833333333333333 0.03166666666666667 0.095
1 0.6583333333333333 0.52 0.035 0.13
1 0.505 0.8266666666666667 0.035 0.056666666666666664
1 0.7033333333333334 0.5333333333333333 0.02666666666666667 0.055
1 0.19666666666666666 0.835 0.04 0.05
1 0.5716666666666667 0.14833333333333334 0.035 0.05333333333333334
1 0.32166666666666666 0.5766666666666667 0.05333333333333334 0.055
1 0.7 0.795 0.043333333333333335 0.09
1 0.6616666666666666 0.54 0.02666666666666667 0.09
1 0.8316666666666667 0.6783333333333333 0.041666666666666664 0.043333333333333335
1 0.47833333333333333 0.31666666666666665 0.03666666666666667 0.06333333333333334
1 0.7366666666666667 0.8583333333333333 0.02666666666666667 0.04666666666666667
1 0.23666666666666666 0.8466666666666667 0.01 0.03
1 0.3516666666666667 0.8933333333333333 0.023333333333333334 0.025
1 0.555 0.5033333333333333 0.02666666666666667 0.02666666666666667
1 0.765 0.8033333333333333 0.04833333333333333 0.055
1 0.6583333333333333 0.8533333333333334 0.021666666666666667 0.04
1 0.55 0.8733333333333333 0.043333333333333335 0.075
1 0.605 0.92 0.03666666666666667 0.07
1 0.9533333333333334 0.7266666666666667 0.08166666666666667 0.3466666666666667
1 0.8066666666666666 0.31166666666666665 0.02666666666666667 0.043333333333333335
1 0.68 0.9316666666666666 0.03333333333333333 0.05333333333333334
1 0.5066666666666667 0.6366666666666667 0.041666666666666664 0.07333333333333333
1 0.7333333333333333 0.6783333333333333 0.03333333333333333 0.04666666666666667
1 0.8283333333333334 0.4216666666666667 0.018333333333333333 0.02666666666666667
1 0.19166666666666668 0.9216666666666666 0.035 0.056666666666666664
1 0.24333333333333335 0.56 0.058333333333333334 0.055
1 0.45666666666666667 0.045 0.13166666666666665 0.09
1 0.5033333333333333 0.5533333333333333 0.035 0.07333333333333333
1 0.45666666666666667 0.4166666666666667 0.06833333333333333 0.10333333333333333
1 0.6766666666666666 0.52 0.08166666666666667 0.135
1 0.17666666666666667 0.125 0.025 0.06
1 0.6933333333333334 0.31666666666666665 0.02 0.03333333333333333
1 0.7333333333333333 0.20833333333333334 0.013333333333333334 0.03666666666666667
1 0.9516666666666667 0.615 0.07 0.12
1 0.525 0.7333333333333333 0.021666666666666667 0.07
1 0.2 0.31833333333333336 0.06333333333333334 0.12666666666666668
1 0.52 0.7083333333333334 0.25166666666666665 0.4266666666666667
1 0.6583333333333333 0.805 0.04833333333333333 0.065
1 0.495 0.5966666666666667 0.20333333333333334 0.185
1 0.5383333333333333 0.6133333333333333 0.11166666666666666 0.125
1 0.425 0.7383333333333333 0.016666666666666666 0.02666666666666667
1 0.655 0.47833333333333333 0.023333333333333334 0.04666666666666667
1 0.765 0.35833333333333334 0.02666666666666667 0.03333333333333333
1 0.4266666666666667 0.3466666666666667 0.03666666666666667 0.05333333333333334
1 0.8033333333333333 0.23666666666666666 0.021666666666666667 0.065
1 0.6533333333333333 0.9016666666666666 0.02 0.03666666666666667
1 0.6 0.8483333333333334 0.04833333333333333 0.10333333333333333
1 0.19666666666666666 0.8016666666666666 0.041666666666666664 0.11666666666666667
1 0.5516666666666666 0.5983333333333334 0.04833333333333333 0.08666666666666667
1 0.21666666666666667 0.9466666666666667 0.05 0.06333333333333334
1 0.41833333333333333 0.645 0.04833333333333333 0.09
0 0.49833333333333335 0.49666666666666665 0.9966666666666667 0.9933333333333333