1 0.7533333333333333 0.02851718442074275 0.02 0.017015767965231018
1 0.7466666666666667 0.6086335515202642 0.1 0.10174550649282177
1 0.72 0.7257656865850166 0.12333333333333334 0.09548612467448019
1 0.8366666666666667 0.6887292623433913 0.016666666666666666 0.01695758441547014
1 0.765 0.2799802086632469 0.19666666666666666 0.1000994961025494
1 0.9316666666666666 0.28207103117521065 0.02 0.01701576796523104
1 0.2833333333333333 0.09838773160367169 0.11333333333333333 0.06197824069186467
1 0.9316666666666666 0.5987376978418772 0.02 0.017015767965231136
1 0.5183333333333333 0.8426191246788739 0.13 0.10226915844066828
1 0.6116666666666667 0.7509899852855736 0.06666666666666667 0.05449700432854778
1 0.65 0.8453208744633253 0.08666666666666667 0.0781794389604454
1 0.7 0.9127814545502478 0.03 0.0205236519478467
1 0.8216666666666667 0.7889910883173146 0.02 0.017015767965231136
1 0.24333333333333335 0.6640859342008004 0.11666666666666667 0.07536975757495877
1 0.3233333333333333 0.6743561956732096 0.043333333333333335 0.03408971948022289
1 0.8783333333333333 0.14133530130471555 0.016666666666666666 0.01695758441547028
1 0.8983333333333333 0.5093195333394845 0.016666666666666666 0.01029091774880366
1 0.9 0.2092904415646042 0.01 0.010174550649282186
1 0.88 0.4563062095298352 0.013333333333333334 0.010232734199042852
1 0.6566666666666666 0.06520450736380377 0.23333333333333334 0.09073951514991743
1 0.4533333333333333 0.05406717056411721 0.12 0.10813434112823442
1 0.57 0.10005061299091599 0.04 0.0106982025971287
0 0.5 0.5 1 1
1 0.39 0.44485919134466184 0.09666666666666666 0.11168732294306097
1 0.6283333333333333 0.25069906753676996 0.09 0.09157095584353954
1 0.7033333333333334 0.20272327100048695 0.09333333333333334 0.05829580605996696
1 0.058333333333333334 0.30731512121252064 0.11666666666666667 0.0787030909082921
1 0.15666666666666668 0.37559870649457927 0.09333333333333334 0.07829580605996701
1 0.20333333333333334 0.1447841367979291 0.12333333333333334 0.06881945800781353
1 0.34 0.194065277924406 0.14 0.07911037575661714
1 0.445 0.6222324961069432 0.16333333333333333 0.12951766060494227
1 0.6083333333333333 0.6460481688353343 0.11 0.061920057142104
1 0.6966666666666667 0.43950630476667507 0.12333333333333334 0.12215279134114686
1 0.5266666666666666 0.2641403324711387 0.12 0.1287612744580528
1 0.25333333333333335 0.7605780502181848 0.11666666666666667 0.10203642424162543
1 0.2 0.46650898701435645 0.12333333333333334 0.0754861246744802
1 0.25833333333333336 0.5471574415602104 0.08333333333333333 0.06478792207735144
1 0.08166666666666667 0.7019078363641955 0.11666666666666667 0.0787030909082921
1 0.3233333333333333 0.3110228623398763 0.09333333333333334 0.12162913939330035
1 0.42833333333333334 0.3058567471890801 0.07333333333333333 0.06794670476140263
1 0.5383333333333333 0.9689366900469762 0.07 0.04455518787830859
1 0.28833333333333333 0.9283004562790306 0.08666666666666667 0.07151277229377911
1 0.37833333333333335 0.896729500435491 0.12 0.07542794112471939
1 0.41833333333333333 0.952697964505029 0.07333333333333333 0.05461337142806921
1 0.07333333333333333 0.5203866285719307 0.14333333333333334 0.11250189263971114
1 0.08666666666666667 0.8334872277062211 0.10333333333333333 0.07180369004258258
1 0.45666666666666667 0.7236955203494473 0.1 0.0650788398261551
1 0.38333333333333336 0.8066422251108499 0.09333333333333334 0.06496247272663368
1 0.14166666666666666 0.9675271991351692 0.11 0.061920057142103815
1 0.4483333333333333 0.9871743125571825 0.056666666666666664 0.010989120345932406