1 0.977639952886852 0.44470616191141527 0.04472009422629602 0.040930936796171595
1 0.1249265963519261 0.20957205887528058 0.030543089361629635 0.023856985281179844
1 0.531555864436815 0.27250275757935244 0.024031591084000183 0.030407284848325087
1 0.31601416859066694 0.3246180216471329 0.02387642269496297 0.02374061818165842
1 0.4793114968577041 0.46349187792528485 0.40465783870207434 0.3502571757548598
1 0.9287711945270375 0.5756952822573476 0.03038792097259261 0.01719031861451318
1 0.7625686395120005 0.5269087013038368 0.023876422694963064 0.02374061818165842
1 0.6475312409302227 0.5989451255454622 0.02031033677807424 0.013682434631897802
1 0.13624274062777786 0.122672658009571 0.020698257750666662 0.030349101298564374
1 0.3832253181344448 0.4184834424267987 0.6537296153988152 0.4578960917704867
1 0.5461749110416302 0.6140530571464976 0.03038792097259261 0.01719031861451318
1 0.4750401856127408 0.06507126926731034 0.0306206735561481 0.027190318614513202
1 0.9365212528860004 0.47885406494139865 0.04395400688948144 0.027423052813556222
0 0.5 0.3566666666666667 1 0.7133333333333334