0 0.4266666666666667 0.5000775710641461 0.8533333333333334 0.9998448578717077
1 0.4019470175780241 0.7351648385113104 0.7487547582997468 0.5296703229773793
1 0.6715897171820906 0.6940239989525774 0.04193980188256773 0.06689937985910471
1 0.6233712090093699 0.7470858335613995 0.05870345864336286 0.07032967702262075
1 0.40130656166141343 0.41573803632186157 0.03566109559241454 0.08019392766036522
1 0.5906148060884188 0.555196150085313 0.04410925408636047 0.0269187726251414
1 0.3120468122814723 0.275195038872839 0.15394092372629567 0.25085328170560683
1 0.22314937344985278 0.3513574936225563 0.08252174244733804 0.08713209305154312
1 0.36462205992826263 0.35884835284577493 0.03164883160018254 0.05684120156099539
1 0.46700332738679623 0.4494592249759252 0.1577948776632392 0.15422540057101305
1 0.5527535983116313 0.6533258593752628 0.044788184745259134 0.050252105958474735
1 0.6354743310996143 0.7321537082425273 0.03106689103541233 0.036841201560995386
1 0.5133255185716254 0.2897016345513817 0.1083768182280094 0.17393450908046532
1 0.6453544957866137 0.5071731010085638 0.04517614512177261 0.06358543929180807
1 0.4771209571567285 0.044449528592906976 0.05242475235320967 0.08362422482388111