1 0.7237491490811072 0.4037739815580006 0.12465552451816242 0.16279303100266684
1 0.4246755651277149 0.5369077803431115 0.15200112184372794 0.18674703789214828
1 0.28532383580603354 0.5686880362705928 0.09015831005528857 0.12201718905748161
1 0.4514442320408981 0.7059781635243708 0.12614604606305646 0.09953728186385206
1 0.6779654135663722 0.7162538887516302 0.02792753789033573 0.04395400688948144
1 0.5958622914761278 0.7293530759859264 0.027733557702078998 0.03728734022281477
1 0.5518756773120876 0.5215226464014819 0.030872910847155405 0.03069825775066666
1 0.417210132489149 0.33493077689837075 0.0208729108471555 0.03046550516711117
1 0.5483690034663015 0.1261735175261486 0.03763656760795053 0.034186759473037065
1 0.30907298488714074 0.9561693369797039 0.017345597325565336 0.023721254305925945
1 0.8268678625503799 0.8147839696022229 0.02106689103541233 0.03713217183377784
1 0.479680575280103 0.7099709625111116 0.06899442892574788 0.08155168389037044
0 0.5 0.5 1 1
1 0.12106128181677266 0.883413704558815 0.017345597325565384 0.023721254305925945
1 0.06614324145373675 0.36345110314059265 0.024594204557002352 0.04387642269496297
1 0.19148771693557418 0.526476886726815 0.01744258741969375 0.027054587639259275
1 0.23121458171967316 0.5941133558249632 0.013915273898103635 0.02031033677807424
1 0.22095928157025616 0.7172915207692595 0.013915273898103635 0.02031033677807424