1 0.34130151259641567 0.8375042908802474 0.08672890646370092 0.08672890646370092
1 0.15147136551506915 0.3577645933995306 0.28066777129492726 0.1911374798676055
1 0.3650225381380222 0.6412139730907077 0.20706279211116452 0.18148270884621542
1 0.8417571162672963 0.6234579614516721 0.2157045628590174 0.1485568442885263
1 0.6392584970526219 0.8570827172028055 0.12727219816455962 0.10169211489961072
1 0.41681935606433046 0.7242445406750946 0.08230898972864982 0.059926416871819585
1 0.5644453649679949 0.12724966002653745 0.1443463336068703 0.11237122952568412
1 0.2209705370438738 0.21970857758219978 0.05816071884402845 0.03897565639531659
1 0.42944536496799496 0.13275048849773288 0.07523485428633914 0.04965477102139009
1 0.44529142241780023 0.1938738634635407 0.0793831251709607 0.06979059394660482
1 0.0657979225545688 0.26275892173395743 0.11421051068165577 0.1078154898654185
1 0.37770511517314775 0.21499156676377543 0.06843236469445779 0.04604979183762737
1 0.613078553955353 0.7062309880874272 0.2171986150363792 0.185223510955193
1 0.16151382874473255 0.2354867235693977 0.062037343878220526 0.052444812653864685
1 0.8532370635428602 0.3725751124377765 0.034555739660265775 0.03135822925214702
1 0.8369778656518377 0.38325422706385004 0.07537067721155381 0.052988104354723384
1 0.4024957091197526 0.29077538441654655 0.03441991673505091 0.028024895918813682
1 0.36396707463482175 0.6562818845533152 0.17074135442310773 0.10679114626073517
1 0.8237803552437191 0.38713085209804216 0.04162987510257646 0.04162987510257646
1 0.5181691520802528 0.3845586497551874 0.7618561476284208 0.7298810435472345
1 0.6397481307169415 0.17259488900514733 0.3039275215000801 0.27195241741889375
1 0.412365557860111 0.20523209271568774 0.1468647293889156 0.09250705245089885
1 0.589852833743639 0.13623098808742715 0.2027786983013281 0.15801355258766742
1 0.09541023034629552 0.45687607272006187 0.04455573966026565 0.03176569802779113
1 0.5314373355216303 0.8330957174763428 0.05509903136112446 0.045506500136768484
1 0.6898471620780658 0.2139587899228675 0.1857045628590174 0.14733443796159387
1 0.45458962112943413 0.5040096863887554 0.5148669386454366 0.4669042825236572
1 0.04279847486869908 0.35384550513567503 0.047889072993598986 0.0319015209530058
1 0.8039105065033607 0.4730816125745452 0.034148270884621565 0.02135822925214711
1 0.37435476684309504 0.46053485846463427 0.18475380238251451 0.12400110462826054
1 0.5724589175556624 0.3239163266932041 0.1138030419060116 0.09781548986541849
1 0.4050338814691685 0.4759791188043686 0.24359363585261642 0.17964342769024388
1 0.5462987510257642 0.3784041548908624 0.21481604217954878 0.20842102136331145
1 0.585795012459647 0.7741200610810262 0.044691562585480446 0.035099031361124466
1 0.17297108935800404 0.31181383292302767 0.12645726061327148 0.08169211489961062
1 0.6037774451487974 0.9286446808427749 0.07135822925214712 0.03618561476284185
1 0.649609397696805 0.7014036025767322 0.1264572606132716 0.08169211489961072
1 0.20147136551506917 0.35572724952131 0.17434633360687044 0.11359363585261652
1 0.6488652817030459 0.15052075356283656 0.08632143768805671 0.07672890646370088
1 0.5203450804543396 0.8886390091772015 0.09618561476284204 0.07380304190601161
1 0.36587993891897386 0.5393435720362191 0.09700055231413027 0.09380304190601162
1 0.6022522730729185 0.8502434360468341 0.19890207326713608 0.14454439632911942
1 0.5405008284711954 0.11320042050304034 0.09577814598719803 0.06380304190601166
1 0.46006500136768563 0.5154726186676 0.3588907299359899 0.31412558422232906
1 0.08075545932490541 0.38401811962497995 0.13488962530772927 0.1252970940833734
1 0.1554526935759589 0.3325608590117085 0.2959648653783006 0.3215449486432497
0 0.5 0.5 1 1