1 0.5084466181205258 0.6423282069300703 0.19475380238251452 0.11998312900302797
1 0.5007215778557369 0.09618519221125013 0.054419916735051095 0.027597603462838266
1 0.13192420761529836 0.2774981073602888 0.08550650013676858 0.05478792207735144
1 0.7304556036708806 0.1804456770613327 0.06829654176924313 0.04116367099521454
1 0.5060159103684589 0.41586518268756617 0.04455573966026577 0.030756386146889365
1 0.2978297432914865 0.57938528744809 0.0984323646944578 0.045020656276394296
1 0.6450113433311464 0.15195844935511155 0.08298810435472358 0.07472973852759072
1 0.5488681917979676 0.3451669800904374 0.07829654176924312 0.04133822164449669
1 0.469541634758468 0.24828823550112222 0.04775325006838424 0.027481236363316838
1 0.5721788384690084 0.02277258658194107 0.06550650013676848 0.04554517316388214
1 0.8139785664902384 0.4604541125598187 0.06455573966026558 0.031105487445453644
1 0.42242227451584236 0.5872034043320628 0.044284093809836236 0.024089719480222888
1 0.6458885206794688 0.048683299571538934 0.03761742714316957 0.023973352380701318
1 0.2808857591088173 0.5047343887466543 0.18161853177143011 0.20635887792089097
1 0.6691200610810262 0.5412602467579829 0.06523485428633914 0.04777215411212031
1 0.787979671118499 0.28103594805742593 0.03788907299359911 0.030640019047367937
1 0.6006509048224782 0.545786342861411 0.06496320843590979 0.04110548744545383
1 0.14630457121560766 0.6603077887457757 0.04244481265386464 0.060698202597128555
1 0.9698500721729875 0.2728649445954664 0.03414827088462137 0.020581835497607226
1 0.7482258687359843 0.3983135419965802 0.12951894809617537 0.07221097489090747
1 0.7560102387028858 0.32989293333860575 0.038160718844028454 0.03730668571403461
1 0.25370692063980893 0.4768956155862872 0.11250705245089886 0.14519520692567653
1 0.044366258698511594 0.6687490536801445 0.03816071884402838 0.03730668571403461
1 0.512928774652611 0.5323282069300703 0.04135822925214711 0.03403153593046208
1 0.627232645029818 0.30216209177927406 0.24305034415175764 0.16079769869967814
1 0.7036276658460554 0.30749053680144406 0.06802489591881378 0.034497004328547784
1 0.8322807799250546 0.501771677927921 0.030950760476502904 0.023856985281179844
1 0.5718930877167813 0.3114554536836594 0.07176569802779113 0.04455518787830859
1 0.7741879725436335 0.5377607982738533 0.020679114626073556 0.017015767965231136
1 0.7761574049592467 0.48942746494052 0.04149405217736179 0.03736486926379541
1 0.589867087169707 0.5243233186189069 0.09672890646370093 0.08496247272663368
1 0.263656024173921 0.7232131809543895 0.03761742714316957 0.023973352380701272
1 0.6317204732274763 0.27377057489618 0.10006223979703426 0.0850206562763944
1 0.30507082155752907 0.5242980121234488 0.08496320843590979 0.04145458874401811
1 0.48034246740795844 0.5145767090943442 0.051494052177361783 0.03753941991307746
1 0.7413922592455858 0.4434008173212213 0.09564232306198316 0.05829580605996701
1 0.39884274356502364 0.4710312978383623 0.02081493755128823 0.020349101298564466
1 0.5416582334304422 0.36664601039027234 0.7566835331391157 0.7332920207805447
1 0.7723118998235716 0.46118140693182774 0.03761742714316957 0.023973352380701272
1 0.767207196796874 0.42296444069801586 0.18142046904918138 0.11975039480398512
1 0.6034380363600309 0.032801678356821434 0.1363214376880569 0.06560335671364287
1 0.7997426075756385 0.6872080545511264 0.07135822925214712 0.034555187878308594
1 0.7571138371013227 0.548051716022657 0.05829654176924313 0.040989120345932405
1 0.9809366555747052 0.24602372727951755 0.017209958367525358 0.013624251082136994
1 0.32541037887056584 0.5156155774915512 0.030814937551288227 0.0205236519478467
1 0.10991798363559496 0.2862096337670669 0.037753250068384286 0.027306685714034606
1 0.49500291009492176 0.5226482164537543 0.08217316680343516 0.054729738527590825
1 0.6864063641473834 0.15789782164976912 0.16713637523934494 0.09618432727160885
1 0.6479004163247453 0.12192935758023118 0.02401244795940689 0.01707395151499175
1 0.26442282682997265 0.5000253064954581 0.08244481265386469 0.06139640519425749
1 0.5811912864284151 0.0034022774911118656 0.033740802108977355 0.006804554982223731
1 0.43977372747415566 0.6518543030334985 0.04455573966026577 0.030756386146889365
1 0.5484098265564354 0.601659096107822 0.037345781292740035 0.017306685714034604
1 0.5697312642444924 0.5280057532508047 0.047889072993599104 0.03081456969665017
1 0.21164980019421756 0.7324483593090141 0.024284093809836236 0.02374061818165842
1 0.5955970982616685 0.2610772606102147 0.027345781292740033 0.017132135064752467
1 0.6479401179837572 0.6931887393985727 0.027345781292740224 0.01713213506475237
1 0.2763668110126419 0.5747634805215347 0.05122240632693234 0.03087275324641079
1 0.5782004205030404 0.5245269610430695 0.2574080210897743 0.10442194978181514
1 0.564434170161119 0.6580057532508047 0.024284093809836427 0.02374061818165842
1 0.4778665348555768 0.6162142839861305 0.03428409380983643 0.023915168830940654
1 0.4951500763512828 0.6825318493542327 0.03414827088462137 0.02058183549760732
1 0.6584804995896943 0.14839238182273531 0.05122240632693244 0.030872753246410884
1 0.6844482750629166 0.3694481212169144 0.39875490701077504 0.3034159584389107
1 0.5613497960159225 0.3249633376662749 0.10006223979703426 0.0850206562763943
1 0.49722421179359344 0.6725027575793524 0.0584323646944578 0.04432245367926574
1 0.7468421912508932 0.5548929333386058 0.030679114626073367 0.01719031861451318
1 0.6283192284315356 0.2754954251126074 0.06870401054488715 0.051163670995214454
1 0.25146584237376635 0.5318956155862873 0.03788907299359901 0.030640019047367937
1 0.7943492437017923 0.4108323056332634 0.03761742714316957 0.023973352380701272
1 0.707608993906945 0.33240326147680305 0.03788907299359911 0.030640019047367937
1 0.23713928533426673 0.4338822917766379 0.05230898972864992 0.057539419913077455
1 0.5890351346216994 0.29949786926818905 0.034148270884621565 0.02058183549760732
1 0.684663352781885 0.5276650874507262 0.03761742714316957 0.023973352380701272
1 0.6226033222413718 0.25227845887879546 0.03788907299359911 0.030640019047367937
1 0.9686587857445723 0.2612273697036801 0.041765698027791134 0.04403153593046208
1 0.6092020774454312 0.2541778597445051 0.0584323646944578 0.04432245367926564
1 0.6323995878535499 0.25710390822951334 0.06176569802779113 0.04438063722902636
1 0.6297396974807168 0.15888694199570147 0.041222406326932436 0.030698202597128698
1 0.6378013849636208 0.16540814978796634 0.06190152095300581 0.04771397056235974
1 0.31262600890366443 0.5841234614741667 0.06469156258548035 0.03443882077878717
1 0.5972807799250546 0.505873618186052 0.07162987510257646 0.04122185454497526
1 0.7390605828546434 0.1736335515202642 0.050950760476502904 0.02420608657974422
0 0.5 0.44333333333333336 1 0.8866666666666667