0 0.5 0.5 1 1
1 0.7237240983191666 0.45927357056763224 0.1154671154041578 0.07531157402519796
1 0.6673918868295613 0.6436832995715389 0.027054627043180138 0.013798801731419038
1 0.7779381572613634 0.7751547593125291 0.03734559732556533 0.023973352380701272
1 0.5001967847975766 0.4565052017349342 0.02724860723143706 0.020465468398085704
1 0.7529253323472674 0.6605329523859738 0.02038796037651347 0.013682434631897802
1 0.9112408306141166 0.7144649922138863 0.11928539920813326 0.09203642424162543
1 0.8283617877708451 0.6742238225163575 0.07223077216495274 0.07788852121164193
1 0.8274225468101414 0.6992529142912378 0.024109254086360464 0.027073951514991753
1 0.879344513626225 0.8217425861530406 0.05831549826684939 0.057655787012599075
1 0.49751172214256184 0.4215342935098145 0.21818283803975266 0.17039041385135306
1 0.5711282109965724 0.14344212987401003 0.047345597325565335 0.024147903029983507
1 0.4622898865830448 0.815682196539798 0.02038796037651347 0.013682434631897802
1 0.8824225468101413 0.6982928857201859 0.18368562357687854 0.12980857835374573
1 0.6339793984685836 0.5842360432942658 0.12537012531002953 0.07215279134114685
1 0.16458418425222615 0.3839902233776733 0.09164883160018258 0.058237622510206206
1 0.03815999282088046 0.3945345316019142 0.049479379396389876 0.09748123636331683