1 0.4652045073638038 0.6649869142824504 0.11133822164449668 0.07858672380877048
1 0.6718796095289565 0.7636233861424957 0.037248502164273986 0.033973352380701274
1 0.5669377930787172 0.7584572709916995 0.03379880173141904 0.027248502164273988
1 0.4957281593116503 0.6355105662302969 0.19583522597304448 0.14670797921945525
1 0.18424447879275183 0.7150994961025494 0.08081456969665017 0.04806307186092416
1 0.5430639368005653 0.5979918025936137 0.07788852121164193 0.07133822164449669
1 0.5639910883173146 0.8317615125501525 0.057306685714034605 0.03765578701259907
1 0.39335485454936897 0.5787068761877144 0.1613964051942574 0.0827928103885148
0 0.5 0.5 1 1
1 0.7414470181851733 0.5030912986961632 0.5031419116870791 0.18872753246410887
1 0.8317257151560686 0.6797204380894635 0.16273462683875417 0.15945947705518146
1 0.5936579930760809 0.37380637229026387 0.13618432727160892 0.1656606753237624
1 0.7049295956723309 0.20736400432415414 0.12905219220685638 0.13887764155757423
1 0.8139489108248846 0.3609798199078051 0.14881945800781352 0.12589340952280528
1 0.8732629290056643 0.21030227358707076 0.152734626838754 0.15928492640589934
1 0.7502120779226485 0.09645372380437689 0.12624251082136956 0.1688194580078135
1 0.5685247549795875 0.1899784787839644 0.1386449073585313 0.1157188588735231
1 0.3609853350665099 0.23637109869879946 0.2729091774880362 0.17137953419728547
1 0.4493271038983293 0.332942054542339 0.11771397056235969 0.06203642424162543
1 0.27772705627990935 0.4216413601712087 0.24215279134114687 0.12752254891610554
1 0.16841303809912966 0.571446153245532 0.3269407134184983 0.21231047099345687
1 0.3817088441590966 0.48180747532200485 0.14934310995566003 0.15589340952280528
1 0.7267172796575827 0.5828585644971204 0.19571885887352305 0.1400413125527886
1 0.8783961671021577 0.39378106579480593 0.17945947705518128 0.16308372813731845
1 0.889435900439006 0.9074635004267035 0.10098912034593241 0.05841217315948825
1 0.6705789151578262 0.933652477917376 0.15174550649282176 0.10261825973923275
1 0.8002879974090225 0.952588303024711 0.10403153593046208 0.04180369004258258
1 0.7855704796593401 0.8406307186092408 0.17525339047543714 0.11302554458755765
1 0.9447765662390842 0.7933944372228752 0.06753941991307784 0.05116367099521464
1 0.9727232710004869 0.7205265722876277 0.031047303895693025 0.060523651947846514
1 0.9593233186189071 0.6285980796470376 0.06238552554018952 0.13771397056235968
1 0.9751876363668318 0.4838308138460806 0.035544308224241 0.127248502164274
1 0.7559102805197773 0.056540999129017964 0.3215127722937787 0.0922522874436963