1 0.4052285304633638 0.5505112648417781 0.2041187864343065 0.16457746747659258
1 0.8180915109986311 0.4785426224899265 0.05806393912309924 0.03131893130681495
1 0.8217991896320963 0.27218629260133403 0.06155252495159156 0.034729848834666656
1 0.19815100302906985 0.7870961667674816 0.05186302994190991 0.04116376291777783
1 0.312721513977874 0.13713774589570396 0.054420100799447466 0.024574680445629677
1 0.47994075500277505 0.295861787232593 0.032328787427387436 0.05069825775066666
1 0.8008630793485527 0.18013170496207476 0.05410959580912921 0.01790801377896301
1 0.1965254471424873 0.8236852492396298 0.03442010079944746 0.024109175278518555
1 0.19877201300970648 0.8004295001008149 0.05310504990318322 0.0678304295844445
1 0.23606888028218714 0.9577944245181483 0.03442010079944746 0.024109175278518555
1 0.8319544421272556 0.2757523785182229 0.03442010079944756 0.024109175278518555
1 0.32895434331397 0.02097537649340768 0.027132424152144192 0.010620673556148172
0 0.5 0.5 1 1
1 0.5730230753762288 0.6143516824704449 0.22016444312033645 0.15163205511585204
1 0.9122147692289193 0.8587767685889638 0.17557046154216133 0.13085621317066662
1 0.9719636327524328 0.9071890796322971 0.05607273449513438 0.17217235744651854