1 0.9170981119378564 0.5153039215109877 0.1658037761242872 0.27436114993326877
1 0.17071239524879858 0.5409017636206981 0.23283836255791523 0.3279659819911133
1 0.5456154051546702 0.539750116466473 0.25371127340507066 0.35808233858733257
1 0.4807023749440224 0.8843223644011957 0.2367893065889871 0.23135527119760846
1 0.28333112779026504 0.6315417248999031 0.031066891035412235 0.036841201560995386
1 0.11948218400570966 0.5556011757471321 0.09025530014941693 0.1238375452502828
1 0.282070256566596 0.5882083915665698 0.04164883160018254 0.0568993798591049
1 0.3916516362095024 0.5171913825621265 0.12837681822800942 0.17405086567668454
1 0.3621850817272085 0.5353501810011312 0.6252274447781567 0.5268822095180161
1 0.2452581047587368 0.5829950711401681 0.04213378207082447 0.07356604652577156
1 0.1321365866801443 0.5323454134779448 0.1478561976243993 0.2708144961735339
1 0.3927363623113987 0.49720107894514476 0.21688629668311543 0.23788841092696733
0 0.5007759207530271 0.5266666666666666 0.9984481584939457 0.9466666666666667