1 0.499633759870254 0.51 0.10426418610308626 0.16
1 0.5735671577382453 0.32666666666666666 0.07730662794587184 0.11
1 0.36095135674826323 0.45 0.04701573645532401 0.06
1 0.20406278448465048 0.6983333333333334 0.06377936695217325 0.07666666666666666
1 0.20815132448093415 0.5416666666666666 0.06389572354839236 0.09666666666666666
1 0.5735768541212637 0.3283333333333333 0.05372118865406378 0.06666666666666667
1 0.19404339171861398 0.695 0.040329677022620795 0.056666666666666664
1 0.6680144639062047 0.23166666666666666 0.01680241602892238 0.023333333333333334
1 0.86934397959218 0.7466666666666667 0.01680241602892238 0.023333333333333334
1 0.7684821127160288 0.885 0.03354665375973506 0.03666666666666667
1 0.22075854030037192 0.7033333333333334 0.030271498724511237 0.04666666666666667
1 0.374449528592907 0.47833333333333333 0.07407025844272103 0.12666666666666668
1 0.8444312470393444 0.7616666666666667 0.010077571064146014 0.013333333333333334
0 0.5001842312773469 0.5316666666666666 0.9996315374453062 0.9366666666666666