1 0.9436689890262824 0.30241483649484224 0.11266202194743528 0.2413963264162901
1 0.47763034882574223 0.5163916557606817 0.11978090719502726 0.2112799658815993
1 0.28306418615631296 0.6353855331211652 0.1835069670788471 0.2919781290897443
1 0.6132878742738743 0.49313472845324 0.17490423953527967 0.3218617685550536
1 0.6800140329709798 0.8158668656906707 0.18582656388105723 0.19872236944620492
1 0.23500484234580246 0.6776340024612861 0.06783565569294903 0.09740361671970864
1 0.3953518628036162 0.6474195071504507 0.025662120760720768 0.05027150791427857
1 0.44441575252007265 0.555132250965433 0.534137167684661 0.4526398407807968
1 0.3590733273748475 0.6561794957776506 0.029771716569849976 0.06697696142584221
1 0.4599180254730455 0.5299383167409482 0.06287676647303328 0.13399270969658156
1 0.6414978752669553 0.38274686000427055 0.09465757485477487 0.10104724481221761
1 0.40880393316461333 0.6856170865266448 0.021397272456432383 0.030232721069381796
1 0.4083700958340426 0.5688922395926327 0.04977171656984997 0.06720968249522381
1 0.9797581776652978 0.9421821154254606 0.04048364466940446 0.06763633778909024
1 0.2470550449377784 0.6141261283259165 0.030703231540804836 0.0869769614258422
1 0.9209087854412256 0.6294305847655814 0.1581824291175489 0.20213327646933218
1 0.23996373156571835 0.6408897621048256 0.09862110879392219 0.2576751246339874
0 0.5653516157704024 0.5367783565457489 0.8692967684591951 0.9234954866963339