1 0.6566666666666666 0.4683333333333333 0.095 0.16666666666666666
1 0.14833333333333334 0.5483333333333333 0.016666666666666666 0.04666666666666667
1 0.34833333333333333 0.87 0.043333333333333335 0.075
1 0.20833333333333334 0.3233333333333333 0.03333333333333333 0.06
1 0.44666666666666666 0.5016666666666667 0.023333333333333334 0.03666666666666667
1 0.6166666666666667 0.6733333333333333 0.03333333333333333 0.08666666666666667
1 0.19 0.4066666666666667 0.065 0.06666666666666667
1 0.375 0.47 0.03333333333333333 0.07
1 0.29333333333333333 0.5566666666666666 0.021666666666666667 0.04
1 0.065 0.49333333333333335 0.05333333333333334 0.056666666666666664
1 0.4633333333333333 0.20666666666666667 0.021666666666666667 0.056666666666666664
1 0.6133333333333333 0.5566666666666666 0.02 0.03666666666666667
1 0.09333333333333334 0.41833333333333333 0.018333333333333333 0.03333333333333333
1 0.5466666666666666 0.7 0.175 0.145
1 0.55 0.33 0.03833333333333333 0.055
1 0.2966666666666667 0.255 0.023333333333333334 0.03
1 0.56 0.3933333333333333 0.03166666666666667 0.056666666666666664
1 0.705 0.805 0.05333333333333334 0.03
1 0.27666666666666667 0.085 0.015 0.03
1 0.41 0.275 0.05333333333333334 0.115
1 0.3466666666666667 0.2783333333333333 0.03166666666666667 0.03333333333333333
1 0.525 0.7266666666666667 0.12666666666666668 0.09
1 0.72 0.8983333333333333 0.03166666666666667 0.03333333333333333
1 0.555 0.4766666666666667 0.028333333333333332 0.035
1 0.33 0.4033333333333333 0.12333333333333334 0.21
1 0.3283333333333333 0.33 0.02666666666666667 0.06
1 0.5 0.18333333333333332 0.018333333333333333 0.025
1 0.3433333333333333 0.4533333333333333 0.035 0.065
1 0.5383333333333333 0.23333333333333334 0.011666666666666667 0.02
1 0.49166666666666664 0.23666666666666666 0.03 0.035
1 0.5416666666666666 0.4066666666666667 0.06833333333333333 0.08333333333333333
1 0.7533333333333333 0.6866666666666666 0.018333333333333333 0.03333333333333333
1 0.30333333333333334 0.4033333333333333 0.06666666666666667 0.085
1 0.565 0.675 0.03333333333333333 0.075
1 0.5416666666666666 0.5116666666666667 0.03333333333333333 0.043333333333333335
1 0.4533333333333333 0.27666666666666667 0.041666666666666664 0.085
1 0.5066666666666667 0.5933333333333334 0.015 0.016666666666666666
1 0.375 0.47333333333333333 0.67 0.6166666666666667
1 0.4666666666666667 0.245 0.016666666666666666 0.03
1 0.43 0.255 0.09333333333333334 0.155
1 0.07166666666666667 0.4633333333333333 0.065 0.12
1 0.6766666666666666 0.18666666666666668 0.02666666666666667 0.065
1 0.5483333333333333 0.24666666666666667 0.03166666666666667 0.05
1 0.25 0.07666666666666666 0.01 0.016666666666666666
1 0.555 0.6566666666666666 0.015 0.02666666666666667
1 0.35833333333333334 0.8883333333333333 0.021666666666666667 0.03333333333333333
1 0.5466666666666666 0.49666666666666665 0.045 0.07333333333333333
1 0.19166666666666668 0.36666666666666664 0.07166666666666667 0.14666666666666667
1 0.16166666666666665 0.4066666666666667 0.013333333333333334 0.023333333333333334
1 0.545 0.7166666666666667 0.051666666666666666 0.06666666666666667
1 0.04833333333333333 0.4866666666666667 0.018333333333333333 0.03
1 0.6733333333333333 0.5316666666666666 0.025 0.03666666666666667
1 0.6166666666666667 0.435 0.013333333333333334 0.035
1 0.5466666666666666 0.425 0.023333333333333334 0.04
1 0.765 0.7333333333333333 0.018333333333333333 0.02
1 0.295 0.43666666666666665 0.013333333333333334 0.025
1 0.6933333333333334 0.33 0.011666666666666667 0.025
1 0.6133333333333333 0.6933333333333334 0.02666666666666667 0.043333333333333335
1 0.5433333333333333 0.4166666666666667 0.07 0.23
1 0.6683333333333333 0.41333333333333333 0.02 0.02
1 0.635 0.49833333333333335 0.018333333333333333 0.02666666666666667
1 0.6966666666666667 0.475 0.015 0.03
1 0.185 0.395 0.02666666666666667 0.045
1 0.3883333333333333 0.3383333333333333 0.24333333333333335 0.33666666666666667
1 0.35833333333333334 0.4633333333333333 0.06833333333333333 0.085
1 0.6866666666666666 0.475 0.035 0.05
1 0.5566666666666666 0.25666666666666665 0.011666666666666667 0.02666666666666667
1 0.305 0.405 0.04 0.06
1 0.575 0.7233333333333334 0.025 0.03333333333333333
1 0.41833333333333333 0.23166666666666666 0.016666666666666666 0.03333333333333333
1 0.3516666666666667 0.3233333333333333 0.02666666666666667 0.03
1 0.485 0.75 0.05 0.04
1 0.33166666666666667 0.43666666666666665 0.015 0.03
1 0.5366666666666666 0.31666666666666665 0.018333333333333333 0.03
1 0.2833333333333333 0.41333333333333333 0.02666666666666667 0.03
1 0.265 0.08333333333333333 0.03833333333333333 0.03666666666666667
1 0.2866666666666667 0.425 0.035 0.05
1 0.28833333333333333 0.4033333333333333 0.035 0.05333333333333334
1 0.195 0.42 0.023333333333333334 0.035
1 0.20333333333333334 0.4116666666666667 0.03833333333333333 0.05333333333333334
1 0.62 0.6583333333333333 0.025 0.056666666666666664
1 0.5233333333333333 0.4033333333333333 0.03 0.065
1 0.20166666666666666 0.315 0.02 0.045
0 0.41833333333333333 0.49666666666666665 0.8366666666666667 0.9933333333333333