1 0.5571697673711422 0.2 0.13091146000371623 0.15666666666666668
1 0.2243007492102115 0.4066666666666667 0.11755873390434649 0.15333333333333332
1 0.6194741728920663 0.6633333333333333 0.1275393411383099 0.15
1 0.7312098254523346 0.365 0.023527260993698368 0.03333333333333333
1 0.4296777969354497 0.6283333333333333 0.13439993546534196 0.18333333333333332
1 0.3756765243863304 0.45666666666666667 0.14110538766408154 0.19
1 0.6598534430422522 0.31166666666666665 0.046938165391177906 0.04666666666666667
1 0.35037704772523826 0.22166666666666668 0.1714932429848119 0.25666666666666665
1 0.787984263544676 0.06 0.09362422482388108 0.05
1 0.10201240281790239 0.8 0.02352726099369851 0.03333333333333333
1 0.2514403162198251 0.8983333333333333 0.17422540057101316 0.15333333333333332
1 0.7791068215498463 0.44 0.033585439291808065 0.043333333333333335
1 0.6607831845995312 0.43833333333333335 0.03017453489432872 0.03
1 0.013215865524640361 0.6516666666666666 0.026431731049280722 0.07666666666666666
1 0.7165879843900467 0.3 0.026860594327031702 0.03333333333333333
1 0.5538946123359184 0.19 0.03360483205784457 0.04666666666666667
1 0.5036995734630794 0.51 0.023469082695589047 0.023333333333333334
1 0.18957113672224887 0.6466666666666666 0.016802416028922285 0.023333333333333334
1 0.6515104133259007 0.31333333333333335 0.026879987093068394 0.03666666666666667
1 0.03596741587687816 0.4066666666666667 0.02687998709306837 0.03666666666666667
1 0.2850074739580705 0.5716666666666667 0.02350786822766196 0.03
1 0.35474567161657755 0.6166666666666667 0.026879987093068394 0.03666666666666667
1 0.3581189016944578 0.3233333333333333 0.2660095350463728 0.46
0 0.5 0.5 1 1
1 0.909515180849087 0.08333333333333333 0.10029089149054773 0.05
1 0.2149030361698174 0.016666666666666666 0.08352726099369856 0.03333333333333333
1 0.7006765243863304 0.45666666666666667 0.09040724808676676 0.07
1 0.47149849451793463 0.8883333333333333 0.11434175716723227 0.17333333333333334