1 0.8255042119169494 0.09146637626070482 0.13726784241379883 0.10412843674083057
1 0.7922592572432543 0.3929294188839881 0.21753934113831008 0.15126052979237367
1 0.7253501810011312 0.350874896896591 0.06368240312199078 0.06036846255469385
1 0.24450659567854263 0.20308233858733246 0.1308338889395702 0.14408965120875752
1 0.11787871454394903 0.20901208014461145 0.12052360468298597 0.09069813957731464
1 0.38298648596962376 0.5155441086614965 0.14056239021505906 0.09748116284020057
1 0.3711064988765554 0.4788095673137019 0.020077571064146014 0.013449689929552354
1 0.6018143348368883 0.6018143348368883 0.033410904397479346 0.013527260993698368
1 0.2803975517037486 0.06996232568040082 0.5474617700741639 0.1398470802966556
1 0.3488763307823558 0.09535987738414944 0.03680241602892238 0.023546653759735036
1 0.5255731978105511 0.3880446642677333 0.18091146000371622 0.15771387603263862
1 0.8647985983815644 0.5433463633537732 0.02011635659621902 0.02011635659621902
1 0.855167060936258 0.606621518388997 0.04009696383018271 0.016899379859104897
1 0.7650894898721121 0.5927645803726777 0.033449689929552356 0.020193927660365034
1 0.4987234110790114 0.6428798257564229 0.026744237730812682 0.013488475461625361
1 0.997122396668525 0.18413177037825215 0.005755206662950058 0.04337211886540634
1 0.36030281029851374 0.6270750259659074 0.02005817829810951 0.01011635659621902
1 0.4232180879495881 0.2691198515702862 0.21821808794958808 0.26792719645904034
1 0.6102241280218939 0.3285391798016645 0.17753934113830988 0.15102781659993544
1 0.5335089794401359 0.31975981284949123 0.026763630496849374 0.016821808794958884
1 0.33116467717466497 0.48857685412126367 0.24753934113830997 0.1514350646867024
0 0.5 0.32957558157214434 1 0.6591511631442887
1 0.9842259561772502 0.6123778362644212 0.03154808764549974 0.02686059432703189
1 0.7454579524268058 0.6559815571097919 0.04009696383018271 0.016899379859104897
1 0.19001191880796597 0.5760859948980449 0.026763630496849277 0.016821808794958693