1 0.5063004265369205 0.5217152133722966 0.2176363049684926 0.1717096393103706
1 0.8382568734816612 0.2928069661574822 0.030155142128292216 0.027364924417333326
1 0.962879825756423 0.517344248021334 0.06354665375973506 0.03814076636251874
1 0.9587331074620297 0.663894538396223 0.03348847546162536 0.027442508611851886
1 0.8139270351223948 0.6938529592680007 0.053507868227662056 0.03124134711229639
1 0.9080166863311524 0.8260253167145193 0.036841201560995386 0.030853426139703592
1 0.7417259561772501 0.3138903578497784 0.04362422482388107 0.051008594528740805
1 0.4928421514368237 0.7863660844969633 0.2640508656766845 0.12946248470029653
1 0.8011076100890292 0.7818759558232599 0.05013574936225571 0.024497096251111163
1 0.9357660142584424 0.1534290332291119 0.016763630496848994 0.017054587639259277
1 0.814187726251414 0.4522250846985933 0.023449689929552354 0.02054308936162973
1 0.9762422482388111 0.5226545847994082 0.030155142128292026 0.027364924417333326
0 0.5 0.5 1 1