0 0.4987195717853026 0.4429089149054777 0.9974391435706051 0.7391511631442887
1 0.244862426909593 0.44976839802003565 0.489724853819186 0.6928701293734046
1 0.30538085750831784 0.7069198838376153 0.06449735898305828 0.03370179588802709
1 0.25005282033883486 0.6682568734816611 0.06841270514125407 0.050387855320730444
1 0.5624073524575364 0.4116882818576509 0.07426455385311329 0.02709330751947012
1 0.43864012932754765 0.6143428683797061 0.02473016411300326 0.04013574936225572
1 0.6960740332541699 0.3074445997330751 0.24430689490398208 0.12472961248796262
1 0.6171428268643567 0.2286361436318471 0.08256085642939487 0.07379875971820979
1 0.6173121204179983 0.3669985661142352 0.05414815128814079 0.02364361758991758
1 0.5350210998756002 0.4798761694457104 0.14500531029381725 0.14414782950686705
1 0.3379046831806609 0.5870847223489256 0.048063497446336596 0.04027149872451124
1 0.26637027931058405 0.6783538373118437 0.034264553853113285 0.02686059432703189
1 0.694031678073334 0.5091403555487966 0.16647620258759066 0.09095024553578923
1 0.4869522921354465 0.6629670932035873 0.0579470948813641 0.03699634368928741
1 0.9380845973219368 0.4422129977531108 0.09473016411300327 0.040542997449022476