1 0.7374509624786718 0.12158188873161019 0.09709330751947012 0.07727219816455971
1 0.1728850772895457 0.6428013849636208 0.11713209305154308 0.08475380238251451
1 0.3467323189228468 0.5474052595191229 0.1438181524842463 0.08917371911756543
1 0.26473819765850704 0.0342020774454312 0.04348847546162546 0.0284323646944578
1 0.6383419185038778 0.2589219983587772 0.02680241602892238 0.02441991673505091
1 0.19117851387833212 0.9353197807456659 0.04684120156099529 0.0319015209530058
1 0.1393966018279202 0.6708262808824345 0.19422540057101315 0.16121106299578608
1 0.2736790694845691 0.7886587857445723 0.05686059432703189 0.03564232306198316
1 0.10251661473485185 0.7089869997264628 0.11374058142010018 0.07461797945729984
1 0.26992879168145056 0.8604612753364539 0.09040724808676695 0.07366721898079694
1 0.738207280354096 0.0004669470020269036 0.050096963830182514 0.0009338940040538072
1 0.013526149781224645 0.5293887968365337 0.02705229956244929 0.047889072993599104
1 0.23964870778639494 0.6234182597926601 0.4048847546162547 0.2831012406176455
1 0.26305961218387436 0.6091341659828239 0.06358543929180807 0.04591396891241269
1 0.2590680360177733 0.43600456703731255 0.06013574936225562 0.02577814598719802
1 0.5689505682090803 0.7299717901964046 0.03348847546162536 0.02802489591881378
1 0.1998512206173045 0.8766468900992959 0.03343029716351595 0.0180248959188134
1 0.5606754131738565 0.7203113475094413 0.05695755815721441 0.05230898972864983
1 0.014659515381887074 0.7393208853739265 0.029319030763774147 0.10135822925214712
1 0.685444922406366 0.18202047740577143 0.020077571064146014 0.014148270884621563
1 0.5503360397682174 0.7790521496184188 0.06017453489432872 0.0324448126538645
0 0.48833333333333334 0.5 0.9766666666666667 1