1 0.6301828243706912 0.42623534071719166 0.048840201598894926 0.047209682495224004
1 0.5457262081037482 0.4388910719287306 0.027442929142462543 0.016976961425842395
1 0.7812468623070757 0.6979590199873017 0.0206210099806367 0.01356605440271513
1 0.6416898902628237 0.9597238214301128 0.023954343313970033 0.013604841247611906
1 0.5923152485228352 0.4366813894335066 0.1332603023983423 0.07151268695098091
1 0.5890595414370815 0.43838684294507024 0.05279454491286477 0.0605818026734543
1 0.4967399446348713 0.532844994780415 0.0206210099806367 0.01356605440271513
1 0.5866942385421986 0.42340623636751873 0.02806393912309905 0.03031029475917554
1 0.5023655499280968 0.6178256013579666 0.5430320189681924 0.14291134869507535
1 0.578479642236529 0.46185593023554283 0.0206210099806367 0.01356605440271513
1 0.3389865105020906 0.5113346431572383 0.03426484830428829 0.02038786844896947
1 0.7401189840608775 0.6384050687036165 0.0647306057897659 0.030736950053042163
1 0.590383782958523 0.5384256297899672 0.0206210099806367 0.01356605440271513
1 0.6570185294702829 0.6443747398260403 0.10232878742738744 0.05116360534690841
1 0.5994568633001567 0.59001472276684 0.12581737325587994 0.05476844659452051
1 0.5964248443319644 0.4533092692552763 0.02426484830428838 0.020271507914278574
1 0.5882467634937902 0.45673956970085205 0.0412420199612734 0.02713210880543007
1 0.30081302497650514 0.5868194787184502 0.03426484830428838 0.02038786844896947
1 0.49720570212034887 0.5428449947804151 0.5601736337455138 0.2963610425630996
1 0.3330230753762288 0.5981176703585959 0.2061278782461983 0.062365997538713976
1 0.6290595414370815 0.4379214008063068 0.037908686627940065 0.027093321960533105
0 0.5 0.5 1 1