1 0.4683333333333333 0.48833333333333334 0.08833333333333333 0.16333333333333333
1 0.24833333333333332 0.9433333333333334 0.021666666666666667 0.03666666666666667
1 0.7116666666666667 0.93 0.055 0.06
1 0.695 0.9216666666666666 0.021666666666666667 0.043333333333333335
1 0.435 0.22666666666666666 0.06666666666666667 0.14333333333333334
1 0.6116666666666667 0.5066666666666667 0.04666666666666667 0.13
1 0.6116666666666667 0.46 0.03833333333333333 0.035
1 0.72 0.94 0.025 0.035
1 0.625 0.5183333333333333 0.13833333333333334 0.15333333333333332
0 0.4066666666666667 0.535 0.8133333333333334 0.9233333333333333
1 0.72 0.6566666666666666 0.04 0.08666666666666667