1 0.4928192814605922 0.5086393340728829 0.1476780482263706 0.19083724071418734
1 0.5497879238124437 0.9233661988569818 0.12612636433600016 0.12358863348275047
1 0.3889096407302961 0.2501733405124529 0.027442508611851886 0.034109254086360466
1 0.7720364719379993 0.8919163575974441 0.10697979047570376 0.15967335958464673
1 0.6015807213792589 0.4155356510607744 0.12124413414325944 0.2000613199611602
1 0.4869990733562215 0.8302575056924852 0.02046550516711098 0.020581940564770397
1 0.818553544277555 0.6107524764679034 0.08674703789214827 0.14909141901987633
1 0.9731379793315555 0.05163039746744698 0.048295934751555476 0.07135786131779741
1 0.35146434508748114 0.42780990812040337 0.23225272867200014 0.24659532640073034
1 0.1243653912890364 0.7392112543328769 0.23132729239970412 0.49306801287914026
0 0.5 0.5 1 1
1 0.7378192814605922 0.5015105621544464 0.26605156717244466 0.2675652273420142
1 0.9000636490397032 0.6866610574480271 0.10054587639259277 0.1694793793963898
1 0.8625407692023697 0.8676309583893108 0.024186759473036924 0.037345597325565145
1 0.8845691063837035 0.20743697820105417 0.02736492441733314 0.030775920753027083
1 0.5821154496479993 0.8224932880098262 0.017364924417333328 0.030484950470641935