1 0.4470910663388462 0.6405465188202637 0.0857443423208891 0.12426421761086014
1 0.6507852060677594 0.4561488825800686 0.11652060479668477 0.1412799658815993
1 0.29357056035544693 0.5353708103543253 0.02868494910373575 0.04364362809250906
1 0.29271667163207155 0.5537041436876586 0.1396256546998681 0.20817935361764778
1 0.5369725763443963 0.07128346887330572 0.05326030239834229 0.07058180267345424
1 0.6451733867123 0.3260131286229292 0.08210050399723741 0.11755876409929651
1 0.944588892199159 0.3778566714194364 0.0212420199612734 0.02689938773604837
1 0.5472419705546305 0.10141922283044505 0.09652060479668478 0.14104724481221764
1 0.5640227789363722 0.1349658838107116 0.05643838323651664 0.06728725618501784
0 0.5 0.5 1 1
1 0.0826344500719033 0.6246326926373811 0.08985393813001816 0.14096967112242378