1 0.4723299678021496 0.555682272777403 0.1464983363066019 0.22496238081900516
1 0.8183740136186896 0.2946191375344433 0.10827982813388114 0.17120239219180539
1 0.8000991956371967 0.6361888370888675 0.0560490559689282 0.09395392285168441
1 0.8084225086657538 0.2928361103330858 0.06281271272972314 0.09736482987481168
1 0.7651683303600648 0.23231248792697698 0.020872910847155406 0.030232721069381702
1 0.604152139914785 0.8956640470188567 0.08672798662782687 0.11763633778909025
1 0.25620676695796524 0.8782774883937922 0.0243032342746172 0.03360484124761191
1 0.34685283209321555 0.2841307989815251 0.017345597325565336 0.023527267557818164
1 0.34504569043774436 0.46083625249308874 0.02067893065889867 0.023566054402715128
1 0.2827664232257273 0.5384714226182769 0.0208729108471555 0.030232721069381796
1 0.35337401361868964 0.289208372671319 0.04116388112954061 0.0404654421387634
1 0.4605484759748704 0.502193792064482 0.1032006731062368 0.1111636053469086
0 0.5187848192140754 0.5003878684489694 0.9624303615718491 0.999224263102061
1 0.35447878033013835 0.9934702549543749 0.1471516171373086 0.013059490091250155
1 0.4233277241146937 0.9219028907277547 0.15387960376513546 0.13507874135369624