1 0.5471104905521295 0.7822157417077886 0.2012932602208976 0.14229209212611293
1 0.2689728570280155 0.9427413724637869 0.14446532483936542 0.08074025062005906
1 0.4374494659035445 0.6872029167936926 0.18346172620483137 0.1218071416554712
1 0.055185482891480384 0.8296733595846467 0.06957883504016583 0.051939801882567735
1 0.9651628239658517 0.1399392791050913 0.061131991506031984 0.0783154982668492
1 0.7988366879015865 0.21523525953986458 0.08093784694779875 0.07556410549828627
1 0.21358145740957657 0.6038924286792314 0.07504775851406521 0.08870345864336286
1 0.4158305577509431 0.5997603293739989 0.2710991156626645 0.1409955507694758
1 0.5575927414457402 0.43025810475873677 0.17524190307229864 0.0949464948005478
1 0.5512024089457258 0.5686399331391343 0.6320009762651233 0.6240278935156478
1 0.1287380603714837 0.025449280337673737 0.1225238792570326 0.04682497672195524
1 0.43841552294175234 0.15466333927987044 0.06252387925703261 0.045079155027644285
1 0.45814540977904483 0.7045000190721938 0.12152028062249864 0.08672798662782687
1 0.9675927414457403 0.4421878863365283 0.021714425180731876 0.0871516171373086
1 0.5435634642369066 0.4131549826684923 0.4645279660241283 0.3196633392798704
1 0.6892774012850769 0.6344286788062574 0.22504775851406522 0.09306801287914027
1 0.6265265016264433 0.622585867017818 0.09721622449799895 0.06938238930226134
1 0.6679794753112206 0.254834474249255 0.048996401365466034 0.04135786131779744
1 0.9130976512649795 0.8045513187285777 0.016245501706832782 0.05038796037651347
1 0.15704162836342178 0.3134253132750736 0.09760451361446541 0.0760490559689282
1 0.5904273859637789 0.7550947845510602 0.11702207993976571 0.0666309965336984
1 0.743028789076272 0.34216223650833627 0.06585721259036594 0.04517614512177261
1 0.5219641045079613 0.6980094975272998 0.5598027449397943 0.3557123952487986
1 0.54133235706821 0.6234459529508776 0.5302896615863638 0.19179712135069488
1 0.7134797193775013 0.1042346986180006 0.12229685885543176 0.1000613199611602
1 0.6491294599899226 0.37782834225313894 0.11446532483936532 0.07986733977290347
1 0.2739728570280155 0.9428868576049794 0.08291216837349917 0.05232776225908158
0 0.5 0.5 1 1