1 0.49983474978884507 0.7942500638163974 0.030349101298564277 0.02122240632693244
1 0.3160359480574259 0.8134464695962556 0.050872753246410884 0.052037343878220475
1 0.3278565090969804 0.9006564279637811 0.13566067532376233 0.1387662503419214
1 0.2069837558505695 0.9457668026560516 0.023682434631897707 0.020950760476503093
1 0.8828105463251281 0.7348017887534808 0.1246133714280692 0.07835878156627739
1 0.4002373844181065 0.384903730209527 0.044497004328547786 0.06843236469445779
1 0.612768368832698 0.2484605744980532 0.1691685593063778 0.1501244795940684
1 0.9743937229465761 0.4566665181423964 0.026899400865709897 0.014419916735050909
1 0.3864929809570257 0.6945641728964902 0.030232734199042852 0.014555739660265582
1 0.5709862000061512 0.9196929433708061 0.1427928103885148 0.16061411325838776
1 0.4473910406988946 0.9322127199381769 0.05397335238070127 0.038839833470101816
1 0.7269255723008089 0.9702885123228786 0.040407284848325085 0.02496320843590979
1 0.12433553939681528 0.4253650055459807 0.057306685714034654 0.03897565639531649
1 0.7135340554177148 0.9730785539553533 0.06713213506475237 0.02938312517096089
1 0.4971536562807881 0.5656450846326347 0.15566067532376224 0.13958118789320964
1 0.27599842078405956 0.7184153496977383 0.05420608657974422 0.05217316680343515
1 0.24674258615304065 0.8656620996293539 0.07519520692567654 0.10965477102139023
1 0.15145166840423702 0.8784578129274019 0.04408971948022274 0.04509903136112447
1 0.041742586153040634 0.85730898972865 0.04730668571403465 0.03856818761967247
1 0.49835950476843255 0.9743179752790048 0.03385698528117984 0.031358229252146735
1 0.30954383204004143 0.8031748237458262 0.030407284848325087 0.024555739660265773
1 0.8550383922130076 0.7970485386850964 0.030465468398085706 0.027889072993599107
1 0.8760566043338204 0.7395301429030513 0.04713213506475237 0.02856818761967247
1 0.45891224849115947 0.9410214335097616 0.0236824346318978 0.020950760476503093
0 0.5 0.5 1 1
1 0.3353997142894803 0.5640576727597216 0.11513702337591582 0.10795131279063318
1 0.3435331904780735 0.28919349568493635 0.14232734199042898 0.13903789619235085
1 0.3439320398279126 0.17079225088899566 0.09145458874401811 0.08700055231413027
1 0.9558069991378052 0.5659874035163228 0.07133822164449688 0.07951894809617538
1 0.901729500435491 0.41534508045433954 0.023566067532376184 0.014284093809836236