1 0.47585191936169335 0.5123344934129633 0.19845504619212306 0.15116654994874087
1 0.0631799706611433 0.569341927862074 0.0909735615706489 0.12535052239081476
1 0.7435608988192953 0.4053242719328895 0.03438095641808578 0.03077584194518522
1 0.09782021302842571 0.7982959347515557 0.14372488207911976 0.10992520283644466
1 0.573026537339119 0.624506850859482 0.20419049233900977 0.12465505167111132
1 0.14585191936169345 0.5046536581556298 0.020698415389834964 0.02046550516711098
1 0.3709419117572485 0.8462857132714818 0.15302646668928485 0.09015795542000016
1 0.9508308194860934 0.9885744470097781 0.07484656667797557 0.02285110598044374
1 0.5589471372712647 0.3643904745677041 0.25481484621474126 0.23907456372770391
1 0.25114816541810764 0.1340745637277039 0.47113230518649035 0.2341175363714078
0 0.5 0.5 1 1
1 0.4846985142996029 0.7656678267462966 0.2759788718644662 0.27287340222814843
1 0.29396837844653334 0.9310903592697041 0.17349207694917482 0.10395679392044485
1 0.10607948484765549 0.8917456443766667 0.04081481795480746 0.024264343667555675
1 0.7896456233109338 0.9143170709196302 0.03093122051977995 0.02736492441733314
1 0.15101066297753488 0.604692450252889 0.03058201282486247 0.017364924417333328