1 0.2173983898673101 0.6446655448229387 0.042795081561762156 0.054497214462873936
1 0.3472024363015889 0.7326950829597909 0.050335211216479554 0.07135786131779734
1 0.31046259731485787 0.6686649839010748 0.03876297783798824 0.04106689103541233
1 0.2602336909389337 0.12429541951290929 0.06770064827358681 0.0851761451217727
1 0.7744121393028364 0.2528862585387279 0.0752407779283042 0.1020367919766961
1 0.3922095232909592 0.6996705549753269 0.03612841489509549 0.0543032342746172
1 0.4780287725006959 0.1713728917749617 0.062256829790190975 0.1083154982668492
1 0.1268294877118968 0.44532664041535336 0.0731302927782417 0.12527313521590108
1 0.4196693936362419 0.6821794725085688 0.028238900045157892 0.03077592075302694
1 0.6020467022457291 0.24454791505300646 0.05366854454981289 0.0714548514119258
1 0.7863621058340292 0.16240130806808598 0.06155805939975039 0.09498216493351587
1 0.8004154705259142 0.08020119588371317 0.14470252615673304 0.15730992719259718
1 0.3122662192059222 0.4482770235245613 0.03946174822842882 0.05440022436874566
1 0.10035877461095136 0.35429040936052125 0.11541547052591426 0.10653400643957013
1 0.1325659954755499 0.6821872872702768 0.02525495190704485 0.03734559732556533
1 0.4308970263825225 0.30333333333333334 0.861794052765045 0.6066666666666667
0 0.5 0.4866666666666667 1 0.9733333333333334