1 0.5616666666666666 0.5883333333333334 0.045 0.043333333333333335
1 0.5533333333333333 0.5066666666666667 0.016666666666666666 0.025
1 0.295 0.7133333333333334 0.013333333333333334 0.016666666666666666
1 0.051666666666666666 0.5583333333333333 0.011666666666666667 0.023333333333333334
1 0.5533333333333333 0.5533333333333333 0.06333333333333334 0.12
1 0.5516666666666666 0.5483333333333333 0.058333333333333334 0.043333333333333335
1 0.465 0.4533333333333333 0.013333333333333334 0.016666666666666666
1 0.5666666666666667 0.5466666666666666 0.028333333333333332 0.025
1 0.385 0.4533333333333333 0.11166666666666666 0.51
1 0.53 0.5366666666666666 0.015 0.02
1 0.49166666666666664 0.30666666666666664 0.02 0.03333333333333333
1 0.35333333333333333 0.6766666666666666 0.02666666666666667 0.06
1 0.455 0.5433333333333333 0.013333333333333334 0.02
1 0.3516666666666667 0.5983333333333334 0.045 0.09666666666666666
1 0.4066666666666667 0.5466666666666666 0.04833333333333333 0.115
1 0.5366666666666666 0.5566666666666666 0.02 0.023333333333333334
1 0.535 0.5466666666666666 0.023333333333333334 0.04
1 0.42333333333333334 0.2633333333333333 0.018333333333333333 0.03
1 0.45666666666666667 0.4533333333333333 0.25833333333333336 0.5133333333333333
1 0.4083333333333333 0.29333333333333333 0.05 0.19
1 0.5516666666666666 0.5866666666666667 0.023333333333333334 0.035
0 0.49666666666666665 0.49666666666666665 0.9933333333333333 0.9933333333333333