1 0.3433333333333333 0.5316666666666666 0.13833333333333334 0.22333333333333333
1 0.4 0.04833333333333333 0.14 0.09666666666666666
1 0.195 0.5566666666666666 0.09833333333333333 0.095
1 0.44166666666666665 0.7066666666666667 0.023333333333333334 0.035
1 0.22166666666666668 0.535 0.15166666666666667 0.14
1 0.35833333333333334 0.4583333333333333 0.07833333333333334 0.08333333333333333
1 0.395 0.5666666666666667 0.035 0.04666666666666667
1 0.43833333333333335 0.06333333333333334 0.06166666666666667 0.056666666666666664
1 0.021666666666666667 0.8466666666666667 0.035 0.06666666666666667
1 0.37833333333333335 0.03333333333333333 0.09333333333333334 0.065
1 0.25833333333333336 0.49666666666666665 0.08 0.095
1 0.4816666666666667 0.32166666666666666 0.6733333333333333 0.6433333333333333
1 0.30833333333333335 0.48333333333333334 0.17833333333333334 0.13333333333333333
0 0.49833333333333335 0.49833333333333335 0.9966666666666667 0.9966666666666667