1 0.40166666666666667 0.7359734909208147 0.09666666666666666 0.22337567438420233
1 0.5166666666666667 0.19362426909593036 0.03333333333333333 0.04116402564972494
1 0.5366666666666666 0.24625918703942873 0.03 0.041047623084752446
1 0.31666666666666665 0.61560842299428 0.09333333333333334 0.14659260515256317
1 0.08833333333333333 0.7885819986948956 0.07 0.14244445386442217
1 0.585 0.2895713498473276 0.03 0.03438095641808578
1 0.28 0.1118888512089773 0.05 0.06507937180792074
1 0.26166666666666666 0.38419573198299267 0.06 0.11876191283617156
1 0.16333333333333333 0.5176296076496812 0.06333333333333334 0.08221164873447738
1 0.5366666666666666 0.414592520372762 0.023333333333333334 0.04081481795480746
1 0.935 0.31568241385854917 0.06333333333333334 0.06221164873447738
1 0.3283333333333333 0.27186768068354283 0.12666666666666668 0.22442329746895467
1 0.41333333333333333 0.07165077111013225 0.15666666666666668 0.1433015422202645
1 0.25166666666666665 0.4812116063445768 0.043333333333333335 0.07151323334464242
1 0.8166666666666667 0.34814803824840607 0.023333333333333334 0.03414815128814079
1 0.4083333333333333 0.8024073524575364 0.05333333333333334 0.0818624410395599
1 0.9166666666666666 0.20465596129923122 0.03666666666666667 0.06794709488136409
1 0.27166666666666667 0.7971798576214085 0.013333333333333334 0.02379894359322331
1 0.5483333333333333 0.4875184447286917 0.023333333333333334 0.040814817954807264
1 0.355 0.8526031268304296 0.016666666666666666 0.027248679491529135
1 0.51 0.4971904075592086 0.056666666666666664 0.08197884360453239
1 0.8233333333333334 0.40791523311846106 0.03 0.047714289751419114
1 0.53 0.004370335830451416 0.03333333333333333 0.008740671660902833
1 0.8416666666666667 0.4422750190111123 0.31666666666666665 0.5610582436723868
1 0.5583333333333333 0.2971692370337742 0.013333333333333334 0.020465610259889976
1 0.4066666666666667 0.760798887073356 0.06 0.16542857950283824
1 0.49666666666666665 0.3326560178190986 0.02 0.024031748723168298
1 0.3016666666666667 0.455 0.6033333333333334 0.91
1 0.8566666666666667 0.2734178741354028 0.06666666666666667 0.1356613846327832
1 0.6966666666666667 0.3390051972540824 0.02 0.02736508205650163
1 0.535 0.2946507216552483 0.013333333333333334 0.02713227692655664
1 0.8666666666666667 0.269735333107152 0.14333333333333334 0.19833864362715048
1 0.45166666666666666 0.16922745244622728 0.03333333333333333 0.0578306923163916
1 0.8883333333333333 0.3156453831014974 0.22 0.29101590262151794
0 0.5 0.5 1 1