1 0.3433333333333333 0.10666666666666667 0.075 0.085
1 0.8483333333333334 0.37666666666666665 0.03166666666666667 0.045
1 0.2633333333333333 0.16166666666666665 0.043333333333333335 0.09666666666666666
1 0.325 0.03166666666666667 0.043333333333333335 0.06333333333333334
1 0.8433333333333334 0.31666666666666665 0.045 0.04
1 0.125 0.49333333333333335 0.04 0.08666666666666667
1 0.4583333333333333 0.42333333333333334 0.34 0.36
1 0.3233333333333333 0.3233333333333333 0.06166666666666667 0.14
1 0.655 0.08833333333333333 0.23166666666666666 0.17666666666666667
1 0.27666666666666667 0.2966666666666667 0.02 0.043333333333333335
1 0.8433333333333334 0.34833333333333333 0.05333333333333334 0.10666666666666667
1 0.5483333333333333 0.36833333333333335 0.16333333333333333 0.23333333333333334
1 0.37333333333333335 0.31833333333333336 0.055 0.08666666666666667
1 0.9766666666666667 0.72 0.043333333333333335 0.085
1 0.32166666666666666 0.10833333333333334 0.03666666666666667 0.06666666666666667
1 0.45 0.34833333333333333 0.041666666666666664 0.07666666666666666
1 0.52 0.69 0.49333333333333335 0.14
1 0.65 0.6533333333333333 0.06833333333333333 0.06333333333333334
1 0.7816666666666666 0.7416666666666667 0.11666666666666667 0.08666666666666667
1 0.38166666666666665 0.36 0.17666666666666667 0.215
1 0.06666666666666667 0.63 0.06833333333333333 0.085
1 0.93 0.18 0.02 0.04
1 0.5966666666666667 0.44166666666666665 0.05333333333333334 0.056666666666666664
1 0.545 0.45166666666666666 0.06 0.08333333333333333
1 0.51 0.5833333333333334 0.03166666666666667 0.045
1 0.5866666666666667 0.09666666666666666 0.09 0.155
1 0.5083333333333333 0.38166666666666665 0.5316666666666666 0.7633333333333333
1 0.5083333333333333 0.31666666666666665 0.07833333333333334 0.12333333333333334
1 0.6433333333333333 0.105 0.03166666666666667 0.05
1 0.9783333333333334 0.37166666666666665 0.03833333333333333 0.06333333333333334
1 0.36 0.10833333333333334 0.03666666666666667 0.08333333333333333
1 0.44333333333333336 0.37166666666666665 0.055 0.12666666666666668
1 0.35833333333333334 0.13 0.03 0.04
0 0.49666666666666665 0.49666666666666665 0.9933333333333333 0.9933333333333333