1 0.9595012767975557 0.6921786899447381 0.08099744640488855 0.25046970857267825
1 0.4638071995933337 0.46847191782919945 0.12178722350488896 0.22475380238251452
1 0.24620812907696324 0.34804467248618454 0.18706016170118545 0.31066777129492723
1 0.6092727047604448 0.49438021507603896 0.1778360036463706 0.34359363585261654
1 0.6446536581556298 0.15447924643716343 0.18814355339348177 0.2141369275534753
1 0.1901607424509632 0.3008035942201419 0.06899419250222233 0.10271645850429403
1 0.3607426239098521 0.33273056340609175 0.027908013778963056 0.05441991673505091
1 0.42295377345363 0.4301753760599564 0.5509393714271116 0.49200331388478163
1 0.32225412218748173 0.324501933099456 0.028373518946074133 0.07441991673505091
1 0.4435744470097781 0.45765698027791124 0.06659186950311134 0.14258063557907935
1 0.6502826928046672 0.6109421787160081 0.09914936089125945 0.11060553149789296
1 0.3731061548117039 0.2916071884402838 0.02077584194518522 0.034148270884621565
1 0.3842713112449633 0.4136134124199873 0.051706852279407564 0.07537067721155381
1 0.21171242634133364 0.36828519843809676 0.02883902411318521 0.09441991673505092
1 0.9199245060787037 0.35068463776737635 0.16015098784259257 0.21665532333552032
1 0.19942508611851878 0.34114315153317865 0.09628431975600023 0.27366721898079693
0 0.5533333333333333 0.4725466055856405 0.8933333333333333 0.93640054395754