1 0.5366666666666666 0.36333333333333334 0.056666666666666664 0.10666666666666667
1 0.32166666666666666 0.5033333333333333 0.08 0.12
1 0.6666666666666666 0.4866666666666667 0.018333333333333333 0.04
1 0.67 0.4716666666666667 0.09 0.18333333333333332
1 0.375 0.8833333333333333 0.04 0.06
1 0.30833333333333335 0.625 0.05333333333333334 0.1
1 0.03833333333333333 0.5266666666666666 0.015 0.023333333333333334
1 0.36833333333333335 0.8516666666666667 0.06333333333333334 0.12333333333333334
1 0.35833333333333334 0.8166666666666667 0.041666666666666664 0.055
0 0.505 0.5 0.9433333333333334 1
1 0.875 0.44 0.06 0.12333333333333334