0 0.36834176883181935 0.595 0.7366835376636387 0.81
1 0.325050612990916 0.5856028757634958 0.18384011428420782 0.2283836347385947
1 0.6269500138566256 0.5863198932420667 0.11244370908995052 0.1451233323402524
1 0.46640949091180706 0.4187125209792677 0.10209460779138604 0.12465757485477487
1 0.6603584017366916 0.7746943373554841 0.04426427012950493 0.055351615770402415
1 0.47428957662496296 0.25394539972200647 0.02064001904736794 0.037598181637621624
1 0.5597719160200207 0.4213929241770576 0.0677721541121205 0.06643838323651655
1 0.15739861125773935 0.347607372262799 0.04707395151499175 0.025506868265561592
1 0.6050919255437047 0.405155499528373 0.013798801731419038 0.027287676647303367
1 0.7090117445937089 0.7586121652019587 0.02058183549760732 0.03426484830428838
1 0.28867486407305293 0.5672284316500783 0.10980857835374583 0.18496807984509323
1 0.6764891956776033 0.9883357545062347 0.027364869263795413 0.023328490987530585