1 0.16833333333333333 0.7166666666666667 0.06 0.08666666666666667
1 0.045 0.31666666666666665 0.03333333333333333 0.035
1 0.6683333333333333 0.22666666666666666 0.07 0.105
1 0.575 0.38333333333333336 0.07 0.13
1 0.10166666666666667 0.27 0.021666666666666667 0.04
1 0.2966666666666667 0.6333333333333333 0.016666666666666666 0.023333333333333334
1 0.94 0.265 0.023333333333333334 0.04
1 0.695 0.19666666666666666 0.12833333333333333 0.17
1 0.8 0.33166666666666667 0.028333333333333332 0.04666666666666667
1 0.73 0.16666666666666666 0.058333333333333334 0.10333333333333333
1 0.8683333333333333 0.3333333333333333 0.056666666666666664 0.08
1 0.6266666666666667 0.023333333333333334 0.028333333333333332 0.04666666666666667
1 0.03833333333333333 0.71 0.035 0.045
1 0.57 0.043333333333333335 0.041666666666666664 0.085
1 0.65 0.28833333333333333 0.22333333333333333 0.3566666666666667
1 0.635 0.30833333333333335 0.035 0.056666666666666664
1 0.47333333333333333 0.29333333333333333 0.02 0.055
1 0.7383333333333333 0.6033333333333334 0.021666666666666667 0.03
1 0.885 0.2683333333333333 0.013333333333333334 0.03333333333333333
1 0.73 0.5933333333333334 0.043333333333333335 0.04666666666666667
1 0.765 0.05 0.09166666666666666 0.1
1 0.22666666666666666 0.6733333333333333 0.013333333333333334 0.02
1 0.7833333333333333 0.5883333333333334 0.025 0.05333333333333334
1 0.006666666666666667 0.35333333333333333 0.013333333333333334 0.023333333333333334
1 0.006666666666666667 0.3433333333333333 0.013333333333333334 0.045
0 0.49833333333333335 0.465 0.9966666666666667 0.93