1 0.584855957786232 0.28162644715680524 0.1357506817423939 0.17997165204251853
1 0.8618459641169983 0.8097283919775655 0.06752595567597647 0.0833191593545926
1 0.423897450925737 0.6355263802191911 0.1082105520876765 0.1619074445949707
1 0.5336708469761736 0.4783946341010177 0.07454200753786362 0.09033521121647956
1 0.8528540799030858 0.22586389386203143 0.034367314940253475 0.08490556671182456
1 0.49728269561102356 0.7989328858725887 0.19802168551132562 0.2264494521328345
1 0.4767492284024621 0.43884553957378375 0.0429697741593723 0.058762977837988235
1 0.5895159620067428 0.624261010099698 0.035779029699875384 0.04841359264276813
1 0.7699810414582496 0.5157104622325324 0.10784699291371548 0.2183994186640274
1 0.9382105520876766 0.205405901399895 0.029287055630818487 0.05139754078088108
1 0.44408153293907826 0.9813621058340293 0.04928705563081868 0.037275788331941534
1 0.5048676496283239 0.9946883521779923 0.04174692597610147 0.010623295644015419
1 0.6163879716548618 0.8832931138234718 0.03560433710226505 0.0450802593094348
1 0.5638761899576259 0.7376014304224017 0.04963644082603897 0.05911236303320872
1 0.5228918172762983 0.43129123594032576 0.049811133423649116 0.06244569636654205
1 0.731574535804852 0.4488761899576259 0.06314446675698245 0.06314446675698245
1 0.427377128899199 0.7653516876215809 0.02946174822842882 0.054730874114214505
1 0.6065674488154816 0.4739045379151073 0.03612841489509549 0.0550802593094348
1 0.7387865412324601 0.3644876140492614 0.06963644082603916 0.06016051861886941
1 0.40583094105182854 0.22736773948346795 0.045953722297485344 0.05227100376893181
1 0.5851699080346006 0.44618971566277993 0.029287055630818674 0.05139754078088117
1 0.5976226913905128 0.46180113975441534 0.06068459641169966 0.07963644082603896
1 0.3968153137331561 0.531057545001392 0.03595372229748534 0.05174692597610146
1 0.7603281242271092 0.1412345400253628 0.018064207447547838 0.027540129654717353
1 0.6662912359403257 0.5352076454078131 0.018064207447547838 0.0275401296547174
1 0.5431632455884446 0.7863785822391308 0.04998582602125926 0.06577902969987538
1 0.40490308457517565 0.8439541468406999 0.021921618573711516 0.03771482225232754
1 0.8777265140944193 0.7956018549656162 0.032271003768931904 0.044905566711824656
1 0.7943673149402535 0.12473547896693589 0.018064207447547838 0.027540129654717353
1 0.9597260895512049 0.9628847302869281 0.08054782089759026 0.07423053942614388
1 0.40095602472384606 0.45149427649541723 0.017714822252327546 0.020873462988050734
1 0.29910988089655965 0.8550306503838421 0.02455618151660436 0.02455618151660436
1 0.46325059188724976 0.7838526265631541 0.05436731494025347 0.08595372229748553
1 0.3527832100093822 0.5154532078991267 0.024905566711824558 0.031222848183271024
1 0.2922614346429125 0.88292725222315 0.02525495190704485 0.037889514849937314
1 0.4058332434781893 0.6079862505644738 0.1574976077184952 0.21435314096151273
1 0.4742562255366884 0.9813621058340293 0.10963644082603898 0.037275788331941534
1 0.628458417005351 0.2573181305578754 0.032271003768931904 0.04490556671182456
1 0.5454744688672379 0.2596174822842886 0.02209631117132176 0.04104815558566088
1 0.5394640506547895 0.4620773526295713 0.18716239650201563 0.14610006693761401
1 0.41350324136793387 0.43719304688585775 0.0429697741593723 0.05876297783798842
1 0.5097283919775655 0.8461236303320858 0.08260621498541126 0.1173512630783667
1 0.7577312986574289 0.37711509000278376 0.021921618573711613 0.03771482225232754
1 0.40066563786994946 0.5728115579668637 0.028413592642768038 0.03473087411421451
1 0.42596311171321644 0.42122515060963167 0.017714822252327546 0.020873462988050734
1 0.35629123594032563 0.5189612338300702 0.017714822252327546 0.020873462988050734
1 0.38286346931881693 0.5502714283121464 0.07489139273308382 0.09700187788314622
1 0.4299597804901385 0.5926297783798831 0.04998582602125926 0.06577902969987538
1 0.5680310749270566 0.5733049853758518 0.6154200753786356 0.8533900292482963
1 0.7498134358500098 0.4797496529456765 0.1716902300611385 0.2948772187543432
1 0.37917366380089296 0.5750093894157311 0.06928705563081868 0.05349385195220274
1 0.9997827854661678 0.5552170348235441 0.00043442906766434435 0.26104815558566086
1 0.7654319469310157 0.4606231159337273 0.06857411126163736 0.1033191593545926
1 0.6307861166892457 0.048016900948315955 0.01701605186188696 0.007540129654717352
1 0.4573275199736065 0.9854378827072056 0.018413592642768133 0.029124234585588812
1 0.6406279004967369 0.3626675157530957 0.03192161857371161 0.03823890004515799
0 0.5666666666666667 0.5034938519522028 0.8666666666666667 0.9930122960955945