1 0.15377119452703752 0.5957402506200589 0.10201718905748157 0.08957636949051827
1 0.2667180004032598 0.6539894187733599 0.13961486605837042 0.1306432605259306
1 0.08779999858007446 0.48056410549828626 0.15604878014148157 0.12112821099657253
1 0.4429607410310377 0.784032903668036 0.10891660830770376 0.0997703496787752
1 0.2151579554200001 0.15615887097715253 0.12209477325200008 0.09349164338862191
1 0.5984940757842966 0.3105490750411219 0.14891660830770376 0.10093423080831561
1 0.42714192644214855 0.5337419333856508 0.1324051100300742 0.10711594700434034
1 0.7174910553174819 0.5571800715748204 0.08519535400177783 0.08242475235320967
1 0.2913591169195557 0.13838964314210542 0.2864367011140742 0.14157749133424616
1 0.8329883850044446 0.224102038390904 0.06837351894607423 0.07527313521590107
1 0.7115142853085927 0.15727706166894878 0.17162926808488882 0.0749464948005477
1 0.7218343766950377 0.6722285666218846 0.067597677000889 0.04193980188256773
1 0.17656143849874123 0.5730858479456242 0.3337268283678521 0.3128383625579151
1 0.253800232015926 0.09898941877335983 0.06124134711229639 0.05507915502764429
1 0.3753173043554818 0.3823355770207892 0.08441951205659261 0.049091419019876334
1 0.47457746747659274 0.21034226993876914 0.6701607424509632 0.3126343620648822
1 0.7952397201609632 0.3912229955476325 0.06124134711229639 0.055079155027644336
1 0.644034378114963 0.1919554314059835 0.31356887294785185 0.16235341208727325
1 0.5664380946295557 0.2213428308606331 0.1686838557241483 0.091516171373086
1 0.35298699148896306 0.13851729321681389 0.15907177669674089 0.10789186775736748
1 0.416400696047778 0.28692978157779153 0.11837351894607413 0.07672798662782687
1 0.8852009280637041 0.39217506142243236 0.06845110314059259 0.0786064685492344
1 0.6903948885500003 0.39483447424925505 0.14891660830770376 0.10093423080831561
1 0.21977978905577833 0.6409648907888957 0.24062346058711123 0.17688629668311553
0 0.5003491288753333 0.4562151807859246 0.9993017422493333 0.8524303615718491