0 0.515 0.49947618845762376 0.97 0.9989523769152475
1 0.7158836398249281 0.2870475241749845 0.06670900771753546 0.09887831540114406
1 0.6096932040057856 0.5911216139490217 0.09108996413562144 0.1296931333559515
1 0.560359898932386 0.8031004575535542 0.07670900771753565 0.09922752309606153
1 0.5154339604464896 0.711222156282377 0.06279366155933985 0.08209524616950489
1 0.3939947886159507 0.5786295793897476 0.07717461797742563 0.11256085642939487
1 0.7490476796046198 0.42439143570605165 0.07039154874578647 0.10899471796611654
1 0.7071746886272599 0.6110792728981528 0.05887831540114405 0.06531217693786573
1 0.430687936101869 0.7692486229716617 0.01736508205650163 0.02058201282486247
1 0.3110000423899006 0.30452376915247564 0.06670900771753566 0.09887831540114406
1 0.32607941419782127 0.3540581588925857 0.11353441800004371 0.20039154874578646
1 0.5645132898645098 0.44418511139535827 0.07004234105086898 0.09899471796611654
1 0.43902126943520237 0.7689576165592306 0.07647620258759066 0.09256085642939486
1 0.5611217552486902 0.4426348472936642 0.014031748723168296 0.020465610259889976
1 0.2435450385876781 0.47541795891520383 0.02449735898305827 0.03414815128814079
1 0.32513240409625827 0.9481481088982402 0.061978843604532395 0.058761912836171555
1 0.8946296924294823 0.4359945907964149 0.07764022823731542 0.1258941897627282
1 0.29047630149735854 0.8158623986496594 0.1038412846440923 0.11349207694917482
1 0.3374762449774911 0.3937089511976682 0.07717461797742563 0.11256085642939487
1 0.44047623084752424 0.28498406911854846 0.09015874361584149 0.10302646668928483
1 0.43134393979100083 0.16682533963267387 0.06624339745764568 0.08554498206781072
1 0.6970741462939046 0.5129787446947645 0.0800423410508688 0.09934392566103402
1 0.6304762308475242 0.27834912291511643 0.03670900771753546 0.0978306923163916