1 0.3356437395103661 0.254834696818121 0.19543383733057074 0.12662414473044445
1 0.5953470204578137 0.05960330830554791 0.1426392924177058 0.06400375576629244
1 0.463739598788372 0.338401721090388 0.17116898902628236 0.10540129654717352
1 0.8319314655643122 0.14551450866681112 0.06201828243706928 0.04647780009031578
1 0.015047756715753294 0.9619216185737116 0.030095513431506588 0.06717657048075655
1 0.16517773499167485 0.8657435947530234 0.07310504990318321 0.07033521121647937
1 0.7049770234370567 0.39615428071592806 0.07039272655048649 0.08349385195220274
1 0.49819161974272635 0.42374401929623795 0.26814616068326735 0.11713404854453416
1 0.37895409628075616 0.6163124969084367 0.16992696906500906 0.07873462988050695
1 0.3655523273250206 0.4735976746561093 0.5729043383485651 0.5919829193413958
1 0.8870315743084075 0.9812180636202614 0.12054797904564567 0.03756387275947721
1 0.5452553612392544 0.8839918842139124 0.06155252495159175 0.036477800090315975
1 0.4394382350165883 0.32209152660831203 0.11659363573167562 0.07593954831874461
1 0.39817783380496036 0.6340273191607643 0.4421096946224147 0.28253534509170775
1 0.21415965018117675 0.42389514849937626 0.22263929241770578 0.06819637810893577
1 0.28074869060026386 0.42905566711824566 0.08915070658921327 0.05787534087119695
1 0.2931275323996989 0.8089612338300702 0.048219191618258224 0.035779029699875384
1 0.8100362684342817 0.6873558679310879 0.0961278782461981 0.06489139273308372
1 0.29575788122544117 0.2861590652789377 0.11566212076072077 0.055939548318744696
1 0.2049540468741134 0.7291571873957915 0.06155252495159161 0.03647780009031578
1 0.3735843462932129 0.33701835428824767 0.5398631287551955 0.3109347637557351
1 0.3665249530760597 0.4168436616906375 0.531789999006919 0.13760143042240164
1 0.2705977863844795 0.9626026714907262 0.11721464571231242 0.07479465701854754
1 0.2940271272157471 0.6820325282669883 0.1096164640746908 0.06892349645685765
1 0.5921689396196396 0.05609528237460444 0.08186302994190991 0.0441926223426433
0 0.5 0.5 1 1