1 0.8503367957423853 0.416400747146222 0.04095076047650309 0.02449721446287403
1 0.8850085817604948 0.5868550376362839 0.1403338856474636 0.09397659385926393
1 0.2368392811559716 0.029731874936487043 0.024284093809836236 0.02401226399223204
1 0.18005380656080966 0.27942306958761776 0.02761742714316957 0.024109254086360464
1 0.3880702692433988 0.6079732283280801 0.17822295864106252 0.12504348489467607
1 0.4362394213236517 0.20205182243386044 0.030679114626073367 0.017539577513822166
1 0.28136957258329326 0.12165885190495876 0.030950760476502904 0.024206244180488834
1 0.4056536663931295 0.09473688508887514 0.031494052177361787 0.03753957751382214
1 0.5385654260490211 0.387184482660957 0.8200282098035954 0.5965139658300177
1 0.3388879683653384 0.13996152525771202 0.051901520953005806 0.04812151807859247
0 0.5 0.385 1 0.77
1 0.9565280821708007 0.4249637308007803 0.055161271158158345 0.12812151807859246
1 0.9273854829517522 0.5273578231734098 0.10448215653208535 0.1129097028238516
1 0.7514771857049125 0.6773043179739576 0.1399264168718196 0.08397659385926394
1 0.14091120734176124 0.3821081322426325 0.2620260005470742 0.2207045804870906
1 0.1485399778160771 0.521720171866119 0.09550650013676858 0.0560490559689282