1 0.34855054786716566 0.17415339093212373 0.03525495190704485 0.037830692316391606
1 0.7013433270025671 0.48956603955351036 0.14486304477560244 0.22465610259889976
1 0.6209230719136433 0.18294171393771266 0.07506608533069406 0.09911112053108899
1 0.5329981221168538 0.051259187039428715 0.03946174822842882 0.054613761548030756
1 0.10879611035847939 0.4952856961186141 0.12821055208767645 0.16085715900567646
1 0.551983099051684 0.6095713498473276 0.1664494521328345 0.1921375872203737
1 0.1143201881513098 0.48511109227115534 0.02525495190704485 0.037481484621474125
1 0.19742921996144047 0.2642751037909134 0.03525495190704485 0.037830692316391606
1 0.3538125867635808 0.168978787084665 0.017889514849937692 0.023915346158195804
1 0.02954679210087321 0.32503703075705176 0.0464778000903158 0.06151323334464242
1 0.02822951062942682 0.31842856537287134 0.028937670435598452 0.044264553853113286
1 0.5609678962762261 0.004079329418020185 0.0647308741142145 0.00815865883604037
1 0.34214592009691414 0.1693861960620687 0.017889514849937692 0.023915346158195804
0 0.5 0.5 1 1
1 0.19432497271431945 0.8948941473728276 0.11681301130679533 0.13384128464409212
1 0.1337725469640076 0.7805555320056108 0.09260621498541131 0.11635980002261817
1 0.533272032565649 0.49044436908462125 0.1262889335139649 0.12419049233900978
1 0.22993391466930604 0.08846028583610595 0.10944757424968808 0.12027514618081393
1 0.10660058133597268 0.09276718074008818 0.046303107492705685 0.058179900011309085
1 0.0006397720491169291 0.259767194870055 0.0012795440982338582 0.060465610259889974