1 0.8847954926361962 0.682078071328304 0.08116367099521464 0.06899442892574788
1 0.4288308138460806 0.9886677885103946 0.09058183549760732 0.02266442297921079
1 0.5083371186127557 0.301312170880053 0.07075638614688937 0.04537012531002944
1 0.9875722969673802 0.7202302493874765 0.02485540606523955 0.03106689103541233
1 0.5190597627657011 0.7247424943075148 0.0909891203459324 0.05928539920813307
1 0.5978003809473595 0.7503550948528651 0.3258934095228051 0.15607470579712016
1 0.5705265722876277 0.9925409798184821 0.07052365194784652 0.014918040363035819
1 0.30492029523420366 0.5769169566636955 0.08794670476140264 0.07585507578067147
1 0.3879871523745501 0.9458143954953152 0.11087275324641079 0.05320067310623699
1 0.6902065627639438 0.9808079830382671 0.09081456969665017 0.03838403392346587
1 0.87782947272224 0.7601689294263163 0.04081456969665017 0.04783054779620746
1 0.7418112606014272 0.6979074972807833 0.05064001904736794 0.038121518078592466
1 0.5941095108169759 0.8252096097116726 0.06385698528117985 0.03184281178843927
1 0.7475178986970419 0.64310147746904 0.05069820259712856 0.0414548514119258
1 0.1610295679590798 0.922552402427918 0.07829580605996701 0.09556410549828645
1 0.9167201999973638 0.41147829569704947 0.0946133714280692 0.07604905596892811
1 0.3288148077887499 0.5143110490363251 0.043856985281179844 0.031260871223669065
1 0.5363204857078835 0.9501304546840285 0.05748123636331684 0.048315498266849013
1 0.44085588224943884 0.2527057023308186 0.04374061818165842 0.0245942045570024
1 0.4420271238034981 0.8924147320484336 0.05052365194784651 0.031454851411925805
1 0.35885612034153863 0.7084203031226854 0.054380637229026356 0.061551841506054264
1 0.937613609520169 0.5586784078814223 0.05058183549760732 0.03478818474525913
1 0.266524128132046 0.9539409237262957 0.037248502164273986 0.034400224368745666
1 0.6447288735879495 0.7667129561706626 0.22835398960972764 0.10326199306739682
1 0.2828923064910643 0.36471684447932273 0.050872753246410884 0.0514548514119258
1 0.36009949610254943 0.20704460673840402 0.06432245367926565 0.05850947845510603
1 0.882759068394571 0.5654114046616373 0.05724850216427361 0.03498216493351606
1 0.27454588744018127 0.8408985606753475 0.05064001904736794 0.038121518078592466
1 0.38993251601211204 0.7709598806365078 0.07081456969665018 0.04870345864336287
1 0.734188350643131 0.9223049170402091 0.20618432727160893 0.15539016591958177
1 0.9892473991325329 0.5303272394816048 0.021505201734934188 0.030872910847155405
1 0.8245834147135477 0.7636170879202621 0.07087275324641099 0.052036791976696195
1 0.6804646034584446 0.7144465138727414 0.5205649645006353 0.2383667979232333
0 0.5 0.5 1 1