1 0.48018200885239914 0.5276031030180506 0.2375975194364196 0.16688629668311553
1 0.5397478940415252 0.02846208617957597 0.06699634368928742 0.05692417235915194
1 0.16433953474228452 0.39515049529358065 0.05358543929180807 0.044885174839387594
1 0.6107443990674581 0.4271538226803769 0.03350786822766205 0.03096990094128387
1 0.8738655231868637 0.16954010029129857 0.046783023262885685 0.021357861317797433
1 0.7439430942510097 0.1599893806289723 0.043507868227662054 0.031260871223669016
1 0.29005706708563567 0.26818003343043284 0.09389572354839232 0.09938238930226154
1 0.4869553357322667 0.5090757894964605 0.03346908269558905 0.0243032342746172
1 0.18173231892284675 0.5562837164425412 0.023449689929552448 0.02067893065889886
1 0.9859782234723703 0.08962426547133097 0.026841201560995388 0.030775920753027083
1 0.6191165179328646 0.4202446807783893 0.05027149872451124 0.04812151807859247
1 0.3745323511901758 0.6423249576497615 0.20738419901001787 0.12934671916929327
0 0.5 0.435 1 0.87
1 0.324125103103409 0.7137798090616874 0.17052360468298597 0.0949464948005478