1 0.3615189984964451 0.5855872524688454 0.12761691220245608 0.1677566308022881
1 0.25577237700403915 0.7175872665988122 0.03701573645532392 0.06128042821469743
1 0.7095916407007593 0.3318147190450395 0.033585439291808065 0.044497358983058274
1 0.16555047140709303 0.4724550038022225 0.030329677022620793 0.05771428975141911
1 0.3331576872265308 0.3049682088869312 0.11420600780497665 0.1539576872090648
1 0.06250914077678132 0.1394550179321893 0.023566046525771565 0.04081481795480746
1 0.2643287271467924 0.6789629268530477 0.026899379859104896 0.04093122051977995
1 0.13090812636629476 0.6986190294519474 0.02013574936225562 0.024031748723168298
1 0.19501828155356266 0.2764655819999563 0.04687998709306839 0.03829630257628158
1 0.22665474785870068 0.566968223016898 0.03695755815721441 0.05128042821469743
1 0.8269262465832119 0.49934909465518273 0.016821808794958884 0.027248679491529135
1 0.005561279002585151 0.39143386153672166 0.011122558005170303 0.02379894359322331
1 0.3262959816870251 0.62514281273439 0.2114544574527389 0.2573333615932669
1 0.3242522672951202 0.4035925486326957 0.016899379859104897 0.04058201282486247
1 0.8187081586336238 0.7662485664517944 0.01680241602892238 0.023915346158195804
1 0.5869747284983032 0.4993967459998688 0.07387633078235581 0.0958941897627282
1 0.4343664014663916 0.9529681947569644 0.016821808794958693 0.027248679491528947
1 0.8194256909769749 0.6429152331184611 0.02011635659621902 0.020698415389834964
1 0.32314910205598646 0.0203756178643349 0.01686059432703189 0.033915346158195796
1 0.8298124350852315 0.8625078241410572 0.020155142128292027 0.02736508205650163
1 0.8329346704171108 0.3258411574743907 0.016821808794958693 0.027248679491529135
1 0.16887299714493423 0.7606137332880971 0.02015514212829212 0.02736508205650163
1 0.28301113026878305 0.6183227127456989 0.020193927660365225 0.0340317487231683
1 0.04584025168516693 0.7132539615254125 0.023546653759735036 0.037481484621474125
1 0.16715784856317625 0.7690052679039167 0.03029089149054774 0.05104762308475244
1 0.03006565225618008 0.5605026410169417 0.01678302326288578 0.02058201282486247
1 0.3662765889209886 0.6270793152880534 0.06711270028550663 0.07899471796611654
1 0.04788507728954569 0.6481957602429264 0.01682180879495881 0.027248679491529135
1 0.24916388863548197 0.7078200717287573 0.02352726099369856 0.03414815128814079
0 0.4766666666666667 0.5 0.9533333333333334 1