1 0.278054501464708 0.7144125444791849 0.13690414072199408 0.07977003444740755
1 0.30066187372750697 0.5507300822705182 0.09488585828492499 0.03550569077985188
1 0.6909223243457777 0.11770847923074053 0.4381553513084447 0.23541695846148106
1 0.07612303590039578 0.6175560978726666 0.03426484830428831 0.02077584194518522
1 0.7240958098713631 0.18126481053925864 0.32768040319778985 0.10085900020162991
1 0.6131367230248763 0.6333595837912587 0.7313426227717961 0.40326968429363014
1 0.5639952070608403 0.544600930903555 0.07519636327524325 0.04170685227940756
1 0.49673050697648025 0.2015405357665181 0.054885858284925086 0.03457468044562963
1 0.6580636920898854 0.5623897813597771 0.06310504990318332 0.06806318216799999
1 0.8265844451064984 0.05401486889822152 0.06915070658921328 0.05488501722370377
1 0.4740179365905698 0.7964241594747403 0.0831050499031833 0.06852868733511135
1 0.7275157130442396 0.6440162624137031 0.12946121157953164 0.06294819939170376
1 0.494415258453645 0.6444471560299996 0.0655068682655616 0.048140766362518544
1 0.5547168198519998 0.1718882711263699 0.055351615770402415 0.04457468044562968
1 0.15566187372750695 0.5541049947320739 0.14821919161825833 0.03674703789214827
1 0.7928264650677718 0.028162836273999334 0.04488585828492489 0.034341927862074115
1 0.44092207731256383 0.7206109189477774 0.1310137365311232 0.09628153272503709
1 0.714255657679111 0.10657514731733274 0.06279454491286496 0.06139651550133339
1 0.42639243011063 0.6393709653509626 0.06852969660857658 0.04155168389037044
1 0.5614746516707982 0.5629730563341476 0.47768959382296716 0.24752845389925957
0 0.5 0.5 1 1