1 0.25333333333333335 0.5483333333333333 0.016666666666666666 0.02666666666666667
1 0.22 0.37833333333333335 0.041666666666666664 0.043333333333333335
1 0.13666666666666666 0.3933333333333333 0.12 0.12
1 0.08666666666666667 0.2833333333333333 0.018333333333333333 0.023333333333333334
1 0.3416666666666667 0.9033333333333333 0.06333333333333334 0.115
1 0.6283333333333333 0.42833333333333334 0.06 0.03666666666666667
1 0.7733333333333333 0.6166666666666667 0.12833333333333333 0.15
1 0.6116666666666667 0.97 0.013333333333333334 0.025
1 0.33666666666666667 0.43666666666666665 0.013333333333333334 0.02666666666666667
1 0.13833333333333334 0.6233333333333333 0.14333333333333334 0.12666666666666668
1 0.11833333333333333 0.5083333333333333 0.03333333333333333 0.04666666666666667
1 0.10666666666666667 0.7733333333333333 0.016666666666666666 0.03666666666666667
1 0.5666666666666667 0.17333333333333334 0.03333333333333333 0.05
1 0.105 0.7616666666666667 0.021666666666666667 0.06333333333333334
1 0.4666666666666667 0.53 0.11833333333333333 0.14
1 0.305 0.3333333333333333 0.045 0.04666666666666667
1 0.165 0.31666666666666665 0.09833333333333333 0.065
1 0.14333333333333334 0.22833333333333333 0.03833333333333333 0.03833333333333333
1 0.15333333333333332 0.125 0.03166666666666667 0.04
1 0.08333333333333333 0.5583333333333333 0.02666666666666667 0.03333333333333333
1 0.22833333333333333 0.37166666666666665 0.021666666666666667 0.02666666666666667
1 0.2816666666666667 0.8816666666666667 0.023333333333333334 0.02666666666666667
1 0.33666666666666667 0.8966666666666666 0.02 0.045
1 0.11333333333333333 0.5183333333333333 0.018333333333333333 0.023333333333333334
0 0.5116666666666667 0.5233333333333333 0.97 0.9433333333333334
1 0.4533333333333333 0.38 0.09 0.10333333333333333
1 0.7133333333333334 0.36833333333333335 0.12 0.12333333333333334
1 0.825 0.3616666666666667 0.07333333333333333 0.08
1 0.5066666666666667 0.9633333333333334 0.06666666666666667 0.07333333333333333
1 0.645 0.9 0.011666666666666667 0.021666666666666667