1 0.37588385714407374 0.3782221704123438 0.21620673556148176 0.2740000282599337
1 0.7372817661608887 0.23404222801113414 0.10287061519718539 0.12682541028250816
1 0.5329272966594807 0.9289523062654133 0.10573844336340756 0.10694181284748083
1 0.09119419392214782 0.37484125638415855 0.03077584194518522 0.03438095641808578
1 0.9462329860194071 0.34331733180204754 0.07922694508577782 0.11267725899436735
1 0.3666873430626659 0.9164391011807046 0.15659186950311116 0.14535451798873472
1 0.6467732883500736 0.4736771600845994 0.12046829219807421 0.1674074231073706
1 0.44021463688229556 0.9055449114179766 0.30697979047570373 0.16725930007916343
1 0.7025879223925182 0.43675651776255336 0.24023832664548156 0.30481484621474125
0 0.5 0.5 1 1
1 0.8794097574482218 0.4239205151523445 0.19163205511585224 0.21985187697179298