1 0.24574918466669146 0.7972714524503092 0.1486119181687449 0.11750390738085381
1 0.6906350429516165 0.8177051032645672 0.20303201896819226 0.1423890822202414
1 0.25957560032782045 0.6283076835051414 0.030776262475795874 0.017539577513822072
1 0.6526441347635081 0.7186750042058511 0.15892242315906324 0.12446154432990587
1 0.2009636821590756 0.5165261916778622 0.17605484731120735 0.1349464948005478
1 0.7255801462337663 0.564680575280103 0.19745211976763982 0.1655284353653182
1 0.25042948905119583 0.6469319871208599 0.1855890898257299 0.12523746508293282
1 0.39832898505395853 0.5258037761242874 0.02410959580912921 0.017345597325565336
1 0.38131529792947805 0.5546705549753269 0.02410959580912921 0.017345597325565527
1 0.8664386302697304 0.6507039814208393 0.1939635339391475 0.1620981119378564
1 0.44127878246198254 0.5879732283280801 0.02410959580912921 0.017345597325565527
1 0.4702742365560367 0.637197307575053 0.030776262475795874 0.017539577513822072
1 0.8525984286708354 0.6043767800836218 0.02410959580912921 0.017345597325565527
1 0.4083609052088653 0.418700654034043 0.14892242315906326 0.12417057404752058
1 0.3644887834550636 0.48005851535184035 0.013799090818810858 0.010387960376513471
1 0.8984612609861745 0.4207703115343875 0.20307747802765108 0.17306801287914017
1 0.42903221659476337 0.611694522037927 0.19683110978700313 0.15219510203198486
1 0.3033746911466313 0.6370468122814723 0.017287676647303272 0.013818283803975267
1 0.8604705998312799 0.665897961609096 0.0206210099806367 0.013915273898103729
1 0.39217378196544206 0.6444765747870701 0.020465757485477524 0.010581940564770397
1 0.31916908783956793 0.3311739014343168 0.1963653523015256 0.14219510203198468
1 0.2848631287551955 0.27542864066186984 0.017287676647303366 0.013818283803975267
1 0.7069454985352921 0.7020746676527326 0.02410959580912921 0.017345597325565527
1 0.85756191320334 0.6392797899894935 0.0206210099806367 0.013915273898103729
1 0.8633016602116403 0.6908494665620317 0.030776262475795874 0.017539577513822072
1 0.31910065221716566 0.4730345482892403 0.013799090818810858 0.010387960376513471
1 0.49100938825174834 0.6165668719632186 0.020465757485477524 0.010581940564770397
1 0.3267810554149555 0.5662708915284452 0.421260401211628 0.32516612481699647
1 0.2516030733900669 0.8154593006424499 0.01713242415214419 0.010484950470641933
1 0.7256212570138505 0.6013957369938339 0.017287676647303366 0.013818283803975267
1 0.6835437295795564 0.8446142451665547 0.01713242415214419 0.010484950470641933
1 0.6763152979294781 0.5460869316449646 0.013799090818810858 0.010387960376513471
1 0.6707445893541029 0.7131415586881449 0.010465757485477525 0.01029097028238501
1 0.07382666269434277 0.4384481584939458 0.09357080738866073 0.07928539920813307
1 0.19918746908992255 0.6217201718661189 0.017132424152144145 0.010484950470641933
1 0.387360954615508 0.5411432414537367 0.062328787427387435 0.051745821694311
1 0.3323974700830036 0.5076950829597909 0.01713242415214419 0.010484950470641933
1 0.5521621701673635 0.64643922188851 0.895675659665273 0.6619810812341757
1 0.35421479393224065 0.4386343239204947 0.013954343313970033 0.013721293709846805
1 0.7703061567109434 0.521656047295639 0.020465757485477524 0.010581940564770397
0 0.5024840399225466 0.5387848192140754 0.9950319201549068 0.9224303615718492
1 0.14873984582158586 0.2910719011878004 0.11232878742738743 0.0532006731062368
1 0.9948723193803729 0.8616303974674471 0.010255361239254246 0.07478818474525914