1 0.47838964314210536 0.2992727047604448 0.0906432605259306 0.13868385572414818
1 0.5054777347751854 0.8295442494412597 0.020775920753026943 0.02713217183377784
1 0.565362909614573 0.8842353061786671 0.014400224368745664 0.036977003444740905
1 0.4357174054011867 0.3782253181344448 0.065758085686543 0.08480743302918521
1 0.3427976822725589 0.6192311256322226 0.04135786131779744 0.04759767700088901
1 0.06361708792026209 0.8125976770008889 0.018315498266849226 0.057054587639259274
1 0.42953568920516205 0.3947368164120744 0.028024527984464007 0.04728734022281477
1 0.595827220409411 0.5002051086101487 0.013915273898103729 0.02031033677807405
1 0.05074305522937869 0.5991091752785186 0.04575808568654299 0.08434192786207405
1 0.3242168635515165 0.7820213696039262 0.027636567607950534 0.033954006889481435
1 0.44789467236668734 0.6250083610928893 0.09310368301210833 0.10876143991866684
1 0.42671295617066257 0.6411707304951856 0.0586064685492344 0.06798559797348162
1 0.3956410549828622 0.7753560964527411 0.027636567607950534 0.033954006889481435
0 0.33621518078592466 0.5 0.6724303615718493 1
1 0.6260262107500559 0.33601974265259316 0.020775920753026943 0.02713217183377784
1 0.6346911946511308 0.06140766362518572 0.020775920753027134 0.02713217183377779
1 0.5948523093157392 0.6384220656517042 0.02106689103541233 0.03713217183377765
1 0.22607250025405184 0.9579495929071853 0.0143032342746172 0.03364367011140757
1 0.3634052726655212 0.8695414624102966 0.014109254086360466 0.026977003444740907
1 0.433326117637877 0.8112095225924448 0.017539577513822072 0.03038792097259261