1 0.3987309022296224 0.7388382431525726 0.09892242315906326 0.12543604763053168
1 0.5968175708824509 0.5067042082629928 0.06341555489350147 0.07682793538153229
1 0.44343853145644485 0.40701030777104036 0.4111965609018144 0.549187435421727
1 0.4844019665823066 0.3177226895682244 0.06690414072199398 0.08035541327309896
1 0.2767991896320963 0.23789884095378772 0.07310504990318321 0.07074370238956552
1 0.44048873404842076 0.343676974437707 0.05597262575103912 0.05977297959839916
1 0.4613791382392916 0.32574836814252406 0.11101373653112319 0.09954595919679822
1 0.5210916098119166 0.6748911555521581 0.014420100799447558 0.02410991156626646
1 0.90349777645367 0.09444178050191487 0.03930595908437226 0.05880225680723273
1 0.3777993872586674 0.7200031105019724 0.05643838323651664 0.06977297959839916
1 0.4601920149958684 0.5514278740963405 0.11900464471923139 0.19974010375503157
1 0.4968951971300305 0.5141952116766578 0.07388131237897899 0.08741036905623219
1 0.42276287179117195 0.7524792312449398 0.0467488882268349 0.07585721259036594
1 0.4909225713789915 0.45772268956822443 0.15295898803320143 0.2150148826706976
1 0.39156196260998277 0.7643236045481558 0.045817373255879944 0.05585721259036594
1 0.41797736928355606 0.47032720318268983 0.21118737027663703 0.39459371771086355
0 0.5 0.5 1 1