1 0.3883333333333333 0.4533333333333333 0.08166666666666667 0.14
1 0.45 0.4666666666666667 0.20666666666666667 0.16666666666666666
1 0.4533333333333333 0.49666666666666665 0.023333333333333334 0.065
1 0.4683333333333333 0.5066666666666667 0.16666666666666666 0.085
1 0.42333333333333334 0.5066666666666667 0.03333333333333333 0.05
1 0.29 0.8566666666666667 0.021666666666666667 0.056666666666666664
1 0.49333333333333335 0.5016666666666667 0.018333333333333333 0.056666666666666664
1 0.5416666666666666 0.5316666666666666 0.023333333333333334 0.03666666666666667
1 0.5283333333333333 0.53 0.05 0.04
1 0.5166666666666667 0.5116666666666667 0.07166666666666667 0.07666666666666666
1 0.4066666666666667 0.425 0.045 0.08
1 0.365 0.4266666666666667 0.03166666666666667 0.06333333333333334
1 0.48833333333333334 0.5283333333333333 0.023333333333333334 0.02666666666666667
1 0.42833333333333334 0.5 0.018333333333333333 0.035
0 0.49833333333333335 0.49833333333333335 0.9966666666666667 0.9966666666666667