1 0.3466666666666667 0.5366666666666666 0.11166666666666666 0.10333333333333333
1 0.355 0.5133333333333333 0.07 0.05
1 0.36833333333333335 0.44666666666666666 0.011666666666666667 0.023333333333333334
1 0.47833333333333333 0.16333333333333333 0.06666666666666667 0.14333333333333334
1 0.27166666666666667 0.445 0.205 0.16
1 0.14666666666666667 0.17833333333333334 0.028333333333333332 0.02666666666666667
1 0.23833333333333334 0.5616666666666666 0.011666666666666667 0.023333333333333334
1 0.385 0.3566666666666667 0.06333333333333334 0.07333333333333333
1 0.4116666666666667 0.5766666666666667 0.23833333333333334 0.18333333333333332
1 0.75 0.9 0.035 0.05
1 0.37 0.3383333333333333 0.023333333333333334 0.03666666666666667
1 0.37666666666666665 0.37 0.041666666666666664 0.035
1 0.615 0.8233333333333334 0.016666666666666666 0.05333333333333334
1 0.115 0.09166666666666666 0.041666666666666664 0.06666666666666667
1 0.24333333333333335 0.5016666666666667 0.09166666666666666 0.056666666666666664
1 0.14 0.023333333333333334 0.03833333333333333 0.043333333333333335
1 0.36833333333333335 0.36666666666666664 0.025 0.02666666666666667
1 0.3516666666666667 0.5183333333333333 0.36666666666666664 0.31333333333333335
0 0.43833333333333335 0.49666666666666665 0.8766666666666667 0.9933333333333333