1 0.525186867915373 0.7381246763420086 0.09305034415175764 0.1576751246339874
1 0.5386219941804821 0.2447137693188814 0.12427275047868988 0.1880242062380599
1 0.32123098808742717 0.5873477717801675 0.13549515680562232 0.21814056677275062
1 0.7516016652989811 0.5423318813494254 0.13107524007057123 0.19143511326118717
1 0.10634979601592247 0.33639632641629014 0.13359363585261647 0.17147390010608404
1 0.3830475825811062 0.29792957445362184 0.05006223979703426 0.08387634916189067
1 0.7419496558482424 0.1653743133460317 0.14134688592100075 0.19821814046254466
1 0.21693846104136638 0.9779865870570651 0.07401244795940688 0.01751997725439954
1 0.13103292536517827 0.671842375132605 0.12107524007057133 0.1913187527264963
1 0.4257215778557369 0.11000350299170639 0.06407468775644105 0.1006981632081451
1 0.47009917988539474 0.9442483271801181 0.056049791837627365 0.06728725618501813
1 0.6407358312818049 0.8078349426691838 0.028704010544887144 0.05031029475917573
1 0.5726939203662718 0.5952761785698872 0.025506500136768483 0.053604841247611903
1 0.1139587899228675 0.6816484409081203 0.07930954204278019 0.14751997725439955
1 0.08551508189726342 0.5612605724591508 0.0695811878932096 0.1540702833863753
1 0.7122044352262227 0.8953743133460317 0.022173166803435153 0.05356605440271513
1 0.772297794921774 0.7710142962868313 0.038296541769243124 0.04042665529386644
1 0.6626514571366084 0.4745985764480927 0.07421051068165563 0.10414785707616923
1 0.5794171551643995 0.4302761785698872 0.14692696918594986 0.17162904748567182
1 0.42210249377017645 0.40343380343728213 0.06366721898079694 0.09069816320814511
1 0.4669666708449618 0.40729075917672425 0.07700055231413026 0.09085331058773287
1 0.5062280779925055 0.05758166051345138 0.11421051068165564 0.10461329921493265
1 0.4861546433885953 0.9561259861659137 0.09380304190601162 0.0877480276681725
1 0.48095367057142463 0.5141707534903242 0.08407468775644114 0.1009308842775268
1 0.5770713738716593 0.4469234518141054 0.5152121676240466 0.3791513600678756
1 0.1195332015222434 0.6266872277530172 0.16821161530991632 0.28515631504349
0 0.4766666666666667 0.5 0.9533333333333334 1