1 0.4886813238825946 0.34909813939754114 0.08564232306198316 0.06152028062249864
1 0.07298519425980173 0.6021849039056174 0.09897565639531658 0.062296858855431764
1 0.3024164543259989 0.4518310458835047 0.08577814598719802 0.06485361395583197
1 0.44309556895207247 0.46034364110437365 0.11339557313036759 0.08974010375503155
1 0.6554838134744759 0.34272424481921065 0.11421051068165564 0.10974010375503156
1 0.5359903136112446 0.4031438545280586 0.09203734387822048 0.05524190307229844
1 0.5382908701036699 0.09060353734934219 0.020543291700858883 0.014498200682732994
1 0.6446264126935245 0.445264561997927 0.09537067721155382 0.055436047630531865
1 0.6839048348377875 0.5482260441364776 0.020543291700858883 0.014498200682732923
1 0.3203423188836882 0.44076325081322165 0.041358229252147015 0.035663068032132705
1 0.5115024854135863 0.3761695331023582 0.14114882319875183 0.11795992688756447
1 0.6096461892608952 0.6527884412549596 0.02720995836752536 0.01488648979919958
1 0.050217839289619745 0.289434004246984 0.062037343878220526 0.05349460204819896
1 0.7149914182395052 0.5731454097790447 0.020543291700858692 0.014498200682733114
1 0.08839266303544582 0.6113112533935677 0.061494052177361716 0.040161268714865625
1 0.4240152095300583 0.4430781028413234 0.8284719178291995 0.5005104609840199
1 0.482792803203126 0.4095835007931244 0.455223510955193 0.23601537080325927
0 0.44384826670632643 0.4216666666666667 0.8876965334126529 0.8433333333333334