0 0.385 0.4612649965242166 0.77 0.9225299930484332
1 0.37096709633196406 0.4428540369433037 0.056049055968928105 0.09581737325587994
1 0.4487591693858834 0.7518906018174419 0.020872910847155406 0.03093151497095505
1 0.4831187134692726 0.43138832886446893 0.12426756414164894 0.1522557564923966
1 0.3643974197594258 0.439210198619652 0.10387960376513547 0.1379909081881082
1 0.715216825407129 0.2552788318686253 0.017345597325565527 0.024109595809129112
1 0.06998938062897231 0.749269443616877 0.020969900941283866 0.03426484830428838
1 0.3833611887045936 0.41839742067636077 0.0277335577020789 0.037908686627939975
1 0.1685936436351384 0.05625121058645061 0.03096990094128387 0.03473060578976581
1 0.5155841461078386 0.6348403992254659 0.18326199306739702 0.23489504891010218
1 0.24673520232328325 0.697420199612733 0.1129097028238516 0.1051233323402524