1 0.4866666666666667 0.5166666666666667 0.08666666666666667 0.19333333333333333
1 0.125 0.355 0.06 0.15
1 0.20833333333333334 0.66 0.03166666666666667 0.08
1 0.13333333333333333 0.3516666666666667 0.03833333333333333 0.08333333333333333
1 0.16 0.2866666666666667 0.013333333333333334 0.025
1 0.43666666666666665 0.8533333333333334 0.055 0.1
1 0.7466666666666667 0.7633333333333333 0.015 0.02666666666666667
1 0.5483333333333333 0.245 0.013333333333333334 0.02
1 0.5833333333333334 0.4033333333333333 0.015 0.016666666666666666
1 0.6533333333333333 0.46166666666666667 0.011666666666666667 0.023333333333333334
1 0.5416666666666666 0.25166666666666665 0.03 0.03333333333333333
1 0.4866666666666667 0.4666666666666667 0.07333333333333333 0.08666666666666667
0 0.38 0.5016666666666667 0.76 0.9966666666666667
1 0.6883333333333334 0.9433333333333334 0.12833333333333333 0.09166666666666666
1 0.605 0.8383333333333334 0.12166666666666667 0.095