1 0.10833333333333334 0.8133333333333334 0.095 0.12666666666666668
1 0.3933333333333333 0.785 0.13833333333333334 0.2
1 0.355 0.72 0.056666666666666664 0.06
1 0.22666666666666666 0.265 0.13166666666666665 0.12166666666666667
1 0.23333333333333334 0.14666666666666667 0.08333333333333333 0.11333333333333333
1 0.5183333333333333 0.3983333333333333 0.08833333333333333 0.13333333333333333
1 0.48333333333333334 0.3883333333333333 0.011666666666666667 0.016666666666666666
1 0.5966666666666667 0.6066666666666667 0.013333333333333334 0.03
1 0.08166666666666667 0.2783333333333333 0.16166666666666665 0.5566666666666666
1 0.12166666666666667 0.36333333333333334 0.021666666666666667 0.035
1 0.395 0.5333333333333333 0.14333333333333334 0.16666666666666666
1 0.5333333333333333 0.855 0.02 0.018333333333333333
1 0.595 0.8466666666666667 0.016666666666666666 0.03666666666666667
1 0.5833333333333334 0.7616666666666667 0.018333333333333333 0.03333333333333333
1 0.6366666666666667 0.5083333333333333 0.011666666666666667 0.02666666666666667
1 0.195 0.9866666666666667 0.041666666666666664 0.02
1 0.625 0.37833333333333335 0.01 0.016666666666666666
1 0.285 0.435 0.25 0.20166666666666666
1 0.33666666666666667 0.6116666666666667 0.13833333333333334 0.16166666666666665
1 0.33 0.54 0.015 0.025
1 0.495 0.35 0.13833333333333334 0.23
0 0.32166666666666666 0.49833333333333335 0.6433333333333333 0.9966666666666667
1 0.5983333333333334 0.9716666666666667 0.023333333333333334 0.028333333333333332
1 0.6433333333333333 0.745 0.015 0.03666666666666667
1 0.58 0.21833333333333332 0.015 0.023333333333333334