1 0.24740478438361085 0.20666666666666667 0.07081452374283591 0.07
1 0.194773117250129 0.6966666666666667 0.29139632641629015 0.12
1 0.32438291347335524 0.37666666666666665 0.1648848071292113 0.13333333333333333
1 0.7546920405686287 0.26 0.18449693868024175 0.1
1 0.5062605724591508 0.10833333333333334 0.10748119040950257 0.07
1 0.3450023353278043 0.2866666666666667 0.06717089565032704 0.043333333333333335
1 0.6524288484616679 0.7816666666666666 0.12422543076596317 0.07666666666666666
1 0.31758399584125563 0.795 0.050349081604072504 0.03
1 0.5294639901548556 0.8133333333333334 0.060426655293866434 0.03666666666666667
1 0.5254518870358256 0.755 0.06399270969658157 0.056666666666666664
1 0.15764217610860107 0.8 0.11755876409929651 0.07666666666666666
1 0.4587852203691589 0.755 0.05368241493740584 0.03
1 0.5278896199448228 0.24833333333333332 0.17829571415233847 0.14
1 0.2609367225970375 0.7966666666666666 0.047093321960533105 0.03666666666666667
1 0.8372519723318274 0.48 0.026899387736048275 0.02
1 0.6527209174622971 0.95 0.05038786844896966 0.03333333333333333
1 0.8205465188202636 0.4766666666666667 0.060426655293866434 0.03666666666666667
1 0.4595791830256443 0.68 0.026899387736048462 0.02
1 0.3192277660937674 0.36333333333333334 0.1508145237428359 0.07
1 0.05297303195412727 0.9716666666666667 0.05732604302991479 0.056666666666666664
1 0.8072131854869303 0.4766666666666667 0.03368241493740584 0.03
1 0.5348689166984691 0.5616666666666666 0.6098495232760208 0.56
1 0.7067112918310742 0.72 0.24569933087204732 0.20333333333333334
1 0.4937852203691589 0.755 0.1273260430299149 0.056666666666666664
1 0.6722543076596316 0.7666666666666667 0.17135753957139324 0.11666666666666667
1 0.13717556630593553 0.6166666666666667 0.03356605440271503 0.02
1 0.4168423751326051 0.15833333333333333 0.04701574827073927 0.03
1 0.7377961558242867 0.67 0.15124117903670234 0.10666666666666667
1 0.026071308890274637 0.665 0.026860600891151415 0.016666666666666666
1 0.44384106530870004 0.47333333333333333 0.4141114055590765 0.35333333333333333
1 0.12008341200930457 0.7233333333333334 0.0402327210693817 0.02
1 0.7647126016549793 0.405 0.02682181404625453 0.013333333333333334
1 0.3862446820284088 0.5366666666666666 0.1609308842775268 0.08
1 0.6020204189263477 0.6033333333333334 0.09748119040950258 0.07
1 0.4076398407807968 0.5133333333333333 0.20480723343941748 0.12666666666666668
1 0.5632022500318025 0.5616666666666666 0.1719005553999504 0.16333333333333333
1 0.48393569709313816 0.195 0.040310294759175726 0.02666666666666667
1 0.24843613876508636 0.725 0.11062058951835117 0.05333333333333334
1 0.45562058951835116 0.05333333333333334 0.06027150791427857 0.023333333333333334
1 0.5594787129216955 0.24166666666666667 0.11062058951835108 0.05333333333333334
1 0.26120706284741396 0.6766666666666666 0.15085331058773288 0.07333333333333333
1 0.7185718927222257 0.7366666666666667 0.07403149654147834 0.06
1 0.3912993593040478 0.11166666666666666 0.08399270969658137 0.056666666666666664
1 0.3537634916189062 0.4666666666666667 0.07748119040950258 0.07
1 0.47474905317207194 0.12166666666666667 0.17120239219180539 0.10333333333333333
1 0.6343088427752677 0.8 0.0838375623169937 0.043333333333333335
1 0.4453719780182274 0.46166666666666667 0.2927150791427865 0.23333333333333334
1 0.12638160364945022 0.6916666666666667 0.14767512463398735 0.08666666666666667
1 0.19504462516440763 0.72 0.299498106344144 0.24333333333333335
0 0.5 0.5 1 1