0 0.49833333333333335 0.49833333333333335 0.9966666666666667 0.9966666666666667
1 0.47333333333333333 0.295 0.065 0.105
1 0.6533333333333333 0.345 0.011666666666666667 0.025
1 0.7766666666666666 0.235 0.018333333333333333 0.035
1 0.47833333333333333 0.51 0.018333333333333333 0.025
1 0.6683333333333333 0.2633333333333333 0.013333333333333334 0.02
1 0.715 0.10833333333333334 0.08 0.10666666666666667
1 0.6783333333333333 0.18833333333333332 0.07 0.06333333333333334
1 0.7016666666666667 0.19166666666666668 0.023333333333333334 0.023333333333333334
1 0.8183333333333334 0.13666666666666666 0.05 0.05
1 0.44666666666666666 0.5116666666666667 0.15 0.2
1 0.175 0.4483333333333333 0.02 0.043333333333333335
1 0.8266666666666667 0.5383333333333333 0.013333333333333334 0.016666666666666666
1 0.6983333333333334 0.13666666666666666 0.11166666666666666 0.165
1 0.5983333333333334 0.37833333333333335 0.06 0.11666666666666667
1 0.4216666666666667 0.8316666666666667 0.051666666666666666 0.08166666666666667
1 0.43833333333333335 0.9666666666666667 0.09 0.06666666666666667