1 0.5148442659441402 0.45799668611521827 0.21313029277824172 0.1317543546966448
1 0.7602101275444619 0.12369281573801122 0.16787534087119677 0.09332199000218708
1 0.20078381426288489 0.35770235360249636 0.10700187788314622 0.07421051068165582
1 0.4588125867635809 0.16258354567400105 0.05525495190704494 0.03883983347010191
1 0.0176877153631705 0.5167034582307569 0.035375430726341 0.035099031361124466
1 0.8210977645112534 0.16777884682559854 0.0275401296547174 0.01775325006838429
1 0.9549835235948986 0.2787409506332477 0.06278090758302142 0.11897565639531658
1 0.7664400627171033 0.13175450322091517 0.08946174822842883 0.0568647293889156
1 0.2105926452601733 0.6782824368674454 0.030873462988050732 0.017889072993599105
1 0.9575165662602455 0.2304076172999144 0.06784699291371529 0.21564232306198325
1 0.43157701794150083 0.36492932696674124 0.4564211041753528 0.33126195946167397
1 0.805384820142072 0.11852587291427942 0.07612841489509568 0.05632143768805676
0 0.5 0.4216666666666667 1 0.8433333333333334
1 0.1721365306811831 0.5235172911537845 0.14084511503056926 0.1487662503419214
1 0.05207629127153502 0.5966723383322398 0.10415258254307004 0.15407468775644095