1 0.05213870064253843 0.3029981221168538 0.05566306803213267 0.042795081561762156
1 0.9411037814156229 0.33118050595733695 0.03135901190763282 0.024905566711824558
1 0.5358603230923383 0.27100102879671717 0.025080634357432813 0.031222848183271024
1 0.7169132354919238 0.38613089703174447 0.02469234524096635 0.02455618151660436
1 0.5108783162650083 0.47169979918715776 0.41666355616469425 0.36412175244893963
1 0.048693412359390835 0.44773608322043856 0.034498200682732995 0.021746925976101464
1 0.2230139064055744 0.4502313885125731 0.02469234524096635 0.02455618151660436
1 0.3000375415963262 0.554197406905653 0.020776578232933125 0.014381488918994212
1 0.9645819455421383 0.2418863633371479 0.02174730102409967 0.03104815558566088
1 0.6180303443272582 0.4577763027303 0.6724878929116926 0.4772236972696999
1 0.3905557788352769 0.5976393475059024 0.034498200682733016 0.021746925976101464
1 0.6729137236244853 0.08602937675419865 0.03155315646586625 0.028238900045157913
1 0.07922653226903925 0.35142588873836256 0.044886489799199555 0.028937670435598476
0 0.5 0.3616666666666667 1 0.7233333333333334