1 0.055 0.825 0.013333333333333334 0.035
1 0.5916666666666667 0.9583333333333334 0.035 0.04666666666666667
1 0.44666666666666666 0.48 0.02666666666666667 0.045
1 0.515 0.945 0.035 0.04
1 0.32166666666666666 0.13666666666666666 0.023333333333333334 0.04
1 0.47833333333333333 0.18666666666666668 0.016666666666666666 0.035
1 0.3933333333333333 0.6366666666666667 0.03 0.043333333333333335
1 0.375 0.49333333333333335 0.02666666666666667 0.03333333333333333
1 0.4166666666666667 0.24666666666666667 0.02666666666666667 0.03
1 0.25666666666666665 0.9816666666666667 0.025 0.03333333333333333
1 0.7066666666666667 0.9216666666666666 0.03333333333333333 0.03666666666666667
1 0.2 0.405 0.06833333333333333 0.25
1 0.7683333333333333 0.7366666666666667 0.016666666666666666 0.05
1 0.505 0.37333333333333335 0.021666666666666667 0.02666666666666667
1 0.415 0.705 0.018333333333333333 0.035
1 0.7633333333333333 0.5833333333333334 0.03 0.04666666666666667
1 0.6983333333333334 0.9183333333333333 0.015 0.03333333333333333
1 0.49 0.865 0.03666666666666667 0.09
1 0.6616666666666666 0.7 0.016666666666666666 0.05
1 0.29333333333333333 0.935 0.06666666666666667 0.05
1 0.43833333333333335 0.6116666666666667 0.021666666666666667 0.03666666666666667
0 0.42833333333333334 0.51 0.8566666666666667 0.975