1 0.5005979437063139 0.45795516696911154 0.17670900771753564 0.1007010447816297
1 0.9819418128474806 0.24106550232726007 0.036116374305038716 0.024264343667555578
1 0.9719894641921667 0.7388557462989638 0.05602107161566664 0.06155168389037044
1 0.9694445386442233 0.7219951191460009 0.047481484621474314 0.024419512056592794
1 0.21586777959331072 0.4113605104350372 0.1560105923277007 0.08023553961451872
1 0.5226191283617153 0.6116764212750375 0.1418624410395599 0.05659186950311133
1 0.4709524616950486 0.6104738662600003 0.04139683077966993 0.04093101033422234
1 0.9849550744520567 0.7491272909797785 0.030089851095886692 0.02759767700088901
1 0.5348096065707582 0.6269479659558522 0.1719047820904287 0.1538792097259261
0 0.5166666666666667 0.42535888348370415 0.9666666666666667 0.8491660830770379
1 0.6851429540340583 0.7353616705146673 0.09484656667797575 0.04550569077985187