0 0.5 0.5 1 1
1 0.6878940733004358 0.49374974814735867 0.10870345864336287 0.07310368301210834
1 0.6341777897429769 0.677343391782497 0.027054627043180138 0.014109254086360276
1 0.7454921661660984 0.807356216696593 0.03724860723143706 0.02106689103541233
1 0.46598493139844815 0.4956332402211543 0.02724860723143706 0.020775920753027134
1 0.7187413343193992 0.6948166391827709 0.02038796037651347 0.013915273898103729
1 0.8757653013819993 0.7444236686538693 0.11252174244733776 0.08986733977290327
1 0.7934988590840782 0.705332249633993 0.06880044873749133 0.07527313521590107
1 0.7911047667114487 0.7302837545869287 0.02401226399223219 0.024012263992232004
1 0.8443282850365577 0.8502659195204446 0.054885174839387596 0.054885174839387596
1 0.4619063372926679 0.4638210884132951 0.21455853442403414 0.16277704259675488
1 0.5333868385327857 0.1856639002017344 0.04391527389810373 0.021260871223669018
1 0.43222516294631325 0.853287642895589 0.02038796037651347 0.013915273898103729
1 0.8462502518526414 0.7268840911400472 0.17682497672195516 0.12504348489467607
1 0.5991114596294288 0.6212765007470848 0.12184281178843927 0.06682497672195534
1 0.13248827785743816 0.4342190690945848 0.08821850817272084 0.05585507578067146
1 0.014180594352296818 0.44724860723143695 0.028361188704593636 0.09449721446287394