0 0.38666666666666666 0.3616666666666667 0.535 0.7233333333333334
0 0.18666666666666668 0.6633333333333333 0.36833333333333335 0.6733333333333333
1 0.345 0.6183333333333333 0.04 0.08333333333333333
1 0.23166666666666666 0.9633333333333334 0.055 0.06666666666666667
1 0.39166666666666666 0.56 0.08833333333333333 0.15
1 0.385 0.34 0.06333333333333334 0.105
0 0.8266666666666667 0.7516666666666667 0.3433333333333333 0.49666666666666665
1 0.7133333333333334 0.8683333333333333 0.06 0.06333333333333334
1 0.13333333333333333 0.8266666666666667 0.043333333333333335 0.08
1 0.3283333333333333 0.6016666666666667 0.22666666666666666 0.23666666666666666
1 0.33666666666666667 0.37666666666666665 0.043333333333333335 0.08666666666666667
1 0.9533333333333334 0.765 0.08666666666666667 0.07
0 0.5716666666666667 0.765 0.23666666666666666 0.44
1 0.51 0.7 0.065 0.085
1 0.5816666666666667 0.445 0.05 0.145
1 0.12166666666666667 0.04833333333333333 0.058333333333333334 0.08666666666666667
1 0.2783333333333333 0.6166666666666667 0.07 0.14333333333333334
1 0.20166666666666666 0.48333333333333334 0.04833333333333333 0.14666666666666667
1 0.40166666666666667 0.5116666666666667 0.43 0.43333333333333335
1 0.42333333333333334 0.6633333333333333 0.075 0.09333333333333334
1 0.2733333333333333 0.665 0.06333333333333334 0.1
0 0.825 0.30833333333333335 0.26 0.33
0 0.685 0.06833333333333333 0.365 0.135