1 0.5483333333333333 0.08666666666666667 0.025 0.055
1 0.82 0.15833333333333333 0.03333333333333333 0.043333333333333335
1 0.6983333333333334 0.2816666666666667 0.11833333333333333 0.16666666666666666
1 0.7666666666666667 0.125 0.023333333333333334 0.04
1 0.4483333333333333 0.275 0.02 0.05
1 0.47833333333333333 0.04833333333333333 0.02666666666666667 0.02666666666666667
1 0.6166666666666667 0.04666666666666667 0.05333333333333334 0.09333333333333334
1 0.5266666666666666 0.27666666666666667 0.021666666666666667 0.05
1 0.7966666666666666 0.13333333333333333 0.018333333333333333 0.03333333333333333
1 0.8 0.44666666666666666 0.023333333333333334 0.03666666666666667
1 0.5333333333333333 0.25333333333333335 0.03666666666666667 0.10333333333333333
1 0.7933333333333333 0.15166666666666667 0.085 0.09666666666666666
1 0.8066666666666666 0.875 0.08333333333333333 0.125
1 0.4066666666666667 0.4166666666666667 0.03666666666666667 0.05
1 0.5333333333333333 0.22666666666666666 0.03166666666666667 0.045
1 0.6133333333333333 0.12166666666666667 0.02 0.02666666666666667
1 0.2733333333333333 0.44666666666666666 0.025 0.056666666666666664
1 0.63 0.41333333333333333 0.011666666666666667 0.023333333333333334
1 0.76 0.185 0.011666666666666667 0.025
1 0.8783333333333333 0.8633333333333333 0.23666666666666666 0.27
1 0.5216666666666666 0.43833333333333335 0.06 0.06666666666666667
1 0.7366666666666667 0.23333333333333334 0.19833333333333333 0.2633333333333333
1 0.6116666666666667 0.4766666666666667 0.015 0.02
1 0.9633333333333334 0.805 0.016666666666666666 0.04
1 0.6616666666666666 0.305 0.041666666666666664 0.09
1 0.335 0.44 0.058333333333333334 0.365
1 0.38 0.12833333333333333 0.02666666666666667 0.04666666666666667
1 0.9016666666666666 0.7333333333333333 0.035 0.03666666666666667
1 0.675 0.028333333333333332 0.016666666666666666 0.02666666666666667
1 0.38 0.08333333333333333 0.075 0.14333333333333334
1 0.9416666666666667 0.9366666666666666 0.02666666666666667 0.045
1 0.38166666666666665 0.21666666666666667 0.013333333333333334 0.03
1 0.8816666666666667 0.54 0.01 0.02
1 0.8316666666666667 0.775 0.04833333333333333 0.085
1 0.4816666666666667 0.49 0.13833333333333334 0.185
1 0.7716666666666666 0.16333333333333333 0.016666666666666666 0.023333333333333334
1 0.5916666666666667 0.44666666666666666 0.011666666666666667 0.02
1 0.445 0.5116666666666667 0.06666666666666667 0.13666666666666666
1 0.2683333333333333 0.57 0.056666666666666664 0.12
1 0.7 0.2833333333333333 0.04833333333333333 0.07666666666666666
1 0.545 0.02 0.025 0.04
1 0.9033333333333333 0.9233333333333333 0.02666666666666667 0.055
1 0.965 0.8433333333333334 0.016666666666666666 0.023333333333333334
1 0.04 0.15833333333333333 0.043333333333333335 0.12333333333333334
1 0.7483333333333333 0.26666666666666666 0.016666666666666666 0.043333333333333335
1 0.5416666666666666 0.21666666666666667 0.016666666666666666 0.03
1 0.755 0.7416666666666667 0.018333333333333333 0.023333333333333334
1 0.9633333333333334 0.82 0.021666666666666667 0.075
1 0.835 0.8333333333333334 0.023333333333333334 0.045
1 0.3516666666666667 0.07666666666666666 0.018333333333333333 0.07333333333333333
1 0.875 0.9066666666666666 0.03333333333333333 0.04
1 0.49833333333333335 0.4483333333333333 0.018333333333333333 0.043333333333333335
1 0.6366666666666667 0.07333333333333333 0.013333333333333334 0.04
1 0.5283333333333333 0.32166666666666666 0.015 0.016666666666666666
1 0.39666666666666667 0.08833333333333333 0.016666666666666666 0.03333333333333333
1 0.405 0.03666666666666667 0.021666666666666667 0.045
1 0.40166666666666667 0.17666666666666667 0.008333333333333333 0.02
1 0.7833333333333333 0.15 0.016666666666666666 0.025
1 0.6233333333333333 0.3433333333333333 0.43 0.485
1 0.37166666666666665 0.043333333333333335 0.02 0.03333333333333333
1 0.38666666666666666 0.11333333333333333 0.03833333333333333 0.08
1 0.82 0.8033333333333333 0.025 0.03
1 0.5266666666666666 0.23166666666666666 0.018333333333333333 0.03333333333333333
1 0.7833333333333333 0.965 0.016666666666666666 0.025
1 0.9116666666666666 0.55 0.008333333333333333 0.015
1 0.485 0.4583333333333333 0.045 0.06333333333333334
1 0.8066666666666666 0.955 0.023333333333333334 0.025
1 0.7366666666666667 0.21333333333333335 0.015 0.03
1 0.3616666666666667 0.07 0.04 0.085
1 0.8916666666666667 0.8716666666666667 0.023333333333333334 0.03333333333333333
1 0.8516666666666667 0.935 0.03166666666666667 0.05
1 0.7533333333333333 0.44 0.01 0.015
1 0.9066666666666666 0.8483333333333334 0.06 0.07333333333333333
1 0.8433333333333334 0.7633333333333333 0.02666666666666667 0.06
1 0.7283333333333334 0.23666666666666666 0.023333333333333334 0.03666666666666667
1 0.7366666666666667 0.245 0.043333333333333335 0.09
1 0.8916666666666667 0.835 0.03166666666666667 0.04