0 0.3751111629209895 0.38079162732868105 0.7420741462939047 0.5450834120093045
0 0.6616666666666666 0.18311883802249798 0.6766666666666666 0.36623767604499596
1 0.6321058667571392 0.3394523135158342 0.08473016411300326 0.04096967112242377
1 0.9702460455395707 0.2204184816465515 0.059507908920858575 0.054109070231272274
1 0.5737355026667541 0.3868171433906459 0.15647620258759068 0.09178419486525968
1 0.3518360308701424 0.3827298019096263 0.10887831540114405 0.06457451237003568
0 0.7631323193164572 0.8195868998090714 0.47373536136708555 0.3491125732229788
1 0.8966932181357524 0.7065239067261145 0.06542857950283822 0.060736950053042166
1 0.8346561025988997 0.12367540895399307 0.08151323334464242 0.04426421761086009
1 0.6131905205989434 0.3229989744961007 0.24791537441812958 0.229459319499247
1 0.3868148603447079 0.33396981328242653 0.08817990001130908 0.04434179130065407
1 0.8017408694804387 0.94772629891792 0.07302646668928484 0.08748119040950239
0 0.781277808392706 0.5660596322512533 0.437444383214588 0.2451586503712942
1 0.7195926616724305 0.5051687024825255 0.08899471796611655 0.06767512463398741
1 0.4654286501526724 0.5798219562062573 0.14841270514125407 0.05170662117546575
1 0.04919049233900973 0.1194763775938912 0.08876191283617153 0.06100845796732064
1 0.6264444821243561 0.27282443369406445 0.1457777871977557 0.07166783433056878
1 0.49037568851416913 0.19604257415660906 0.14829630257628157 0.04837328784213241
1 0.5257513770283382 0.3973795526416517 0.45179900011309065 0.4384144100148336
1 0.6798413270339928 0.4172620244430587 0.0958941897627282 0.074419364990448
1 0.6762698782768973 0.2672426310206102 0.10221164873447738 0.06449693868024174
0 0.3357091066273036 0.8280982769361475 0.3424127334011878 0.26387868448969487
0 0.08897892838433344 0.6859103231911761 0.14280428214697416 0.36817935361764775