1 0.12666666666666668 0.5333333333333333 0.085 0.12333333333333334
1 0.125 0.3433333333333333 0.115 0.12
1 0.495 0.37833333333333335 0.10666666666666667 0.17666666666666667
1 0.555 0.6233333333333333 0.085 0.14
1 0.035 0.31 0.07 0.145
1 0.09833333333333333 0.19833333333333333 0.19666666666666666 0.39666666666666667
1 0.058333333333333334 0.20666666666666667 0.08166666666666667 0.125
1 0.155 0.17 0.08666666666666667 0.145
0 0.30833333333333335 0.49833333333333335 0.6166666666666667 0.9966666666666667
1 0.585 0.455 0.056666666666666664 0.12833333333333333
1 0.07833333333333334 0.08333333333333333 0.15666666666666668 0.16666666666666666
1 0.24833333333333332 0.07833333333333334 0.09833333333333333 0.095