1 0.5430549955311356 0.47986954531597176 0.15721464571231233 0.08779487766323921
1 0.3744568633001567 0.5865796968773145 0.11294979740802413 0.06653400643956994
1 0.45700014821992835 0.35219730757505296 0.058684949103735944 0.044982164933515874
1 0.6746621701673635 0.1522686478409894 0.07263929241770578 0.05870345864336277
1 0.5191598972143906 0.18182718226502353 0.09581737325587994 0.05604905596892815
1 0.3761235299668234 0.5865312018302503 0.0655068682655616 0.04850947845510594
1 0.6691187864343064 0.1407474663155153 0.05821919161825841 0.03498216493351587
1 0.29783590272616284 0.6972892875167933 0.020776262475795875 0.017248607231437063
1 0.8487354975422109 0.8080980737934689 0.020776262475795875 0.017248607231437063
1 0.9664797410498145 0.6845094403107186 0.038063939123099244 0.03106689103541233
1 0.683694139728913 0.16702617260566843 0.04775343413278089 0.024691194651130767
1 0.48905494612449285 0.3596092350141667 0.13279454491286496 0.063782613671007
1 0.8590825180000248 0.779425275130686 0.013643838323651684 0.007054627043180138
0 0.5666666666666667 0.49806019811743224 0.8666666666666667 0.9961203962348645
1 0.8846762031383433 0.9706069913267108 0.03713242415214419 0.01106689103541233