1 0.6467699480486385 0.5093434235119487 0.09595159307256608 0.1538030419060116
1 0.5786111653645873 0.5165590535450474 0.2332582787866007 0.19603844850648103
1 0.5741930008621946 0.5496886524905586 0.03116367099521464 0.06788907299359892
1 0.5593966432863571 0.5607441159937592 0.18174550649282176 0.10733443796159388
1 0.6060924017279041 0.5643123036134317 0.03765578701259907 0.05816071884402845
1 0.7343047177426524 0.9442698403837684 0.02771397056235969 0.06108658340171739
1 0.5325845177452887 0.5513241992587081 0.024380637229026357 0.0609507604765029
1 0.4814124112515881 0.5775522772512136 0.030698202597128747 0.041222406326932436
1 0.49641241125158814 0.5781634804146798 0.05742305281355603 0.04564232306198335
1 0.5093966432863571 0.5587067721155387 0.07812125541068478 0.08645726061327158
1 0.6279129627674587 0.47859639742326787 0.051570955843539726 0.09203734387822048
1 0.6713044796505526 0.4836954287843923 0.037830337661881305 0.06816071884402845
1 0.5364124112515882 0.5797933555172563 0.027132135064752372 0.02775325006838443
1 0.602613609520169 0.5558431473548836 0.023973352380701272 0.03761742714316957
0 0.5 0.5 1 1