1 0.32 0.14666666666666667 0.058333333333333334 0.07333333333333333
1 0.03166666666666667 0.6266666666666667 0.06 0.08333333333333333
1 0.715 0.4666666666666667 0.035 0.06333333333333334
1 0.2733333333333333 0.03666666666666667 0.02666666666666667 0.045
1 0.305 0.5033333333333333 0.043333333333333335 0.08333333333333333
1 0.275 0.43333333333333335 0.10833333333333334 0.305
1 0.023333333333333334 0.48833333333333334 0.04666666666666667 0.06333333333333334
1 0.4633333333333333 0.695 0.06333333333333334 0.08
1 0.10166666666666667 0.6583333333333333 0.03833333333333333 0.10333333333333333
1 0.041666666666666664 0.37333333333333335 0.03666666666666667 0.085
1 0.245 0.16333333333333333 0.04 0.035
1 0.315 0.2866666666666667 0.03333333333333333 0.04666666666666667
1 0.20333333333333334 0.445 0.023333333333333334 0.06
1 0.36833333333333335 0.2733333333333333 0.035 0.04666666666666667
1 0.14166666666666666 0.875 0.08166666666666667 0.065
1 0.5783333333333334 0.08333333333333333 0.06166666666666667 0.085
1 0.5233333333333333 0.665 0.02666666666666667 0.04
1 0.08666666666666667 0.515 0.03666666666666667 0.05
1 0.7666666666666667 0.5233333333333333 0.021666666666666667 0.03666666666666667
1 0.15 0.6 0.02666666666666667 0.045
1 0.3333333333333333 0.6583333333333333 0.055 0.04666666666666667
1 0.435 0.07833333333333334 0.028333333333333332 0.04666666666666667
1 0.10333333333333333 0.7766666666666666 0.028333333333333332 0.03333333333333333
1 0.25666666666666665 0.3883333333333333 0.07166666666666667 0.21333333333333335
1 0.6716666666666666 0.6916666666666667 0.043333333333333335 0.04666666666666667
1 0.8166666666666667 0.5983333333333334 0.04833333333333333 0.056666666666666664
1 0.43166666666666664 0.135 0.02666666666666667 0.05
1 0.21166666666666667 0.755 0.03 0.045
1 0.27 0.6366666666666667 0.04 0.06333333333333334
1 0.09333333333333334 0.3233333333333333 0.14 0.185
1 0.45666666666666667 0.016666666666666666 0.02666666666666667 0.03333333333333333
1 0.245 0.21333333333333335 0.04 0.06333333333333334
1 0.30333333333333334 0.3466666666666667 0.16666666666666666 0.485
0 0.49666666666666665 0.49666666666666665 0.9933333333333333 0.9933333333333333