1 0.3044797289544356 0.7612708915284452 0.04038785532073035 0.06783054779620747
1 0.578481001503555 0.5816025420961867 0.04701573645532411 0.06135786131779734
1 0.48002272640345817 0.8495122449200382 0.053682403121990775 0.061551841506054264
1 0.23195978058216218 0.6166895118855389 0.047035129221360515 0.06469119465113067
1 0.26571753234335116 0.11562262085012662 0.07715148581757963 0.08556410549828622
1 0.18374058142010022 0.06466554482293875 0.033585439291808065 0.0443032342746172
1 0.09618295872822759 0.20056911565067434 0.053740581420100186 0.07155184150605418
1 0.6178022546922768 0.46377199429997934 0.016821808794958884 0.0271516171373086
1 0.07539755170374861 0.06615105621544463 0.023507868227662005 0.030678930658898717
1 0.24398299099555668 0.10458638979529446 0.030252105958474735 0.04420624418048881
1 0.5702166540638233 0.8802268457119051 0.02354665375973506 0.037345597325565145
1 0.5329089149054776 0.4845785750335866 0.033585439291808065 0.0443032342746172
1 0.6463015377493944 0.7779960735469522 0.02017453489432872 0.030581940564770396
1 0.6546143671042174 0.4877051032645671 0.04358543929180807 0.0445942045570024
1 0.6943331719966879 0.43820788880169315 0.05040724808676676 0.0714548514119258
1 0.5280737534167881 0.5130573935081124 0.08060117574713198 0.10566109559241454
1 0.509082177250687 0.6869726674062161 0.09428357886912275 0.1660490559689282
1 0.8609513567482632 0.4250250507619405 0.0269187726251414 0.04410925408636047
1 0.18216229341307175 0.36642920158373377 0.023507868227662005 0.03067893065889867
1 0.5174617700741638 0.12163320207676677 0.01680241602892238 0.023818283803975267
1 0.35543744844829545 0.3513857166890577 0.1884508011420263 0.3120981119378563
1 0.829226511783487 0.41594645665616015 0.0269187726251414 0.04410925408636047
1 0.713180413629989 0.5260077766173205 0.020193927660365225 0.03391527389810373
1 0.15885804922879315 0.3721081322426325 0.016841201560995292 0.030484950470641935
1 0.492054521987397 0.05236062778272968 0.03023271319243823 0.040872910847155476
1 0.9234045416518829 0.8449458957342962 0.08755873390434621 0.15585507578067145
1 0.10958416674268873 0.21184782194082746 0.02352726099369851 0.03401226399223205
1 0.30905197688915836 0.40107691134018847 0.0269187726251414 0.04410925408636047
1 0.4781114277363872 0.23446374987297408 0.0637987597182098 0.08184281178843937
1 0.5548179911476009 0.5256148060884187 0.023527260993698368 0.034012263992232006
1 0.7025986306488934 0.42629874689970554 0.0269187726251414 0.04410925408636047
1 0.5026944832666022 0.16206965750034452 0.046938165391177906 0.0480245279844641
1 0.5672678424137988 0.08684501733150764 0.023585439291808067 0.04401226399223203
1 0.006978062135724817 0.3398545148588074 0.010426640852803391 0.07362430361571853
1 0.8351551421282921 0.014979360324196106 0.06364361758991757 0.029958720648392213
1 0.9601756461068025 0.28878201460475555 0.050426640852803455 0.07478818474525914
1 0.7565137469633223 0.5247469053936513 0.0269187726251414 0.044109254086360274
1 0.43835494852431756 0.5640094593829122 0.016783023262885687 0.020484950470641933
1 0.6767550453263048 0.2820261726056684 0.19812112411940538 0.2557224155535747
1 0.9007951034074972 0.11047934125200233 0.07722905688172584 0.09889743883161956
1 0.463034967884715 0.5082820336769494 0.016821808794958693 0.0271516171373086
1 0.8879283076715141 0.4775824633422467 0.016841201560995007 0.030484950470641935
1 0.7663015377493944 0.7745044301583304 0.10839262284391679 0.2997703496787748
1 0.573820374909194 0.6400813605707126 0.02348847546162555 0.027345597325565525
1 0.7626191346274038 0.7146014202524588 0.0776750905005656 0.17556410549828627
1 0.6228302326288578 0.18191134744505594 0.037073914753433426 0.07106689103541224
1 0.4954870415758607 0.6423606277827296 0.03703512922136042 0.06440022436874566
1 0.9828712405858785 0.7515334073733186 0.026938165391178093 0.0474425874196938
1 0.6679477004375507 0.48731714288805356 0.016841201560995386 0.030484950470641935
1 0.6958047997905156 0.11811089870756476 0.03709330751947012 0.07440022436874556
1 0.08368351433446453 0.34429040936052124 0.16488475461625476 0.27141918127895753
1 0.5437416926325741 0.3409057763708039 0.016783023262885687 0.020484950470641933
1 0.44023493561738597 0.6006276310025147 0.016821808794958884 0.0271516171373086
1 0.6412131590897563 0.476426396974414 0.07042664085280345 0.07537012531002953
1 0.02376108539861059 0.3593695643881655 0.023566046525771545 0.04067893065889867
1 0.6454687600222979 0.9213779019273499 0.02348847546162536 0.027345597325565147
1 0.9496445674657461 0.7708366416479357 0.02017453489432872 0.030581940564770396
1 0.5167442377308127 0.006010581226640161 0.026821808794958695 0.012021162453280321
1 0.08402288774010358 0.40262374269385454 0.1641672222729036 0.1480858479456242
1 0.7723271319243821 0.37759528825634275 0.0907757106414607 0.13595206587479974
1 0.9272398644772177 0.35808524887937276 0.02017453489432872 0.030581940564770302
1 0.49434397959217996 0.7324091228297939 0.04036846255469376 0.06449721446287393
1 0.5744118542733079 0.7417480272373793 0.050426640852803455 0.07478818474525914
1 0.6445755815721442 0.4813294068802855 0.020135749362255713 0.02391527389810373
1 0.8577343800111491 0.4451220408560689 0.08067874681127819 0.11899442892574787
1 0.7619985661142351 0.6079347535857921 0.03017453489432872 0.030872910847155405
1 0.2805914793641138 0.0935194987598822 0.03021332042640173 0.03753957751382217
1 0.8442556009325418 0.4205100012325824 0.05372118865406359 0.06821850817272093
1 0.08612478043011802 0.19086008593305948 0.033585439291808065 0.0443032342746172
1 0.5046240634872357 0.4937363241670112 0.02017453489432872 0.030581940564770396
1 0.26245207369114565 0.12738627761092167 0.030252105958474735 0.04420624418048883
1 0.9057272287263693 0.09866718944414309 0.026957558157214408 0.05077592075302709
1 0.5465525324953953 0.5375239479904064 0.11763630496849259 0.1700613199611602
1 0.7427537727771856 0.46445873972058604 0.2655075455543711 0.9289174794411721
0 0.5 0.5 1 1