1 0.7287301923729369 0.23324181398399937 0.13694181284748064 0.10643670111407422
1 0.4301905347289103 0.4253407677824441 0.5725714770170292 0.3730341446791116
1 0.6180635680961708 0.5510736370839254 0.07899471796611654 0.06845110314059259
1 0.37259795783628086 0.5434427420477035 0.08899471796611655 0.06868385572414809
1 0.6967725192938391 0.22564553049859198 0.07209524616950488 0.061629268084889
1 0.3666667373165009 0.5168924516728146 0.10419049233900977 0.12232752583555566
1 0.7526455385311327 0.24936539128903643 0.08507937180792075 0.05193960486296305
1 0.18534396805093453 0.38767108064896283 0.07601059232770065 0.07837351894607422
1 0.37395244756508184 0.48669849118651826 0.05887831540114405 0.06465226464014828
1 0.7324762449774912 0.3882806060812587 0.020465610259889976 0.013798838500444504
1 0.5083704347402193 0.46688966464185144 0.23237039235031867 0.16860905856059274
1 0.7464815128814078 0.21614843424748084 0.054962969242948245 0.04790801377896306
1 0.7692540039153132 0.24731080364977714 0.05128042821469743 0.0378304295844445
0 0.5 0.5 1 1