1 0.47333333333333333 0.492620188713821 0.20333333333333334 0.11828519843809678
1 0.2683333333333333 0.1309337454797835 0.16666666666666666 0.08345781292740174
1 0.8116666666666666 0.4180728822897799 0.1 0.07074135442310772
1 0.5733333333333334 0.19836154313692872 0.056666666666666664 0.035642323061983255
1 0.98 0.5965986066797889 0.04 0.03496320843590979
1 0.2 0.17148270884621544 0.023333333333333334 0.017617427143169568
1 0.035 0.2697594740480877 0.07 0.1128522814295087
1 0.26166666666666666 0.13899543296268743 0.08333333333333333 0.05006223979703421
1 0.755 0.7424305592277967 0.02666666666666667 0.01775325006838443
1 0.035 0.21975947404808768 0.07 0.21951894809617536
1 0.5733333333333334 0.4066948764702621 0.43666666666666665 0.30779280320312596
1 0.22333333333333333 0.12243346932271836 0.07 0.04951894809617542
0 0.5 0.4237067721155386 1 0.8474135442310772
1 0.8166666666666667 0.588276616677602 0.13 0.14196376075004005
1 0.9316666666666666 0.6729625075975091 0.09 0.15366721898079694
1 0.9883333333333333 0.7219381639928257 0.023333333333333334 0.05761742714316957