1 0.5335026975368091 0.37456353232177736 0.07128042821469743 0.03829593475155567
1 0.47722226932211165 0.3391770048646663 0.08496296924294824 0.048606271529629715
1 0.557894203892695 0.665493149140518 0.88421159221461 0.6642034816588155
1 0.20220647974032863 0.9660819981768147 0.07876191283617155 0.06178443647392593
1 0.9369630540227494 0.6554085973685918 0.04473016411300326 0.04100859452874071
1 0.48158736550858017 0.4641770048646663 0.12612699489267318 0.08287061519718521
1 0.4483757450340365 0.611735889768296 0.6519154026780631 0.4514852478197042
1 0.8593175154916165 0.3903324066895549 0.21512171285878973 0.15155447092133356
1 0.5687989435932234 0.007669687133481279 0.16426455385311328 0.015339374266962557
1 0.8431270796724741 0.690953080245703 0.09519577437289324 0.055505690779851874
1 0.444804296276941 0.4616970976710367 0.048063497446336596 0.04108617872325946
0 0.5 0.5 1 1