1 0.46166666666666667 0.24333333333333335 0.10333333333333333 0.15666666666666668
1 0.14666666666666667 0.715 0.05333333333333334 0.075
1 0.59 0.625 0.07833333333333334 0.145
1 0.49666666666666665 0.44666666666666666 0.058333333333333334 0.08
1 0.20666666666666667 0.13666666666666666 0.021666666666666667 0.08
1 0.505 0.7733333333333333 0.16 0.195
1 0.555 0.42 0.035 0.055
1 0.4266666666666667 0.5833333333333334 0.02666666666666667 0.043333333333333335
1 0.26 0.44166666666666665 0.07 0.20333333333333334
1 0.125 0.10166666666666667 0.021666666666666667 0.04666666666666667
1 0.5383333333333333 0.9733333333333334 0.03833333333333333 0.04666666666666667
1 0.4766666666666667 0.98 0.03666666666666667 0.035
1 0.38 0.8333333333333334 0.028333333333333332 0.03666666666666667
1 0.44333333333333336 0.7 0.04 0.05
1 0.51 0.4033333333333333 0.03833333333333333 0.05333333333333334
1 0.30666666666666664 0.38333333333333336 0.055 0.055
1 0.575 0.7533333333333333 0.018333333333333333 0.05
1 0.42333333333333334 0.43 0.02666666666666667 0.05
1 0.30666666666666664 0.2966666666666667 0.06166666666666667 0.05
1 0.6433333333333333 0.225 0.03666666666666667 0.045
1 0.4483333333333333 0.4066666666666667 0.021666666666666667 0.045
1 0.435 0.42 0.04833333333333333 0.07
1 0.625 0.5266666666666666 0.02666666666666667 0.045
1 0.305 0.07333333333333333 0.015 0.025
1 0.3616666666666667 0.48 0.011666666666666667 0.025
1 0.4583333333333333 0.7516666666666667 0.04 0.056666666666666664
1 0.59 0.835 0.016666666666666666 0.035
1 0.13166666666666665 0.6966666666666667 0.023333333333333334 0.04
1 0.27166666666666667 0.04833333333333333 0.013333333333333334 0.02666666666666667
1 0.028333333333333332 0.9016666666666666 0.056666666666666664 0.17333333333333334
1 0.6283333333333333 0.4483333333333333 0.013333333333333334 0.016666666666666666
1 0.6916666666666667 0.865 0.018333333333333333 0.02
1 0.54 0.765 0.04 0.08
1 0.6683333333333333 0.5183333333333333 0.018333333333333333 0.02666666666666667
1 0.6966666666666667 0.895 0.021666666666666667 0.035
1 0.61 0.6016666666666667 0.12 0.19333333333333333
1 0.5083333333333333 0.9733333333333334 0.1 0.04666666666666667
1 0.4216666666666667 0.21166666666666667 0.023333333333333334 0.03666666666666667
1 0.505 0.23 0.013333333333333334 0.04
1 0.49166666666666664 0.43166666666666664 0.16333333333333333 0.11333333333333333
1 0.6166666666666667 0.43 0.035 0.055
1 0.4866666666666667 0.8166666666666667 0.06333333333333334 0.105
1 0.285 0.30666666666666664 0.016666666666666666 0.03333333333333333
1 0.6183333333333333 0.5666666666666667 0.023333333333333334 0.03
1 0.6066666666666667 0.41333333333333333 0.015 0.016666666666666666
1 0.6666666666666666 0.5233333333333333 0.013333333333333334 0.02
1 0.6383333333333333 0.5483333333333333 0.06 0.08666666666666667
1 0.5866666666666667 0.5816666666666667 0.04 0.056666666666666664
1 0.45 0.5783333333333334 0.45166666666666666 0.8366666666666667
1 0.2833333333333333 0.4083333333333333 0.11666666666666667 0.2733333333333333
1 0.6383333333333333 0.5733333333333334 0.06 0.043333333333333335
1 0.005 0.43166666666666664 0.008333333333333333 0.25666666666666665
1 0.27 0.38666666666666666 0.05 0.09
1 0.43666666666666665 0.0033333333333333335 0.016666666666666666 0.005
1 0.5266666666666666 0.9666666666666667 0.015 0.035
1 0.40166666666666667 0.31333333333333335 0.02666666666666667 0.03333333333333333
0 0.3983333333333333 0.49833333333333335 0.7966666666666666 0.9966666666666667