1 0.815659376363248 0.09937900678234524 0.1412799658815993 0.11733708909962576
1 0.8074641323148584 0.39710091602404307 0.2218617685550536 0.171529711442269
1 0.7387429305325556 0.36018638443970197 0.06740361671970883 0.06682718528553608
1 0.25255993176319863 0.23310194482076027 0.1383732878421324 0.1538290631686823
1 0.1277344725652349 0.24155097241038018 0.12775269832378125 0.09997165204251852
1 0.4159925675365786 0.5364871895060469 0.14786905885847204 0.11101980762817941
1 0.4038992455760455 0.4992090987477447 0.02015514737958777 0.014381488918994212
1 0.6417295175896207 0.6116122731780645 0.03352726755781797 0.018413592642768133
1 0.274341791300654 0.10099145967069792 0.548683582601308 0.20198291934139584
1 0.3445357255251387 0.12132667088717748 0.036976961425842204 0.028588285240378184
1 0.5477162468066886 0.40514156007711905 0.18523388873328372 0.17294142620189082
1 0.8924459065563122 0.5431348976309632 0.020232721069381416 0.02104815558566088
1 0.8898689166984691 0.607960205033353 0.040232721069381416 0.02209631117132176
1 0.801458009675342 0.5966641845300177 0.03360484124761191 0.025080259309434798
1 0.5406640470188567 0.6579508156176219 0.026860600891151307 0.018064207447547838
1 0.4039585935072931 0.647455085782273 0.020116360534690802 0.01104815558566088
1 0.4348084011033196 0.2926226913905128 0.2331805212815497 0.2853871225684328
1 0.6236071765754162 0.34249282315548557 0.17845086153192635 0.16259204100667063
1 0.5485877831529677 0.33689557304259077 0.026860600891151307 0.018064207447547744
1 0.36407378637808174 0.5121127875764231 0.2519005553999506 0.17643527815409357
0 0.5 0.3612038896415206 1 0.7224077792830412
1 0.9998084011033196 0.6038997533520978 0.00038319779336082625 0.023682718528553626
1 0.7871755663059354 0.6575447345074389 0.0402327210693818 0.02209631117132176
1 0.23188466496920843 0.603458417005351 0.02689938773604837 0.021397540780881172