0 0.5 0.5 1 1
1 0.23377259336623088 0.47717344761754116 0.1489587587927797 0.19583522597304448
1 0.5139180785074234 0.48706086579744207 0.23458418425222607 0.39056496450063527
1 0.8123562166965931 0.7821228346266252 0.135528435365318 0.19226915844066828
1 0.5210390356641519 0.44553965800517725 0.06223077216495274 0.0777139705623597
1 0.11899222338267963 0.7117164147179414 0.044788184745259134 0.05075638614688956
1 0.3117871010459188 0.8683371186127556 0.02067893065889867 0.0236824346318978
1 0.8384637880173615 0.5343713367908992 0.06957636949051826 0.10116367099521445
1 0.837044606738404 0.37109618700732655 0.06310368301210853 0.10771397056235969
1 0.8999236495816755 0.4138392493445666 0.09643701634544186 0.10829580605996701
1 0.8629046926714634 0.2865907471802927 0.05527313521590107 0.06759760346283826