1 0.47333333333333333 0.465 0.08666666666666667 0.19
1 0.11333333333333333 0.30333333333333334 0.06 0.15333333333333332
1 0.42333333333333334 0.7966666666666666 0.055 0.09
1 0.19666666666666666 0.59 0.02666666666666667 0.05
1 0.6066666666666667 0.9433333333333334 0.028333333333333332 0.03666666666666667
1 0.14666666666666667 0.23333333333333334 0.013333333333333334 0.023333333333333334
1 0.23166666666666666 0.04666666666666667 0.09666666666666666 0.09333333333333334
1 0.12 0.2966666666666667 0.04 0.07666666666666666
1 0.7316666666666667 0.7116666666666667 0.015 0.02666666666666667
1 0.18 0.04666666666666667 0.2 0.09333333333333334
1 0.39666666666666667 0.5683333333333334 0.24 0.39666666666666667
1 0.10333333333333333 0.26 0.03833333333333333 0.065
0 0.375 0.49833333333333335 0.75 0.9966666666666667
1 0.5883333333333334 0.785 0.12166666666666667 0.11166666666666666
1 0.6766666666666666 0.8883333333333333 0.13666666666666666 0.07333333333333333
1 0.6633333333333333 0.9833333333333333 0.04833333333333333 0.03166666666666667
1 0.73 0.9616666666666667 0.051666666666666666 0.055