1 0.22951365958038214 0.206980482167924 0.12313029277824171 0.12672798662782686
1 0.2491665768115226 0.581980482167924 0.10400375576629245 0.14281271272972315
1 0.39685305110636865 0.7245735648811984 0.1767988373280546 0.19818283803975267
1 0.18216469892837636 0.5138232939563634 0.05752595567597666 0.08155184150605427
1 0.5184442430266103 0.273687829119947 0.10768647429484607 0.14957636949051828
1 0.33562081350736656 0.35245260772446996 0.056477800090315784 0.06155184150605417
1 0.10209861359768238 0.41933890440758537 0.053319159354592596 0.06478818474525913
1 0.6514469699961855 0.964208449723557 0.041921618573711614 0.03783054779620746
1 0.49709152660831196 0.43956073996710243 0.028588285240378278 0.0374425874196938
1 0.7826179068275032 0.8235166941505624 0.032620388964152196 0.0508729108471554
1 0.562311043568505 0.6329604034139842 0.12049572983534897 0.13996432986703175
1 0.5166641845300177 0.7811789115867049 0.06208213719258083 0.10498216493351606
1 0.36208443961894166 0.4752040004930331 0.07049572983534896 0.13850947845510594
1 0.45490308457517564 0.8130217233751443 0.05016051861886941 0.06802452798446401
1 0.31550511925108005 0.47822852847749703 0.04314446675698245 0.061163881129540604
1 0.7592703995154292 0.8876259482369229 0.05296977415937249 0.05812151807859247
1 0.5207577687317642 0.12673019217089515 0.05314446675698245 0.061454851411925804
1 0.686000849086429 0.6043232748841696 0.0701605186188694 0.0686064685492344
1 0.2674644751980041 0.7400228452188722 0.06857411126163744 0.10184281178843928
1 0.3563785822391307 0.4937313140146231 0.05506608533069406 0.09812151807859247
1 0.15977800090315805 0.5962658813760572 0.0527950815617622 0.054788184745259136
1 0.5805405541979318 0.31194200742563605 0.05366854454981289 0.0714548514119258
1 0.22034690305857135 0.796477696630798 0.03946174822842892 0.05440022436874566
1 0.7177784254463726 0.892171657746861 0.018238900045157987 0.030484950470641935
1 0.5952312088022848 0.9107602912296113 0.03157223337849132 0.030872910847155405
1 0.4709418507451054 0.4820518224338604 0.0350802593094348 0.0343032342746172
1 0.2019403974051737 0.7319141520543758 0.06682718528553608 0.06850947845510594
1 0.29762499381687346 0.8059135911325118 0.032271003768931716 0.04420624418048874
1 0.40340402351674876 0.8495735648811985 0.06436731494025348 0.08507915502764433
1 0.3384842828261835 0.8848467000970995 0.05752595567597666 0.08155184150605427
1 0.07223078425907033 0.6138361188704594 0.09904149313950499 0.36566109559241455
1 0.25775255962554006 0.23620456141489693 0.039287055630818676 0.05106689103541224
1 0.2631348976309632 0.8803623105483215 0.049811133423649116 0.06135786131779734
1 0.4900329528102029 0.6233790237710777 0.06085928900930981 0.08164883160018253
1 0.2576675157530957 0.6167865019796672 0.04612841489509549 0.05459420455700221
1 0.2131680301514543 0.34099274616015607 0.028238900045157892 0.030775920753027132
1 0.7481136366628521 0.961395736993834 0.04858828524037828 0.038024527984464006
1 0.7695962213161776 0.60689852253096 0.07700187788314622 0.07213378207082446
1 0.6552478649176745 0.054943690191227905 0.15611424091635476 0.10988738038245581
1 0.5091736638008929 0.542700093112179 0.054192622342643326 0.08145485141192581
1 0.5843767043559845 0.4169905024727002 0.09944757424968809 0.11938238930226154
1 0.34515573405585975 0.47068895096367497 0.1213691928233997 0.1566309965336984
1 0.9196010058791872 0.1885701993500147 0.04331915935459241 0.06449721446287393
1 0.3678328189349747 0.2663857166890577 0.028588285240378184 0.0374425874196938
1 0.3484725909840916 0.15177367706557127 0.02560433710226505 0.04401226399223205
1 0.06488660817007422 0.5055512805841902 0.08365437057107215 0.13556410549828626
1 0.453170332577815 0.7162580666143492 0.04068459641169985 0.077733557702079
1 0.8576297783798831 0.37565548637377505 0.1041784483639026 0.14614604606305648
1 0.4636141510612107 0.6925852679515665 0.37866375998680324 0.4936142833109422
1 0.3068459641169982 0.7589074591363957 0.06401792974503318 0.07841248836097747
1 0.5098653472019631 0.5877485881592432 0.258720455901766 0.23717726696550054
1 0.46346071943171163 0.5941064494770406 0.1478611668924562 0.1540735839533922
1 0.5529885529908345 0.7417301921708952 0.024905566711824652 0.03067893065889867
1 0.37507547474642505 0.4364342117361219 0.03595372229748534 0.05096990094128387
1 0.28914301341705073 0.293713478948139 0.035429644504654904 0.04096990094128387
1 0.6277242116680586 0.3522993078215695 0.05314446675698245 0.061454851411925804
1 0.27233000211025543 0.16400444923052415 0.043668544549812886 0.07116388112954065
1 0.2951580364822205 0.8543924096070377 0.032271003768931716 0.04420624418048874
1 0.35814907160970394 0.8141677694382008 0.07576485572113455 0.11203679197669619
1 0.7676108198381327 0.855668311287871 0.07330498537585185 0.1286064685492344
1 0.4541665768115225 0.5760155913790282 0.07173275199736054 0.0986064685492344
1 0.7167963551914057 0.9689838095547202 0.06455618151660436 0.025176145121772606
1 0.5782718528553608 0.6508572813237397 0.07208213719258083 0.10527313521590106
0 0.5 0.5 1 1