1 0.7303307882350947 0.36028547983563025 0.11720966411568914 0.0960487801414816
1 0.3059890310678624 0.17709895379844467 0.15728723517983514 0.11031312380903718
1 0.42763741618096646 0.4632253181344448 0.16742298454209087 0.1338792097259261
1 0.10026402476644072 0.6205832749743704 0.19075631787542421 0.13442229908755585
1 0.18225925724325434 0.39252287983733347 0.19095024553578938 0.16775563242088898
1 0.9818035272413962 0.7011430865217786 0.03639294551720771 0.11759767700088901
1 0.1061258916425919 0.48240511003007414 0.10399268737857495 0.11573844336340755
1 0.3920869447738734 0.9406664332308151 0.13038785532073036 0.0696924502528888
1 0.5343148904431252 0.7540025535951116 0.17715148581757964 0.08744529564281493
1 0.5404299744902249 0.940042972643704 0.20407025844272084 0.11991405471259213
1 0.7362627522173214 0.8070297306968155 0.18726784241379865 0.10767804822637042
1 0.4519791733481987 0.6371017408294077 0.09699634368928742 0.05891660830770377
1 0.6894775065294879 0.2126878028347413 0.11713209305154312 0.08271544680814823
1 0.16727865000929085 0.3955070842953335 0.12405086567668448 0.12620394853051853
1 0.6048955622117469 0.5690039471105931 0.16368240312199078 0.06380162553140754
1 0.8833538373118438 0.31052101945014887 0.03346908269558905 0.024109175278518555
1 0.9156119833426241 0.8412580692980748 0.1687760333147518 0.07736771144829656
1 0.9730435530552594 0.2592824593688156 0.023527260993698746 0.033876422694962965
1 0.8962228554727745 0.5174592307976303 0.07036846255469376 0.06496260141822215
1 0.6411463956211023 0.7848185811530376 0.3876169122024561 0.17233309989748175
1 0.9728690181609306 0.4809491260354823 0.05426196367813873 0.09131893130681495
1 0.7796628490193087 0.5330771173228155 0.17044603361883995 0.08062346058711133
1 0.7288494640582488 0.678541228974445 0.16715148581757963 0.08721254305925943
1 0.08374280384504793 0.6451953540017779 0.14711270028550658 0.0800803712254816
0 0.5000581782981095 0.51 0.999883643403781 0.98