1 0.5633333333333334 0.17333333333333334 0.02666666666666667 0.03
1 0.2816666666666667 0.5533333333333333 0.08833333333333333 0.19666666666666666
1 0.31 0.24333333333333335 0.05 0.08333333333333333
1 0.37166666666666665 0.09833333333333333 0.023333333333333334 0.04666666666666667
1 0.835 0.42333333333333334 0.09 0.13333333333333333
1 0.43666666666666665 0.6333333333333333 0.12333333333333334 0.15666666666666668
1 0.83 0.41333333333333333 0.016666666666666666 0.03333333333333333
1 0.7183333333333334 0.22333333333333333 0.02666666666666667 0.03333333333333333
1 0.5566666666666666 0.16833333333333333 0.011666666666666667 0.016666666666666666
1 0.8833333333333333 0.24166666666666667 0.03 0.05333333333333334
1 0.885 0.23666666666666666 0.018333333333333333 0.03666666666666667
1 0.33166666666666667 0.03 0.05 0.06
1 0.5683333333333334 0.16666666666666666 0.011666666666666667 0.02
0 0.5 0.4766666666666667 1 0.9516666666666667
1 0.8166666666666667 0.8216666666666667 0.08166666666666667 0.10666666666666667
1 0.8566666666666667 0.7 0.06333333333333334 0.095
1 0.43666666666666665 0.5166666666666667 0.095 0.09833333333333333
1 0.6633333333333333 0.06 0.08 0.10833333333333334
1 0.7783333333333333 0.03666666666666667 0.03 0.05333333333333334
1 0.9233333333333333 0.17 0.035 0.05333333333333334