1 0.5213922592455857 0.450383197793361 0.06740802108977428 0.10073695005304216
1 0.5545813364174799 0.8214874552090219 0.390656427963781 0.3477162468066886
1 0.01940014016768012 0.41302303857415773 0.03880028033536024 0.1139539228516845
1 0.057167643662132395 0.8456000284320006 0.0284323646944578 0.04364362809250906
1 0.6313470344452711 0.7772814178655072 0.08808713571584785 0.11763633778909044
1 0.5006084415928147 0.42896864561852444 0.12413692755347522 0.18469087290472658
1 0.36326266030007454 0.44722557292596604 0.042308989728649916 0.05713210880543007
1 0.5435683361439428 0.9282316955654824 0.09169211489961071 0.12434179130065406
1 0.010370751473689014 0.8977903175047762 0.02074150294737803 0.03356605440271475
1 0.38962088955222157 0.41360133825590556 0.024555739660265582 0.030271507914278573
1 0.07668368166338609 0.6656582086993459 0.15336736332677217 0.3553502492679748
1 0.9119950291728274 0.799003929471715 0.03176569802779113 0.043682414937405836
1 0.6560385970307514 0.7436765766178952 0.15747026088680854 0.18507874135369604
1 0.3333192284315356 0.28265222821983244 0.020950760476502902 0.023566054402715034
1 0.3150340299934388 0.48610192208785663 0.03897565639531659 0.0570933219605331
1 0.6923968262828984 0.7099359814131438 0.07475380238251451 0.11748119040950257
1 0.77227234668883 0.8755941901124898 0.03550650013676848 0.053721201782302615
1 0.3739672231590921 0.3071673926586206 0.021086583401717575 0.02689938773604837
1 0.45466059121123353 0.9842401535328031 0.0774816042179549 0.020892097432630027
1 0.520645233156905 0.46871653112669426 0.1711374798676055 0.2751951018883869
0 0.5 0.5 1 1