1 0.48833333333333334 0.5033333333333333 0.12333333333333334 0.19
1 0.7916666666666666 0.7716666666666666 0.02 0.02666666666666667
1 0.605 0.94 0.023333333333333334 0.06
1 0.4633333333333333 0.9666666666666667 0.018333333333333333 0.03
1 0.3983333333333333 0.835 0.018333333333333333 0.05
1 0.2916666666666667 0.955 0.023333333333333334 0.035
1 0.7466666666666667 0.6833333333333333 0.043333333333333335 0.03333333333333333
1 0.23 0.5466666666666666 0.06833333333333333 0.25
1 0.31 0.8433333333333334 0.015 0.045
1 0.95 0.835 0.013333333333333334 0.015
1 0.6316666666666667 0.7833333333333333 0.016666666666666666 0.02
1 0.065 0.9833333333333333 0.016666666666666666 0.02666666666666667
1 0.6033333333333334 0.955 0.018333333333333333 0.025
1 0.006666666666666667 0.5983333333333334 0.013333333333333334 0.02666666666666667
0 0.5 0.5 1 1